0
0
0
0.0895966
1.1077
2.69388
2.93225
3.80984
4.162
5.00141
5.00213
5.00251
5.82786
7.35277
8.38854
8.69498
8.69535
9.01485
9.01493
9.94225
10.0193
10.3793
10.8302
10.8308
10.9291
11.0018
11.3
11.5531
11.8859
12.8295
12.8299
13.8034
14.6526
15.1835
16.0803
16.6088
18.1027
18.2562
19.1503
19.1504
19.4227
20.1009
20.101
20.541
20.8302
20.8304
20.8305
20.8306
20.8748
20.8751
20.8845
20.8846
20.9932
21.0122
21.0209
22.6406
23.7239
23.724
28.9769
29.6103
30.2714
30.5862
31.2067
31.2075
31.2368
31.2793
31.4241
32.7138
32.9287
33.8425
34.7543
34.9114
35.2332
35.2562
35.2565
36.1268
37.0349
37.0372
37.0442
37.0857
39.2434
39.2435
40.0361
40.0518
40.1229
40.1233
40.5528
40.7123
40.8896
40.956
40.9767
41.0733
41.5955
41.636
41.6417
41.6918
42.4234
42.9613
43.0045
43.5476
43.6128
43.9
44.3909
46.0501
46.052
46.0569
46.0674
47.013
47.1522
47.1714
47.1887
47.1889
47.2125
47.2842
47.2843
47.2844
49.1097
49.2561
49.2563
49.2575
49.6042
49.6449
49.6589
49.6589
49.6592
49.6735
49.902
49.9465
50.5002
50.89
54.7415
55.2833
55.8467
56.2242
56.6422
56.7959
56.9024
57.1604
57.2518
57.6311
57.7582
59.13
59.3463
59.5436
60.3604
60.9699
60.9987
61.4774
61.6436
61.6437
62.192
62.1928
67.63
67.7479
67.7821
68.1157
68.1443
68.2226
68.4757
68.4759
69.5319
69.6581
70.8665
71.3988
71.627
71.6273
71.6666
71.6956
72.1
72.1
72.1
72.1
72.1
72.1119
72.1122
73.0974
73.1325
73.1557
73.1558
73.1912
73.2642
73.2643
73.3367
73.3662
73.39
73.7633
73.7648
73.7893
74.1115
74.1499
74.1843
74.2664
74.2679
74.7133
74.943
75.2498
75.2499
75.4186
75.613
75.7446
76.0375
76.0457
76.2495
76.5635
76.9652
77.6101
77.8541
77.8841
77.9003
78.0284
78.1165
78.1165
78.13
78.1863
78.2
78.2229
80.1359
80.1643
80.1727
80.2281
80.2499
80.5418
80.5418
80.544
80.5441
80.56
80.56
80.5658
80.5824
80.78
80.78
80.78
80.8893
81.1484
81.2339
81.3473
81.5107
81.8045
81.8773
81.8827
81.91
82.2197
83.0917
83.3597
83.828
83.8644
83.878
83.9411
84.5362
85.4031
85.8091
86.1153
86.1302
86.4282
86.9728
87.6319
87.6876
87.7698
87.9676
87.9682
88.21
88.21
88.21
88.2942
88.6328
88.7721
89.1402
89.4282
89.7576
89.7641
89.7644
89.7648
89.7663
90.11
90.11
90.11
90.11
90.2436
90.3617
90.6293
90.6507
90.7161
90.7842
90.8249
90.9344
90.9628
90.9628
90.9628
91.0584
91.0831
91.1875
91.1876
91.209
91.4036
91.6109
91.6111
91.617
91.7946
91.7947
91.7949
91.9029
91.9501
92.1752
92.2819
92.3961
92.4164
92.58
92.58
92.8119
93.2619
93.2717
93.2719
93.2824
93.3216
93.325
93.334
93.3368
93.3455
93.3473
93.3593
93.3618
93.3639
93.3639
93.4819
93.6242
94.1105
94.4521
94.7047
98.4332
98.6654
99.448
99.536
99.6501
99.6501
99.6506
99.7091
99.7915
99.7974
99.8894
99.916
100.12
100.12
100.254
100.329
100.5
100.5
100.64
100.667
100.678
100.816
100.824
100.856
100.861
100.919
100.93
100.93
101.221
101.696
101.752
101.752
101.98
102.042
102.225
102.227
102.227
102.316
102.316
102.629
103.695
104.493
104.592
104.626
104.705
105.877
106.405
106.417
106.417
106.448
106.452
107.101
107.212
107.26
107.37
107.371
107.391
107.463
108.078
108.182
109.988
109.988
110.425
110.514
110.762
111.696
111.738
111.902
111.902
112.195
112.242
112.394
113.315
113.579
113.621
114.055
114.055
114.055
114.92
116.07
116.268
116.664
117.063
117.376
117.491
117.548
117.58
117.75
117.75
117.75
117.75
117.762
117.979
118.031
118.119
118.124
118.269
118.617
118.617
118.633
118.687
118.749
118.749
118.837
118.867
119.017
119.242
119.302
119.543
119.543
119.59
119.669
119.83
119.83
119.83
119.83
119.83
119.832
119.923
119.946
120.773
120.774
120.891
120.898
121.463
121.902
122.867
122.868
122.894
122.895
124.148
124.637
124.909
124.909
124.909
124.981
125.631
126.116
126.156
126.93
127.483
127.489
127.509
127.509
127.509
127.515
127.52
127.554
127.576
127.625
128.144
128.699
128.883
129.932
129.94
130.153
130.154
130.193
130.401
130.456
130.469
130.472
130.472
130.473
130.538
130.652
130.706
130.868
131.431
131.645
131.645
132.064
132.097
132.176
132.814
135.425
135.497
137.457
137.537
138.465
139.364
139.599
142.876
143.59
143.59
144.715
144.722
144.75
144.82
144.82
144.918
145.327
145.504
145.743
145.75
146.018
146.124
146.464
146.56
146.612
146.976
146.983
146.988
146.988
147.229
147.288
147.289
147.289
147.458
147.458
147.767
147.774
147.775
147.858
147.864
148.043
148.358
148.396
148.475
148.872
149.182
149.685
149.901
152.388
152.461
152.876
152.911
152.955
153.129
153.187
153.333
153.334
153.563
153.666
153.707
154.723
155.234
155.307
156.677
157.656
157.656
157.656
157.686
157.686
157.742
157.742
157.988
158.349
158.381
158.496
158.772
158.94
158.97
158.97
159.336
159.711
160.116
160.38
160.594
161.118
161.224
161.224
161.379
162.76
163.644
163.905
163.905
163.928
164.253
164.928
165.738
165.926
166.031
166.34
166.553
166.572
166.68
166.68
166.68
166.783
166.845
168.465
169.449
169.449
169.603
169.885
169.891
169.891
170.171
170.361
170.58
170.831
170.843
171.601
171.725
171.733
173.137
173.138
173.591
174.794
175.248
175.248
175.564
175.695
176.005
176.271
176.5
176.563
177.166
177.195
177.195
177.483
177.724
177.883
178.033
178.033
178.195
178.252
179.825
180.135
182.205
183.262
183.262
183.262
183.761
185.423
189.237
