0.510758641
0.524436806
0.478425406
0.512261649
0.787240097
0.521392588
0.052899962
0.209591952
0.354024163
0.00274868
0.005618439
0.002751748
0.41332192
0.526277954
0.156914282
0.671715233
0.066023698
0.645947023
0.623325738
0.195164076
0.000699613
0.415618587
0.754200764
0.645286121
0.20116017
0.750498456
0.815660517
0.898809645
0.230281767
0.333087225
0.46331132
0.814880629
0.374739747
0.096396178
0.403496291
0.152720261
0.828723112
0.941164077
0.462214749
0.402091089
0.672657118
0.257787854
0.762137099
0.119385564
0.873812091
0.523569435
0.868610713
0.113656537
0.232347219
0.31033762
0.149992358
0.111649499
0.472530888
0.645425165
0.086110352
0.380423145
0.278779967
0.385123317
0.491301919
0.728992124
0.919685101
0.879136959
0.315718066
0.721171282
0.160062265
0.641110808
0.686757244
0.352059602
0.106122665
0.663092838
0.700310604
0.796630426
0.730578939
0.292034553
0.184517897
0.490792167
0.234306641
0.042738924
0.030868902
0.138709052
0.057785517
0.144992908
0.700650616
0.783510564
0.619920255
0.885580729
0.295427137
0.056055621
0.009285126
0.13096698
0.347238252
0.009819454
0.682379226
0.412471562
0.489474843
0.823411427
0.518190623
0.734771185
0.76372935
0.892031678
0.983771852
0.010382387
0.77899807
0.38939043
0.566661668
0.68700407
0.711914144
0.12331197
0.719949523
0.053750445
0.811078778
0.4415902
0.606532417
0.13832113
0.425229446
0.065555684
0.591621923
0.768881926
0.987154635
0.906868202
0.330811141
0.104943841
0.835353727
0.4322789
0.770087051
0.96766976
0.382111837
0.158288742
0.564662878
0.61784202
0.830007305
0.726911997
0.9266594
0.831195817
0.977037174
0.111011024
0.384768895
0.735766154
0.503865795
0.813389997
0.462821807
0.388032576
0.755621863
0.530797276
0.797497713
0.197330159
0.402280605
0.034097355
0.9619737
0.118887556
0.697827658
0.629012178
0.684984081
0.776833583
0.686880901
0.723186537
0.998028213
2.6e-007
0.890775766
0.891359255
0.593270411
0.778013001
0.376037133
0.843896719
0.510228797
0.007387646
0.07808882
0.237334533
0.52524896
0.178752144
0.684969969
0.673329461
0.751462159
0.255543812
0.080349048
0.207595045
0.123957929
0.302809476
0.554418104
0.797523856
0.167005679
0.33500976
0.345422188
0.116337634
0.952003838
0.797920882
0.45229999
0.538128591
0.538817251
0.908317518
0.478677719
0.913380704
0.785178392
0.769297144
0.303790919
0.857281163
0.890086188
0.706311
0.427281003
0.209546121
0.952443822
0.1937803
0.220648879
0.331989163
0.846841903
0.848125945
0.908033298
0.207249352
0.861840912
0.581296012
0.206254337
0.591560033
0.308804127
0.813648242
0.594463895
0.572151656
0.847190949
0.727396278
0.398809048
0.166403918
0.619448505
0.569577823
0.854920334
0.254592719
0.596298784
0.407294194
0.66532938
0.340477378
0.021221402
0.575069687
0.915302068
0.108467429
0.740134918
0.39686227
0.908402682
0.156703254
0.114786258
0.221548072
0.840035914
0.667800452
0.959676608
0.570614178
0.807642973
0.066966329
0.48405379
0.279719699
0.139871887
0.483514061
0.811984541
0.677940489
0.26945194
0.962397542
0.045871015
0.563240989
0.655153939
0.152407659
0.935515161
0.605477538
0.877951594
0.890257346
0.211778016
0.478384905
0.263467449
0.399263428
0.229463664
0.6974925
0.508417317
0.165639155
0.351156553
0.483439513
0.18636648
0.430582689
0.187406167
0.369348249
0.913070426
0.900366902
0.857538019
0.601186857
0.827221356
0.679717515
0.702105059
0.193711453
0.258258028
0.572384859
0.663165982
0.951963729
0.656562459
0.391580184
0.568466808
0.680040727
0.990620158
0.546312061
0.378130795
0.29905632
0.504387435
0.878507747
0.834521421
0.296064704
0.425562154
0.346777227
0.45750957
0.570386692
0.737355271
0.332062584
0.456765991
0.360931515
0.578559914
0.791361459
0.531279379
0.650535389
0.306926677
0.755272204
0.372786812
0.330049987
0.443154104
0.768452486
0.129094437
0.345846593
0.755567531
0.413958078
0.730273536
0.651462287
0.534217416
0.342029367
0.996158777
0.208442041
0.356684169
0.773962192
0.062254421
0.59625872
0.926080706
0.273277177
0.207680285
0.470001287
0.195792604
0.91845927
0.714374677
0.274550856
0.035134233
0.730307927
0.649718296
0.167194371
0.179600329
0.485600385
0.722285085
0.842534111
0.462665561
0.758505342
0.504171776
0.463342438
0.93531206
0.18701755
0.76589428
0.175945832
0.922527856
0.461510303
0.586571241
0.242526656
0.569278664
0.861754758
0.637290963
0.566974325
0.630658478
0.915129833
0.376622661
0.477039701
0.527230577
0.139199471
0.086533543
0.299692101
0.549986655
0.814589127
0.963885593
0.730624432
0.795959885
0.494746095
0.638582397
0.42751981
0.427195
0.502816996
0.365841356
0.478508273
0.869203966
0.922964622
0.984591385
0.825720261
0.411131636
0.40671157
0.693965682
0.937934466
0.643069644
0.551391384
0.596525313
0.364094744
0.485748657
0.565867064
0.533965332
0.94548582
0.841330809
0.923902103
0.194869709
0.705115382
0.97235404
0.54761589
0.730080791
0.604082199
0.308465532
0.78139507
0.416508512
0.934954661
0.79282489
0.463354011
0.643498717
0.813727673
0.945623031
0.535198333
0.961538318
0.941562367
0.889412619
0.281831543
0.907594214
0.197517718
0.744521928
0.758468183
0.075612169
0.469961855
0.747352655
0.464509413
0.334834106
0.789434946
0.11331384
0.480573071
0.931791973
0.543055354
0.778959394
0.346086085
0.634617273
0.570249223
0.26652825
0.715924244
0.987867309
0.643574687
0.707541647
0.383052066
0.362624534
0.052036549
0.82726988
0.118209997
0.344322409
0.82220605
0.602451716
0.535352364
0.708660139
0.855314953
0.960591343
0.979663627
0.882404132
0.567293555
0.610097184
0.291806125
0.914772597
0.710013645
0.70208943
0.98668933
0.90491453
0.92351649
0.126882609
0.700054817
0.782630638
0.430926585
0.707114267
0.039845391
0.885421443
0.250617869
0.659218602
0.446724613
0.288255945
0.660315184
0.182681084
0.504153075
0.55620436
0.522224725
0.718648213
0.687495375
0.204409341
0.176272072
0.465523233
0.12458058
0.675313415
0.271228101
0.290356436
0.27489372
0.528666561
0.205210205
0.297200878
0.195339788
0.918919996
0.323932521
0.325726046
0.523053616
0.366760381
0.212476273
0.55741195
0.217737333
0.038885148
0.266001314
0.143066696
0.261942271
0.752723467
0.401196903
0.72921137
0.317396048
0.728235482
0.74300464
0.275877157
0.39621131
0.24407054
0.300781569
0.103250641
0.82241534
0.410624221
0.893101617
0.967379417
0.149345791
0.63055204
0.424796689
0.025442295
0.107169749
0.248751114
0.064979566
0.026548129
0.00745303
0.757065124
0.513510569
0.031490963
0.058907805
0.826133842
0.879136286
0.001637189
0.445959406
0.182673765
0.574301438
0.162320364
0.436461338
0.028703534
0.053019193
0.701132836
0.107852271
0.728996328
0.062756484
0.446772301
0.93038095
0.70721454
0.13807298
0.224602174
0.441572356
0.879067673
0.468324121
0.47464619
0.064819091
0.076263635
0.476990805
0.602306968
0.216464043
0.758407314
0.902761998
0.582152589
0.051751316
0.010593288
0.208033459
0.27644738
0.024697311
0.858344151
0.688680674
0.770910745
0.343945796
0.978155599
0.792318373
0.792565016
0.796387202
0.789119917
0.563930544
0.621008809
0.004908866
0.430713058
0.009861068
0.420209763
0.239522864
0.028323853
0.022493001
0.401069133
0.282386485
0.602766012
0.885434284
0.618687146
0.14492716
0.637894799
0.469817544
0.645298715
0.948974569
0.66320457
0.726581761
0.007310655
0.20319
0.159008905
0.410706257
0.246193866
0.00972166
0.434042436
0.111317353
0.136726925
0.042074545
0.753030857
0.063028291
0.258178618
0.018063392
0.153866078
0.086778798
0.21895484
0.851590281
0.939116808
0.479165324
0.205317379
0.228354806
0.406974202
0.971088892
0.220197575
0.138536202
0.016688626
0.129014818
0.037369017
0.0012864
0.518532273
0.182481278
0.991002366
0.208102422
0.551633765
0.35554631
0.532156418
0.718113928
0.157069972
0.964576912
0.611268374
0.850750718
0.647807298
0.887552709
0.15150299
0.33804247
0.357202563
0.344355492
0.595927276
0.396810486
0.461713417
0.256410286
0.082180183
