0.414654
3.80623
4.29015
4.90166
5.84805
5.84822
5.89248
6.56188
9.57046
9.57115
9.99
10.5356
10.5357
10.5357
12.3121
12.3123
12.3134
12.7489
12.9678
12.9685
12.9693
14.708
14.7081
15.0272
15.0291
15.5317
15.5697
16.2192
16.2194
16.2196
16.5637
16.6451
18.2894
18.2902
18.4424
18.6518
19.991
20.8725
21.5318
21.696
21.6962
21.8718
21.9134
21.96
21.96
21.96
21.96
21.96
21.96
23.4805
23.589
23.683
24.0884
26.1606
28.0269
28.1109
29.9224
30.2683
30.2911
30.6864
30.83
30.83
30.83
31.3153
31.3157
31.4493
31.6887
31.7761
32.0113
32.6933
34.8011
35.0593
35.0597
36.4241
37.0476
37.24
38.1015
38.1503
38.716
39.0795
39.762
40.0857
40.88
41.166
41.1661
42.4411
43.0176
43.445
44.6815
45.3693
46.3004
47.2897
47.4954
47.5306
48.4012
49.8891
50.0792
50.0874
50.0876
50.3932
51.2909
51.2914
51.5088
54.5404
54.5411
54.6653
55.855
55.8551
55.8551
55.8716
56.367
56.367
56.4991
56.8735
56.9811
57.5567
57.6714
57.75
57.8318
58.7297
58.7299
58.8158
58.8829
59.9993
61.5735
61.6278
62.6879
63.7021
63.7588
63.8634
64.56
64.568
64.6522
64.6642
64.6643
64.7182
64.872
65.029
65.0521
65.0617
65.0714
65.1993
65.39
65.4069
65.495
65.5155
65.5155
65.5309
65.531
66.2867
66.7382
66.7383
66.8084
66.9206
67.274
67.274
67.378
67.4029
67.9108
68.58
68.58
68.6389
68.6504
68.9497
69.0167
70.0214
70.0575
70.0576
70.0577
70.0796
70.2349
70.2401
70.6937
70.6937
70.7
71.2809
71.2812
72.8785
72.8814
72.8959
72.899
73.0339
73.4644
73.5659
74.1242
74.1243
74.1608
74.2738
74.3245
74.3246
74.3246
74.6121
74.613
75.1384
75.18
75.2202
75.2683
75.5366
75.5402
75.5413
75.6359
75.6635
76.7934
76.7936
76.8068
76.8069
76.8714
76.9567
76.9567
77.0491
77.0491
77.0633
77.1996
77.2301
77.4348
77.4535
77.5453
77.5458
78.1386
78.1386
78.3105
78.5118
78.5556
78.5721
78.7701
78.8846
78.8905
78.9433
79.7967
81.0286
81.0291
81.0462
81.0614
82.2969
83.97
84.2548
86.0631
86.0637
86.351
86.3516
88.0935
88.2055
89.1778
89.1781
89.1783
89.7756
90.4606
90.5149
91.129
91.8433
92.2793
92.4377
92.8191
92.8192
95.0061
95.1254
95.3302
95.3305
95.4901
95.668
95.9461
95.9464
95.9468
96.1498
96.4736
96.4739
96.5192
96.7192
96.7193
96.7197
96.7198
97.1253
97.1507
97.5908
98.0581
98.38
98.38
98.38
98.7324
100.17
100.563
101.24
101.24
101.772
101.88
101.88
102.076
102.171
102.171
102.611
102.857
103.14
103.14
103.14
104.161
104.515
104.54
104.643
104.74
104.741
104.835
104.994
105.36
105.36
105.4
105.4
105.812
106.798
106.93
107.381
107.381
108.494
108.56
108.672
108.867
108.913
108.913
109.269
109.269
109.501
109.779
109.958
110.001
110.204
110.607
110.607
110.607
110.68
111.367
111.538
111.598
111.734
111.753
111.763
111.843
111.969
111.97
112.14
112.204
112.204
112.342
112.549
112.55
112.55
112.609
112.696
113.323
113.323
113.323
113.323
113.462
114.95
114.968
114.974
114.988
115.036
115.257
115.336
115.365
115.366
115.426
115.488
115.488
115.646
115.675
115.937
116.743
116.743
117.104
117.105
117.106
117.109
117.235
117.235
117.371
117.43
117.81
118.124
118.252
118.268
118.547
118.78
118.933
119.104
119.104
119.633
120.148
120.283
120.283
121.438
121.438
121.438
121.84
122.136
122.226
122.227
122.829
122.967
124.07
124.108
124.477
124.554
124.655
124.938
124.961
124.98
124.98
124.98
124.98
124.98
125.35
125.35
125.35
125.35
125.35
125.652
125.711
125.733
125.919
126.016
126.51
126.641
126.641
127.263
127.283
127.283
127.29
127.29
127.29
127.29
127.29
127.29
127.445
127.894
128.15
129.079
129.322
129.335
129.433
129.487
129.504
129.852
129.93
129.93
129.93
129.93
129.93
130.255
130.255
130.296
130.319
130.319
130.55
130.831
131.184
131.185
131.371
131.436
132.222
132.35
132.436
133.229
133.247
133.247
133.248
133.274
133.331
133.335
133.361
133.398
134.549
134.821
134.905
134.908
135.71
136.088
136.167
136.67
136.67
136.904
137.311
138.079
138.234
138.235
138.238
138.249
138.88
138.945
138.958
138.96
139.38
139.38
139.512
139.548
139.668
139.723
140.45
140.64
143.445
146.072
146.132
146.132
146.133
146.133
146.317
146.472
146.56
146.56
146.56
146.67
146.67
146.679
147.938
147.938
147.995
148.018
149.615
150.678
150.896
151.131
152.237
155.793
156.374
156.381
156.806
157.314
157.489
157.972
158.262
158.435
158.44
158.44
158.44
158.44
158.44
158.44
158.44
158.664
158.664
158.789
158.804
159.041
159.041
159.542
159.661
159.661
160.029
160.233
160.436
160.955
160.955
160.955
161.014
161.053
161.42
161.446
161.521
161.521
161.543
161.809
161.93
161.93
161.93
161.935
161.94
161.94
161.949
161.955
161.957
161.967
162.149
162.528
162.718
162.776
163.157
163.821
164.817
164.935
164.935
164.935
165.027
165.036
165.271
165.501
165.505
165.669
165.669
165.682
165.725
165.744
166.193
166.957
167.044
167.147
167.297
167.32
167.32
167.32
167.88
168.924
169.083
169.726
170.185
170.281
171.08
172.195
172.571
172.649
172.65
175.16
175.264
175.416
175.508
175.508
176.469
178.556
178.9
179.221
179.222
179.266
179.756
180.887
182.435
182.627
183.167
183.769
183.769
183.769
183.843
184.071
186.218
189.281
189.381
189.382
189.382
190.331
191.246
191.25
192.532
193.146
193.869
194.131
194.131
194.796
195.402
201.591
201.592
202.105
