0.063070699
0.015010759
0.940441966
0.894627604
0.762831086
0.185918617
0.805134361
0.103671612
0.737287575
0.349819835
0.321141054
0.871434854
0.803952268
0.694399342
0.052292441
0.052292441
0.052292441
0.636898881
0.92872988
0.855052611
0.441009138
0.299337943
0.764554982
0.164356684
0.202936414
0.22183871
0.879440435
0.827389055
0.635860888
0.52031451
0.983725463
0.564381213
0.398869707
0.131402936
0.522901115
0.530596613
0.096016325
0.080207167
0.283267064
0.282598852
0.77931318
0.548013086
0.233341916
0.00135817
0.008642554
0.027500662
0.014548301
0.044764744
0.517915784
0.036358806
0.664982266
0.946348587
0.650765643
0.257149091
0.816343811
0.158765026
0.489933267
0.21159531
0.270481571
0.012656226
0.746139192
0.14573232
0.014924971
0.445268851
0.741642226
0.232095758
0.167419064
0.963865866
0.864694087
0.890544087
0.604176338
0.144079926
0.190299466
0.996476745
0.710707286
0.237225685
0.765667661
0.584654216
0.082595525
0.826169926
0.652080147
0.163645844
0.262634542
0.884791084
0.36568556
0.616578517
0.251890102
0.261247162
0.993584748
0.222767094
0.864884593
0.529216515
0.492235701
0.572596715
0.433535391
0.940018209
3.23e-008
8.28e-005
3.3e-005
0.928433729
0.585555257
0.756954454
0.5749071
0.59819453
0.230005485
0.288186774
0.351214623
0.20655091
0.410380863
0.866820693
0.315994204
0.301799256
0.404006827
0.137851062
0.956326338
0.989940879
0.188803
0.878195043
0.120333551
0.097391226
0.097391226
0.401477654
0.643959496
0.386545531
0.071488265
0.748402755
0.430860856
0.882823947
0.518807799
0.722662556
0.988570169
0.623936778
0.190948141
0.440797908
0.116885241
0.6977372
0.737906362
0.041820269
0.204972287
0.023477575
0.948571578
0.046614802
0.680205408
0.196564545
0.557717954
0.510388936
0.885662954
0.850261759
0.435910484
0.911932862
0.86892242
0.833945745
0.470384957
0.746635843
0.608090597
0.803938622
0.52887663
0.823680741
0.491288291
0.793876651
0.141234312
0.030399062
0.901362406
0.549662739
0.889685244
0.213794421
0.125787309
0.444859708
0.436074882
0.349175247
0.489624415
0.145217151
0.159004453
0.389407328
0.472164384
0.903919955
0.627040317
0.713948441
0.810202697
0.486785225
0.759861207
0.033039324
0.247269689
0.302191328
0.841146836
0.64795987
0.350301439
0.628657694
0.334743599
0.246940635
0.521981195
0.680407463
0.918603573
0.151333811
0.546782839
0.531793499
0.454989037
0.30827053
0.326065631
0.137440351
0.417184511
0.349405403
0.541728799
0.393671747
0.178606992
0.254443222
0.548285426
0.813818993
0.661648163
0.775128169
0.876194485
0.564472869
0.459438811
0.470553812
0.979804695
0.971023
0.566038966
0.844048434
0.169276646
0.775316626
0.935150101
0.758056242
0.844379746
0.609057509
0.77304959
0.423949192
0.660719602
0.108883911
0.547126867
0.097455313
0.901565944
0.901406176
0.891153207
0.440528884
0.994610933
0.649526698
0.160100828
0.278323448
0.796463421
0.625043399
0.444824745
0.061413429
0.136866011
0.298742077
0.301337907
0.434002274
0.561100244
0.428385728
0.721498046
0.891569827
0.989943389
0.2381614
0.462633893
0.918641998
0.316945057
0.893155348
0.591885705
0.511310198
0.572277873
0.029838454
0.534115487
0.806614923
0.977003548
0.850723561
0.793102083
0.789742693
0.077406829
0.894455237
0.899829875
0.709762009
0.896555086
0.838956377
0.959627849
0.921666172
0.616533501
0.850977096
0.547041062
0.324590394
0.675198706
0.4908011
0.468766369
0.699308372
0.016324871
0.628098458
0.985865175
0.78134578
0.377642474
0.94049734
0.980531699
0.713632017
0.792099747
0.866106149
0.694979244
0.474001882
0.987777729
0.949189741
0.626708483
0.928732142
0.851790771
0.85081337
0.246502426
0.369455287
0.934699135
0.951159561
0.578557274
0.338903981
0.547343316
0.01042117
0.848810293
0.645983248
0.778224162
0.761529692
0.369961694
0.153164607
0.888321307
0.912497423
0.979125651
0.369003773
0.486063116
0.462390137
0.147522457
0.9388793
0.500380235
0.652895389
0.80363449
0.873243226
0.728192797
0.806568013
0.985439229
0.497832675
0.291022379
0.755589966
0.495349198
0.862600022
0.492757317
0.797689607
0.806364108
0.471635225
0.499853737
0.922508083
0.230639467
0.722060365
0.818502834
0.90237717
0.551140768
0.046113254
0.931409542
0.33620771
0.408962514
0.45666849
0.807391317
0.674709375
0.648156939
0.35279123
0.122942558
0.986315625
0.822044739
0.094629033
0.096557163
0.216887204
0.343176033
0.630123123
0.753624157
0.941659383
0.601110005
0.55801986
0.76769421
0.753735017
0.762883297
0.851647642
0.659217787
0.792796137
0.292840621
0.3170885
0.876827137
0.731695201
0.893102523
0.553263907
0.575705564
0.76353821
0.645297828
0.293625607
0.147010763
0.406620577
0.629934241
0.564557269
0.920862081
0.411915635
0.282015988
0.956612635
0.417285015
0.302532765
0.565546783
0.137936554
0.220196553
0.069238155
0.539219692
0.138289873
0.837902752
0.288301508
0.924250894
0.161189713
0.971634567
0.442519125
0.581297895
0.863636966
0.728515117
0.856886374
0.828598648
0.379436978
0.471228351
0.069173914
0.880657771
0.696530516
0.519063764
0.626596521
0.780421991
0.806583898
0.849324008
0.24682538
0.16817006
0.1430508
0.156929133
0.993303572
0.557467965
0.869423016
0.807963798
0.969942436
0.471526928
0.517593452
0.805504251
0.154300412
0.456579257
0.235995195
0.415067963
0.012104014
0.981147848
0.950826926
0.423321077
0.038329249
0.244837014
0.051937472
0.749261871
0.8355063
0.546923596
0.952433189
0.837641112
0.699057843
0.656630322
0.649132915
0.378371475
0.480819684
0.579099841
0.135997777
0.794879797
0.364386373
0.578009238
0.843170063
0.441829397
0.0197048
0.887409846
0.266268058
0.63120686
0.441800869
0.718023358
0.256327645
0.695086216
0.704163175
0.237706422
0.441667831
0.687332831
0.423452021
0.893671749
0.070772856
0.752719955
0.967832216
0.257121762
0.692804051
0.323034649
0.284148898
0.571582175
0.384459128
0.633342023
0.770688514
0.340604089
0.645380663
0.862747952
0.561310744
0.362545868
0.895533009
0.127676658
0.732993826
0.838989356
0.47232532
0.651929073
0.215460723
0.267227369
0.587075274
0.024695717
0.659763909
0.793355037
0.646192119
0.54898951
0.643574559
0.254695886
0.923908467
0.290980155
0.546182575
0.673722373
0.940975338
0.164704106
0.175702022
0.63996474
0.887521463
0.135664183
0.945181516
0.489124708
0.150615996
0.848743994
0.984907362
0.705277551
0.063532197
0.515080186
0.788984465
0.887604295
0.687765339
0.934609194
0.400520162
0.794152509
0.277175506
0.133504054
0.754768421
0.882707558
0.720304307
0.781752886
0.362588869
0.476652503
0.53507156
0.486546987
0.775349171
0.519038776
0.385178326
0.350000421
0.677492051
0.583543311
0.700984014
0.486096136
0.274179995
0.905318288
0.474513472
0.922765507
0.821027373
0.738887045
0.349844824
0.635614129
0.03421312
0.756478384
0.85581949
0.442690333
0.616176841
0.911716767
0.991658762
0.496055769
0.530327177
0.187288868
0.179335081
0.356368003
0.843233526
0.771489046
0.671941214
0.747854725
0.254976243
0.532888114
0.721506144
0.588220124
0.657974894
0.28981021
0.840099133
0.36901077
0.102256253
0.003545804
0.027857309
0.420897253
0.144543849
0.642761475
0.109854215
0.357451682
0.177085654
0.136738349
0.988231958
0.779245262
0.449618641
0.566742193
0.23474548
0.645615864
0.19415591
0.503378529
0.296312876
0.642282028
0.818997153
0.953711448
0.974284678
0.159659684
0.407166939
0.667194475
0.313977138
0.018799009
0.120869983
0.138599962
0.232441631
0.018724318
0.500441273
0.070488739
0.008445365
0.014673183
0.388044559
0.06977156
0.422026561
0.8614601
0.309795818
0.374248066
0.987204254
0.671647718
0.364247295
0.371741346
0.140679254
0.344724441
0.216063645
0.961279665
0.374391724
0.707798232
0.027728722
0.382071044
0.72700546
0.265849625
0.028899498
0.296424207
0.647686372
0.176588565
0.591474296
0.275355724
0.70585305
0.570977028
0.749020933
0.90757719
0.017676933
0.002930354
0.869645402
