1.54778
1.72512
2.34754
2.41131
2.41146
3.47312
3.9652
4.07154
4.07189
4.07243
5.61106
6.24583
7.74671
10.4334
10.8569
11.0921
11.401
12.6325
12.6333
13.1083
13.2901
13.2911
13.2912
13.5957
14.6304
14.6305
16.1547
16.155
16.1715
16.1717
16.7123
16.7168
16.8651
17.398
17.4124
17.5639
17.5642
17.96
18.2866
18.3937
19.1717
19.9733
20.2819
20.3908
20.5237
20.8211
21.0717
21.0717
21.1228
21.123
21.1902
21.1903
21.2863
21.5988
21.599
21.5993
21.7065
21.9427
22.0155
22.1828
22.3355
22.3881
22.7994
23.2743
23.3442
23.4155
23.4162
23.5665
23.6802
25.1847
25.3823
25.3828
26.4373
26.7034
27.9428
28.4744
28.5443
28.5445
28.8508
28.9037
30.153
30.2957
30.5089
30.92
30.92
31.2711
32.3702
32.4273
32.4273
33.7488
34.1123
34.1358
35.7116
35.8403
35.9425
36.1597
36.2385
36.2393
37.2946
37.7374
37.7785
38.2931
38.6866
38.718
38.7744
39.5528
39.8635
40.0551
40.3893
41.3145
41.3154
41.766
41.8017
41.8031
41.9767
41.9868
42.295
42.5546
43.5816
43.5859
44.0297
44.753
45.3409
45.6288
45.6783
46.0085
46.0227
46.1831
46.3854
48.582
49.4665
49.5162
49.7154
50.2204
50.4062
51.1364
51.9155
51.9156
51.9157
51.9159
51.9163
52.4545
53.3627
54.4537
54.6597
55.4259
55.4263
55.6664
55.7757
55.888
56.0967
56.1932
56.3
56.3012
59.1322
59.9877
60.0251
60.0254
60.031
60.0318
60.0492
60.1601
60.4156
60.4157
60.442
60.4423
60.6359
61.0785
61.3069
61.3569
61.785
62.1847
62.1852
62.2167
62.2168
62.4287
62.7181
64.35
64.5042
64.5372
64.5372
64.5424
64.6333
64.6558
64.6558
64.7689
65.2193
65.2401
65.6772
65.7022
66.5426
66.8749
66.875
66.8753
66.8777
68.4542
68.5379
68.9736
69.2104
69.2105
69.3301
69.3305
69.3798
69.3802
69.5506
69.5507
69.7518
69.7704
70.6093
71.4323
71.6791
72.1338
72.3853
73.0695
74.7029
75.6896
76.0166
76.1574
76.1575
76.1576
76.1815
76.1821
77.26
77.26
77.26
77.4187
77.6702
77.6828
77.6828
78.4768
78.9344
78.9344
78.9345
78.9556
79.3946
79.5284
79.7477
79.7481
79.7575
80.0963
80.0985
80.3578
80.3704
80.7626
81.6326
81.7439
81.9952
82.2363
82.4181
82.5556
84.0252
84.0648
84.688
84.6886
85.3441
85.3708
85.4243
85.4363
85.4365
85.4374
86.1921
86.2279
86.4543
87.0676
88.2337
88.25
88.25
88.25
88.25
89.28
89.28
90.104
90.1252
90.1752
90.491
90.6638
90.7174
92.5013
92.5675
92.7507
92.7508
92.7671
92.9784
93.3585
93.3941
93.4218
93.4548
93.4549
93.4566
93.6203
94.1066
94.1068
94.2846
94.2853
95.2483
95.2487
95.979
99.13
99.7177
101.291
101.924
102.33
102.387
102.897
102.942
106.976
107.18
107.239
107.256
107.26
107.33
107.359
107.412
107.43
107.43
107.563
107.563
108.2
108.2
108.2
108.237
108.344
108.35
108.512
108.615
108.669
108.669
108.669
108.671
108.684
108.708
109.15
109.15
109.15
109.15
109.172
109.448
110.37
110.391
110.431
110.431
110.438
110.617
111.158
111.185
111.71
111.82
111.82
111.82
111.82
111.82
111.82
111.82
111.82
112.306
112.574
112.651
113.06
113.06
113.06
113.457
113.579
113.603
113.883
114.045
114.074
114.6
114.64
115.194
115.302
115.967
115.993
116.521
117.085
117.333
117.37
118.169
118.169
118.405
119.259
119.305
119.305
119.422
119.99
120.045
120.045
120.105
120.356
120.365
120.598
120.598
120.598
120.682
120.73
120.77
120.91
120.91
121.195
121.807
122.55
122.953
123.383
123.587
123.79
123.791
123.849
124.07
124.07
124.155
124.53
124.906
124.906
125.073
125.235
125.469
125.783
126.07
126.07
126.07
126.07
126.07
126.07
126.07
126.433
126.59
126.59
126.59
126.98
126.98
126.98
126.98
126.98
126.98
128.038
128.038
128.796
130.012
130.2
130.85
130.885
130.95
131.006
131.15
132.37
132.967
133.356
133.46
133.951
136.291
136.291
136.291
137.182
137.474
137.519
137.951
138.707
138.766
139.368
139.745
139.938
139.939
142.231
142.231
143.243
143.254
143.254
143.254
143.472
144.107
144.107
144.124
144.196
144.523
144.532
144.547
144.547
144.583
145.65
145.841
145.941
145.963
145.963
146.012
146.136
146.136
146.136
146.137
146.137
146.225
146.33
146.541
147.74
148.085
149.195
149.544
149.82
149.82
149.866
150.017
150.629
150.639
150.639
151.089
151.282
151.81
151.81
151.835
151.884
152.259
152.31
153.075
153.149
153.216
153.322
153.323
153.946
153.946
154.773
155.691
155.804
156.173
156.353
157.837
157.9
157.954
158.136
158.199
158.245
158.565
160.259
160.528
160.547
160.547
160.721
160.74
161.413
161.414
161.747
162.324
162.398
162.427
162.428
162.581
164.05
164.05
164.06
164.236
164.665
164.665
164.7
164.769
164.882
164.895
165.008
165.05
165.108
165.118
165.185
165.286
165.842
165.946
166.11
166.403
166.407
166.43
166.46
166.572
166.636
166.643
166.657
166.687
166.698
166.738
166.745
166.76
166.768
166.768
166.78
167.053
167.108
167.108
167.131
167.131
167.289
167.366
167.366
167.371
167.409
167.427
167.427
167.431
167.445
167.935
168.193
168.28
169.014
169.15
169.397
169.98
170.332
170.365
170.519
171.048
171.1
173.028
173.277
173.589
173.589
175.479
175.495
175.496
177.547
177.741
178.738
179.396
179.825
180.65
180.73
180.93
181.4
181.678
181.759
181.773
182.185
182.185
182.186
183.971
184.19
184.19
184.222
184.278
184.278
184.385
184.636
184.806
184.807
184.838
184.843
184.889
184.93
184.93
184.93
184.93
185.789
187.628
188.191
188.192
188.312
188.858
189.397
189.397
189.397
189.547
189.59
190.988
191.041
191.328
191.346
193.218
197.865
198.11
198.11
198.399
198.582
198.606
199.832
200.967
200.967
202.151
202.265
203.193
204.021
204.128
204.174
204.175
205.892
206.99
209.018
209.417
209.654
209.867
209.977
209.981
209.982
210.664
210.951
211.062
211.161
212.137
212.917
213.285
219.24
220.191
220.47
220.47
220.47
220.47
220.47
220.47
