0.931788459
0.362535871
0.81512123
0.105471725
0.463481159
0.783898184
0.730625863
0.844848458
0.686329115
0.844848458
0.011313418
0.453130873
0.677987682
0.732282325
0.789159775
0.59419258
0.11150568
0.136709313
0.218339454
0.431297403
0.832214213
0.96751155
0.825622946
0.996217037
0.811142338
0.471681253
0.243761499
0.497557609
0.695042601
0.390934699
0.54330579
0.045937167
0.632563049
0.346107561
0.321839189
0.450372878
0.191746191
0.390683549
0.193719922
6.22e-005
0.002145972
0.00943866
0.394073941
0.546269775
0.994653468
0.406266685
0.448851004
0.364308586
0.487426636
0.303605291
0.746138063
0.734303351
0.60920654
0.918033295
0.917606554
0.65253288
0.883557472
0.689275624
0.163302211
0.697086658
0.295241194
0.568272584
0.130781761
0.017302707
0.185326479
0.581956306
0.95884346
0.992159044
0.430566243
0.517157562
0.419643615
0.233951247
0.047622588
0.485084244
0.498893979
0.665268202
0.030775109
0.560452046
0.219158111
0.301845277
0.608042176
0.719826706
0.376508368
0.814158924
0.9187986
0.54946927
0.962449258
0.612654205
0.602450138
0.006865655
0.745572245
0.855800325
0.063079792
0.1936625
0.169000995
0.649024434
0.95313352
0.75425092
0.858626318
0.288710546
0.108557368
0.180005634
0.943929365
0.71186107
0.858426233
0.95623546
0.219988549
0.847050225
0.712692612
0.582453169
0.225261791
0.689653341
0.89077583
0.512233095
0.087616083
0.590266913
0.037856271
0.157609241
0.613236381
0.020948611
0.218126102
0.0729981
0.697769943
0.291465043
0.123721475
0.950611941
0.488335576
0.614187177
0.062232164
0.727031606
0.004727842
0.886589283
0.181741759
0.758483242
0.76359763
0.055996163
0.956730021
0.854475775
0.590762872
0.777543315
0.777019099
0.205167815
0.794132221
0.533201589
0.379762871
0.344147831
0.354114955
0.394417367
0.384724418
0.931367814
0.433942201
0.712323097
0.673447525
0.501612151
0.048429674
0.244596543
0.001791464
0.348287417
0.003292625
0.025010132
0.122615752
0.659810995
0.853322963
0.333448377
0.504305841
0.742721691
0.39887189
0.289682292
0.087644543
0.168018691
0.287459711
0.141108968
0.168497257
0.651045573
0.438507976
0.115767261
0.828178371
0.878056629
0.202443
0.957189365
0.923297839
0.454867626
0.436007577
0.687496421
0.779946105
0.686932972
0.664286805
0.382113413
0.101876132
0.632420482
0.851862811
0.733491117
0.303689337
0.477962896
0.303689337
0.774376106
0.657379222
0.051456296
0.305635174
0.57578761
5.57e-005
0.317106114
0.559156448
0.961269509
0.903832928
0.897775344
0.860658795
0.507402908
0.660555282
0.439759837
0.383744129
0.069997775
0.475480366
0.693262758
0.797605132
0.036429411
0.695422945
0.695517823
0.336114194
0.192043009
0.683604483
0.005474402
0.353677327
0.562906751
0.2130256
0.275443742
0.390932318
0.099381425
0.397208437
0.500830207
0.255711533
0.172536806
0.157431378
0.995363522
0.633399681
0.045808395
0.133155366
0.136037699
0.487414992
0.533840073
0.066170719
0.454160151
0.215394261
0.262690135
0.980193595
0.502834058
0.308203222
0.436869218
0.478123873
0.429299349
0.730236314
0.800895543
0.706542306
0.878865631
0.136304126
0.000813516
0.275669291
0.426775875
0.136977191
0.08413843
0.306957682
0.609300712
0.729318308
0.929819318
0.43294474
0.447439793
0.368420983
0.273167401
0.536262919
0.075260144
0.245537822
0.041833538
0.64937185
0.874705755
0.234115421
0.423783262
0.132789686
0.358295508
0.610950802
0.608341901
0.609630058
0.618335811
0.56299796
0.445268735
0.168168266
0.128953929
0.347694675
0.273136539
0.39445691
0.848703989
0.86847502
0.735647913
0.783496031
0.786689904
0.074553711
0.053744316
0.170945533
0.666024144
0.444679169
0.611936578
0.778148963
0.513756801
0.701295865
0.597367774
0.271844299
0.559958823
0.438084753
0.989648943
0.371967646
0.61179527
0.867217337
0.212109922
0.083046561
0.173727064
0.373744348
0.018864449
0.075514596
0.3646432
0.323419681
0.315364624
0.863154182
0.683882632
0.807982899
0.785124807
0.809529911
0.557569761
0.732742915
0.782362212
0.485887207
0.766038243
0.826039064
0.513404469
0.522360099
0.809627188
0.434740559
0.259340748
0.400985935
0.89373199
0.890256159
0.340911544
0.238840534
0.964072681
0.392862679
0.496797103
0.528412434
0.343135826
0.533593445
0.155960582
0.797998483
0.493996559
0.479167577
0.135431696
0.781283421
0.999836118
0.462691161
0.306978955
0.382165851
0.539737169
0.497722361
0.42617261
0.072682275
0.795664401
0.041294568
0.646221619
0.201344518
0.534512151
0.579784681
0.897294833
0.603946425
0.495517399
0.959014555
0.066219044
0.106275993
0.261747791
0.384762279
0.977915223
0.509307414
0.046850247
0.145448652
0.645918251
0.778851266
0.778888761
0.826523416
0.679819182
0.621375781
0.545622708
0.996155465
0.837824033
0.55148318
0.301141746
0.089076099
0.396477203
0.780977839
0.224784359
0.535592058
0.893355677
0.458622787
0.040358227
0.396447702
0.857363544
0.204189217
0.885904182
0.48686643
0.875827138
0.57286752
0.104180469
0.238661038
0.604130913
0.591783442
0.199449121
0.538521282
0.702832899
0.724664099
0.744780231
0.632859055
0.770271087
0.648357765
0.402718916
0.825351279
0.716341511
0.972334639
0.854224744
0.900873152
0.715216282
0.244993493
0.699281403
0.931485015
0.307444687
0.267420079
0.075191761
0.225585368
0.911470825
0.883208372
0.789056093
0.773220773
0.808921454
0.876087637
0.156898825
0.095872775
0.463423169
0.669964835
0.50898114
0.665300205
0.642184706
0.60423527
0.815898556
0.727792832
0.308783046
0.897417619
0.845042537
0.877302068
0.690426486
0.079559843
0.950447598
0.39903413
0.127946458
0.504014614
0.88480243
0.291401585
0.732400886
0.345942353
0.302873679
0.214572591
0.774236502
0.485195577
0.463616945
0.54452909
0.75361446
0.336921483
0.165327198
0.214484789
0.695450923
0.450119883
0.016008683
0.382825213
0.131698492
0.377473486
0.521531131
0.080497107
0.136332222
0.444676869
0.730476832
0.920527273
0.851268042
0.87384212
0.999185955
0.821850576
0.90899113
0.907037463
0.306733377
0.52233188
0.132589152
0.185026671
0.818487084
0.033235032
0.388750869
0.611599633
0.175096743
0.055185752
0.978372613
0.888851284
0.337893537
0.532930594
0.154487005
0.430294256
0.856447075
0.375820195
0.713478236
0.221562314
0.793626035
0.210642674
0.73912165
0.949229168
0.720388671
0.562530058
0.892692411
0.287637259
0.289273775
0.838164209
0.627334369
0.223391312
0.557793119
0.889429994
0.972754296
0.387879067
0.076489032
0.678336531
0.05996754
0.200457149
0.12714655
0.291046346
0.723913653
0.485089955
0.316898954
0.995849712
0.007935953
0.870614157
0.850891098
0.331376143
0.729213376
0.215274406
0.550788755
0.512753223
0.468797025
0.299238006
0.688086453
0.104920521
0.081735781
0.044835534
0.605201328
0.037468668
0.530868098
0.214888737
0.938710581
0.642527155
0.778241147
0.81958238
0.410498679
0.178285034
0.904143872
0.423400309
0.513938102
0.865184851
0.335681577
0.389129897
0.2276197
0.906894552
0.227154673
0.8558205
0.231189111
0.651324643
0.410442011
0.443627415
0.2561702
0.526214281
0.330058956
0.530537499
0.664516645
0.779924679
0.037855317
0.076161745
0.730897479
0.42396231
0.227612964
0.696870289
0.67350899
0.721543052
0.532097287
0.67313253
0.30350899
0.760455724
0.753050422
0.49734879
0.889756053
0.859482541
0.966319001
0.205593856
0.856154336
0.544285186
0.003844722
0.319348258
0.794437846
0.33571813
0.762591305
0.050578884
0.879219558
0.300962548
0.296685296
0.986098336
0.130989421
0.985145586
0.225770343
0.327294935
0.652638555
0.505945582
0.928828363
0.995540602
0.002069294
0.526547567
0.955870184
0.071444017
0.678003934
0.150323981
0.512824364
0.083815677
0.341983704
0.703748164
0.754810801
0.529310855
0.826479498
0.71060037
0.969373025
0.909589332
0.223442574
0.423280053
0.315507838
0.594341013
0.324604747
0.188157878
0.420342668
0.708779328
0.923241907
0.515724404
0.593857023
0.696847374
0.059108755
0.726523175
0.687706573
0.288064659
0.113989295
0.113989295
0.16149202
0.446940221
0.789875493
0.687631781
0.210415449
0.113057925
0.170528868
0.824404482
0.994821294
0.065651147
0.73648763
0.383835161
0.086687365
0.194299955
0.867998585
0.093456639
0.230310423
0.507097936
0.706155383
0.261808178
0.222828755
0.193621023
0.87345675
0.953575273
0.717309289
0.34422881
0.864574046
0.439324697
0.617694981
0.164178017
0.64048615
0.894529018
0.277342511
0.206616216
0.974288068
0.494607737
0.908630427
0.680432343
0.115812574
0.524290105
0.255130413
0.293139999
0.476992482
0.324545202
0.249634277
0.575783629
0.043088278
0.767395574
