Probe_Set	Phy_position	CPA	chiptype
1658549	86460	0.6767	chip1
1658659	86555	0.8032	chip1
1643135	95685	1.0495	chip2
1748257	117701	1.6228	chip2
1734968	161423	1	chip2
1667902	161523	0.6182	chip2
1669428	166783	1.6003	chip1
1669546	167011	0.8808	chip1
1669686	168303	1.646	chip1
1670947	168757	0.745	chip1
1671055	169018	0.6671	chip1
1697158	200165	0.8189	chip2
1697340	200721	1.7169	chip2
1730843	546278	1.3858	chip2
1655167	642894	1.5626	chip2
1675086	649631	0.8642	chip1
1702909	691220	0.6585	chip2
1647500	691827	1.2957	chip2
1734892	774513	0.8883	chip2
1714865	867023	0.8341	chip2
1659077	915957	1.1313	chip1
1660215	1048669	0.5015	chip2
1664614	1176093	1.3112	chip2
1654694	1181837	1	chip1
1654816	1182243	1	chip1
1654922	1182390	1	chip1
1727214	1194412	1.1512	chip2
1744743	1220405	2.3859	chip2
1725538	1317198	0.8737	chip2
1715626	1319697	0.8389	chip1
1717662	1332298	1.3805	chip1
1646540	1354212	0.7416	chip2
1679564	1358582	1.7763	chip2
1675439	1358818	1	chip2
1646717	1367846	1	chip1
1655716	1420408	1	chip1
1744699	1421397	1	chip2
1712119	1422405	1.1185	chip2
1696958	1466100	1	chip2
1678257	1476038	1.3199	chip1
1744065	1490954	1.9584	chip2
1726910	1491066	1.1174	chip2
1660338	1607461	0.7114	chip1
1661933	1608689	0.6672	chip1
1754312	1610999	1	chip2
1731217	1611539	0.6947	chip2
1679304	1629609	1	chip2
1756893	1629929	1	chip2
1719826	1646963	1	chip1
1746432	1653474	1.7091	chip2
1726869	1674963	1.3104	chip1
1661214	1739920	1.0855	chip1
1664383	1752466	1	chip1
1706300	1774988	1.3023	chip1
1646447	1885475	1.0333	chip1
1650069	1908313	1	chip1
1698440	1973036	1	chip1
1703676	2022922	1.4624	chip1
1706137	2094285	1.4754	chip2
1667302	2119630	1.1325	chip2
1649128	2119649	1.0611	chip2
1702639	2119679	1	chip2
1651382	2119927	1.9282	chip2
1647343	2144559	1.1147	chip1
1699664	2232440	1	chip1
1699812	2232776	1	chip1
1706526	2248608	0.6957	chip1
1706694	2249308	0.9249	chip1
1724346	2266723	0.7513	chip2
1710836	2338880	1.139	chip2
1664109	2348503	0.6673	chip1
1751935	2388652	1.3481	chip2
1744973	2405788	2.0633	chip2
1511055	2405887	1.0774	chip2
1678926	2406160	0.7885	chip2
1645368	2419755	0.6396	chip2
1673331	2424631	1.1944	chip1
1711205	2424778	0.9098	chip1
1724097	2542190	0.9486	chip1
1724211	2542254	0.6523	chip1
1724333	2542502	1.0667	chip1
1724441	2543515	1.0272	chip1
1708716	2692438	1.7528	chip1
1682092	2746326	0.8743	chip2
1745528	2747040	1.0462	chip2
1695854	2884204	1	chip1
1679212	2942534	1	chip2
1680244	2944423	1.2887	chip2
1698232	3235121	0.9965	chip1
1698374	3235142	2.1961	chip1
1698494	3235704	0.9257	chip1
1714687	3303228	0.6256	chip2
1754371	3381158	0.9203	chip1
1713301	3473701	1	chip2
1653542	3482340	1	chip2
1731032	3489633	1	chip1
1732467	3492216	1	chip1
1734365	3496089	1	chip1
1716148	3562336	1	chip1
1720425	3675970	1.5722	chip2
1667738	3676026	1.2689	chip2
1653410	3887140	1.0489	chip2
1686052	4141694	1	chip2
1725623	4157772	1.4902	chip1
1659863	4237066	1.3177	chip1
1662001	4249757	1.5669	chip1
1702641	4251877	1.0968	chip2
1744893	4260153	0.8063	chip2
1672182	4295347	1.1035	chip2
1719620	4300738	1.2016	chip1
1650469	4335440	0.657	chip1
1705213	4354221	0.7255	chip2
1706989	4357955	1.7284	chip2
1686202	4416930	1.1679	chip2
1743877	4417090	0.9923	chip2
1739387	4417883	1.3757	chip2
1690629	4435111	1.3204	chip2
1651549	4492193	1.8519	chip1
1691367	4510141	1.7891	chip1
1696219	4524069	0.7876	chip1
1701904	4562486	0.739	chip1
1664548	4567157	0.4216	chip2
1744980	4602135	1	chip1
1745100	4603602	0.8273	chip1
1742759	4649211	2.1157	chip2
1757716	4665456	0.8646	chip1
1685511	4690282	1	chip1
1749994	4810642	1	chip1
1750126	4811943	1	chip1
1737405	4847842	0.7031	chip2
1655282	4858589	1.5145	chip1
1647474	4871286	1.5492	chip2
1641862	5042524	1	chip1
1642160	5043137	1	chip1
1643745	5043771	1	chip1
1644005	5044470	0.9425	chip1
1652937	5086590	1.1534	chip1
1729580	5096597	0.8269	chip2
1757437	5106354	0.7762	chip2
1701497	5111263	1.554	chip2
1739875	5127579	1.085	chip2
1703622	5148227	1.4185	chip1
1755577	5226869	0.8488	chip1
1755731	5227315	0.7768	chip1
1755841	5227335	1.1844	chip1
1749407	5229253	0.8911	chip2
1757736	5229807	0.8866	chip1
1643246	5231256	1.0267	chip1
1643558	5232251	0.7328	chip1
1645113	5232380	1.65	chip1
1660103	5239760	0.9885	chip2
1679440	5240086	0.819	chip2
1695756	5280049	0.7176	chip1
1722190	5289009	0.8923	chip2
1702884	5326152	1	chip1
1703062	5326864	1.527	chip1
1703226	5327486	0.6244	chip1
1703334	5327548	1.4465	chip1
1650582	5335789	0.7596	chip2
1753888	5376300	2.8362	chip1
1754018	5376494	1	chip1
1755509	5376989	1	chip1
1680810	5490092	0.7534	chip2
1745047	5490471	0.9547	chip2
1709751	5516662	0.9068	chip2
1663062	5624783	1.0151	chip2
1686030	5763074	1.1471	chip2
1645129	5769185	1.6265	chip1
1652077	5789624	0.4838	chip1
1652237	5790094	0.9252	chip1
1707009	5790468	0.9315	chip2
1711764	5790518	0.6467	chip2
1679502	5791440	0.3895	chip2
1642781	5791479	1	chip2
1655468	5793855	1.099	chip1
1655606	5794123	1.5825	chip1
1702570	5830562	1.4465	chip1
1749610	5853250	1.6817	chip1
1749730	5853779	0.9755	chip1
1756982	5867378	1.3889	chip1
1710047	5870830	1.2473	chip2
1644337	5873219	1.7726	chip1
1648143	5883385	1	chip1
1693306	5920728	2.2576	chip1
1693430	5921189	1.4011	chip1
1745043	6056749	1	chip2
1669205	6076201	0.7696	chip2
1668959	6076223	0.9099	chip2
1687245	6077268	1.0237	chip1
1738041	6178133	1.594	chip1
1696274	6179883	1.3957	chip2
1657057	6186141	1.9035	chip2
1748358	6269349	2.0538	chip1
1672329	6284597	1	chip1
1679527	6311207	0.8257	chip1
1679637	6311480	0.7624	chip1
1683169	6322170	0.5256	chip1
1664464	6347494	1.6681	chip2
1719375	6355642	0.915	chip2
1649288	6370001	0.9124	chip2
1744725	6370570	0.6803	chip2
1704821	6370697	0.8812	chip2
1751481	6373158	0.7443	chip2
1730018	6396678	0.8626	chip2
1642052	6401105	1.2677	chip1
1642184	6402661	1.5674	chip1
1682410	6411512	0.557	chip2
1680452	6411617	0.65	chip2
1647841	6416261	1.6332	chip1
1647975	6416371	2.3035	chip1
1651587	6426585	1.408	chip1
1727122	6437010	1	chip2
1694686	6444783	1	chip1
1668478	6457880	1	chip2
1726100	6476208	1	chip2
1749729	6477470	2.3115	chip2
1748998	6524785	2.0154	chip1
1749126	6524904	1.6519	chip1
1706835	6532196	1.5608	chip2
1641928	6564872	1.1327	chip1
1657009	6568893	1.1608	chip2
1683451	6582566	1.051	chip1
1685441	6591207	0.6663	chip1
1655813	6600150	1.7317	chip2
1690772	6610817	1	chip1
1692657	6615135	1.3556	chip1
1694010	6616179	0.7171	chip1
1738408	6638502	0.9003	chip1
1739584	6639069	1.1431	chip1
1724222	6659863	0.8478	chip2
1690513	6755276	1	chip2
1701319	6786358	0.8925	chip2
1739150	6787124	0.7561	chip1
1742024	6791835	0.8957	chip1
1742414	6797366	1.1882	chip1
1742504	6797414	1	chip1
1658220	6850150	1.89	chip2
1647506	6850171	0.9139	chip2
1753527	6861788	1	chip2
1673578	6862617	1.7721	chip2
1687998	6862914	0.762	chip2
1682257	6874675	1.2661	chip1
1682569	6875369	0.7004	chip1
1720315	6893366	1.3217	chip2
1689406	6911796	1.0791	chip2
1700682	6912082	1.5675	chip2
1667810	6915730	0.7067	chip2
1733455	6916506	1.4147	chip1
1756164	6918831	0.7096	chip2
1736600	6927153	1.9404	chip1
1695399	6940288	1	chip2
1643518	6940657	0.8007	chip2
1725236	6941629	0.7787	chip2
1669941	6956824	1.0544	chip2
1664181	6958593	1	chip1
1755918	6962445	1.3637	chip2
1676255	7011136	0.9076	chip1
1676547	7011749	1	chip1
1676659	7012147	0.8564	chip1
1689121	7016436	1	chip1
1695748	7042138	2.0264	chip1
1695912	7042370	1.7315	chip1
1696019	7042534	1.8344	chip1
1684826	7044163	1	chip2
1699692	7057325	2.0603	chip1
1705166	7084322	0.9637	chip1
1742894	7084468	1	chip1
1743022	7085322	0.9572	chip1
1740265	7135711	2.0488	chip2
1643083	7143389	1.4094	chip2
1743073	7143749	0.6367	chip2
1731047	7144831	1.1037	chip2
1734178	7147413	0.8886	chip2
1681541	7155479	1.4255	chip1
1747581	7168930	1.6225	chip2
1738210	7174248	0.6775	chip2
1644144	7174483	0.5746	chip2
1695184	7207469	0.8694	chip1
1695326	7207687	0.9052	chip1
1695448	7207836	1.2208	chip1
1695566	7207881	0.7206	chip1
1695684	7207925	1.8197	chip1
1714398	7223683	0.724	chip2
1741192	7241535	1.4273	chip1
1742648	7242903	1.7661	chip1
1729676	7254965	0.9131	chip2
1726852	7263982	0.6955	chip2
1682695	7324672	1.1225	chip1
1704945	7395191	2.3419	chip2
1676683	7500504	0.5142	chip1
1680133	7515858	0.6916	chip1
1757816	7570826	0.7733	chip2
1727604	7573506	1.2169	chip1
1727694	7575224	1	chip1
1727786	7575294	0.7716	chip1
1644520	7586703	0.6436	chip2
1726944	7604210	1	chip2
1743225	7604614	1.3528	chip2
1685392	7627577	0.4008	chip2
1693699	7628047	1.2065	chip2
1670630	7628673	1.4504	chip2
1689084	7638957	1.2536	chip2
1701533	7685540	0.6123	chip2
1716078	7704027	0.6476	chip1
1717970	7721702	1.7386	chip1
1688228	7758099	0.9447	chip2
1688346	7758380	0.8109	chip2
1746174	7766261	0.8146	chip2
1665124	7767221	1.0538	chip2
1729033	7767432	0.8557	chip2
1728540	7771854	0.5964	chip1
1755882	7782237	0.7507	chip2
1684174	7797927	1.592	chip2
1689769	7798038	0.6267	chip2
1650176	7798116	1.5258	chip2
1736495	7799039	0.6619	chip2
1749454	7809041	0.9556	chip1
1753921	7830106	0.7036	chip2
1715157	7853050	1.0807	chip2
1669273	7853283	0.725	chip2
1758225	7853947	1	chip2
1694324	7908865	1.3671	chip1
1694648	7910128	0.8538	chip1
1694766	7910707	1.6839	chip1
1734743	7916254	1.4916	chip1
1736794	7931156	0.8767	chip1
1740128	7953874	1.0728	chip1
1671041	8023023	0.8429	chip1
1671139	8023223	1.0927	chip1
1671249	8023613	0.6523	chip1
1759013	8032404	1.6137	chip2
1694817	8032526	1.6301	chip2
1669669	8079904	1.4826	chip2
1683367	8092719	1.1492	chip1
1683477	8093333	1.0062	chip1
1725911	8142378	0.9876	chip1
1727898	8155254	1	chip1
1713464	8223865	1.5261	chip2
1755816	8253007	0.8326	chip2
1665367	8273287	1.1652	chip1
1665493	8273418	1	chip1
1673937	8318230	1.8502	chip1
1674051	8318369	0.8122	chip1
1670928	8328901	1	chip2
1681838	8347590	1.6581	chip2
1728737	8348667	0.5906	chip2
1707153	8363290	1.5669	chip2
1706569	8388510	1	chip2
1732198	8398247	0.938	chip1
1733713	8404324	0.8151	chip1
1750287	8411131	0.6265	chip2
1669391	8412286	0.5198	chip2
1657007	8412378	1	chip2
1644092	8412519	0.7528	chip2
1667486	8417322	1.1411	chip2
1678104	8417881	1	chip2
1755692	8417929	1.3583	chip2
1659611	8429111	0.9384	chip1
1666607	8465931	1.4892	chip1
1698527	8489270	1.17	chip2
1754426	8512915	1.7121	chip2
1652248	8512967	0.9402	chip2
1732303	8548105	0.5122	chip2
1645264	8575309	1	chip2
1719053	8582106	0.7258	chip2
1650121	8597582	0.7281	chip1
1650219	8597730	1.6165	chip1
1734718	8634438	1	chip2
1729836	8647476	0.9955	chip2
1686821	8699162	1	chip1
1688493	8702696	1.8313	chip1
1688593	8702768	0.5877	chip1
1726550	8714796	0.8714	chip2
1655839	8714882	0.9673	chip2
1732069	8723164	1.2623	chip2
1727573	8724160	1	chip2
1758626	8755624	0.456	chip2
1701841	8755796	1.9491	chip2
1724382	8756835	1.3922	chip2
1689188	8757225	0.7665	chip2
1710409	8757449	2.2425	chip2
1683342	8768870	1.1554	chip2
1715225	8799321	1.3701	chip2
1735019	8839375	1.0666	chip1
1688278	8845482	1.5701	chip2
1736920	8850689	1	chip1
1738902	8878021	1.8374	chip1
1662493	8888587	1.4537	chip1
1730791	8892142	0.8271	chip2
1704977	8948854	1.2593	chip2
1701009	9001556	0.7938	chip2
1693881	9001695	1.9264	chip2
1729385	9046090	1.0207	chip1
1729507	9046197	1	chip1
1653081	9059336	1.1429	chip1
1658425	9100096	1.3888	chip1
1744911	9113158	1.7818	chip2
1698433	9188838	1.1221	chip2
1742913	9197184	0.8273	chip2
1667097	9207054	0.6191	chip1
1667243	9207371	1.6556	chip1
1692168	9226424	0.6609	chip2
1710783	9258568	1.5474	chip1
1714367	9296863	1	chip1
1714484	9297033	0.8589	chip1
1714748	9303529	0.6429	chip1
1717601	9320204	0.5464	chip2
1647729	9368614	1.1159	chip1
1654332	9404707	1.3101	chip1
1654518	9406044	1.1973	chip1
1728985	9467529	1	chip2
1702917	9492722	1.3918	chip2
1704605	9573787	0.8079	chip2
1673080	9598340	1.7318	chip2
1738800	9620074	0.6698	chip1
1665687	9638349	0.7009	chip1
1738927	9667984	0.84	chip2
1724624	9692973	1.2546	chip2
1703501	9721877	0.7808	chip2
1758468	9741477	1.5345	chip2
1730342	9752835	1.0347	chip2
1702669	9764860	1.2578	chip2
1661747	9821317	1	chip1
1649136	9846310	0.6449	chip2
1711224	9858297	1.0207	chip2
1670453	9873555	0.9241	chip1
1733246	9897648	0.889	chip2
1659122	9898715	1.4631	chip2
1712260	9910192	1.2595	chip1
1713865	9915527	0.835	chip1
1728483	9917081	1.3329	chip2
1659244	9917371	1.6532	chip2
1719506	9934343	1.4724	chip1
1719632	9935409	1.168	chip1
1721224	9938129	1.7323	chip1
1685556	9952389	0.7932	chip2
1659792	9952725	1.5921	chip2
1664170	9952874	1.0419	chip2
1739377	9953010	0.8094	chip2
1720727	9958393	0.9232	chip2
1650529	9968229	1.498	chip1
1657436	9998667	0.6256	chip1
1657553	9998828	0.9979	chip1
1715105	10038886	1.804	chip2
1706558	10040505	1.1656	chip1
1706678	10040642	1.6123	chip1
1645738	10057709	1.1813	chip2
1714585	10059919	1.5552	chip2
1713617	10062045	1.9136	chip1
1735152	10077600	1.6716	chip2
1719200	10100526	1.2816	chip1
1686486	10107081	1.181	chip2
1664186	10108092	0.7203	chip2
1648509	10145086	1.2964	chip1
1757959	10165900	0.5569	chip2
1659360	10166274	1.9042	chip2
1728951	10166644	1.0459	chip2
1657150	10179985	1	chip1
1702140	10210353	1	chip1
1724862	10213180	1.1853	chip2
1730605	10217040	1.1914	chip2
1712816	10229370	1.938	chip1
1752978	10245120	1	chip1
1641992	10261682	1	chip1
1642258	10262383	0.7087	chip1
1642366	10262535	1	chip1
1702355	10375960	0.8125	chip2
1679616	10399486	0.6234	chip2
1718987	10399700	1.4404	chip2
1682086	10399891	1.5551	chip2
1673989	10403168	2.0982	chip1
1674310	10404586	1.3204	chip1
1747433	10407613	1	chip2
1679264	10427785	1.3039	chip2
1724877	10443065	0.6808	chip1
1728428	10452585	1.1081	chip1
1671451	10585057	1	chip1
1712413	10587222	1.1483	chip2
1671765	10587543	1.1152	chip1
1685042	10613206	1.1159	chip2
1713645	10617680	2.0024	chip1
1708793	10640559	2.0176	chip2
1704235	10640782	1.3299	chip2
1697779	10640989	1.4219	chip2
1669253	10663404	1.3322	chip2
1752079	10696899	1.1065	chip2
1730441	10697074	0.6489	chip2
1651459	10740112	1.4678	chip1
1651571	10740802	1.0429	chip1
1651679	10741175	1.0994	chip1
1720165	10845878	0.9658	chip2
1702424	10846466	1.2739	chip1
1724932	10868872	1.2168	chip2
1711339	10882207	1	chip1
1643693	10921258	1.6737	chip1
1643871	10922962	1.0966	chip1
1758676	10960899	0.6513	chip2
1736751	10974093	1.8452	chip2
1720825	10974397	0.5975	chip2
1724658	10976705	0.8899	chip2
1738607	10977046	1.9447	chip2
1758108	11002601	1.2721	chip2
1750861	11004617	0.7089	chip2
1659650	11004736	1.7405	chip2
1710186	11048677	0.7824	chip1
1674185	11073164	0.414	chip2
1647030	11113491	1	chip2
1691735	11147973	1.0372	chip1
1699979	11175697	0.7737	chip2
1728670	11186791	1.026	chip1
1728840	11187118	1.1272	chip1
1728930	11187243	0.8555	chip1
1739310	11247789	0.566	chip1
1740750	11251203	1.1875	chip1
1740860	11251676	1.4665	chip1
1707523	11253191	1.3489	chip2
1668491	11284439	1.3992	chip1
1668605	11284475	1.1372	chip1
1668786	11284809	0.6647	chip1
1668936	11284889	0.7274	chip1
1675683	11304543	0.6469	chip1
1686430	11320915	1.3721	chip2
1712861	11338766	1.2684	chip2
1728230	11366003	0.9135	chip1
1718103	11374730	0.8774	chip2
1751353	11386102	0.8066	chip2
1661018	11427391	1.5073	chip1
1664299	11463533	1.4285	chip1
1712375	11538160	1.252	chip2
1687402	11600924	1.0786	chip2
1648141	11620603	1	chip1
1716639	11643946	1	chip2
1657864	11729074	2.043	chip2
1643914	11729225	0.794	chip2
1655215	11754851	0.5594	chip2
1675395	11790184	1.0617	chip2
1671520	11801155	1.1222	chip2
1756943	11801177	0.9977	chip2
1672898	11839608	1.5373	chip2
1721035	11845445	0.7924	chip2
1713123	11845794	1.1188	chip2
1729674	11901629	0.989	chip2
1700770	11909243	1.156	chip1
1702614	11915154	1.155	chip1
1704542	11927195	1.4071	chip1
1710135	12012152	0.9409	chip2
1669891	12012993	0.5332	chip2
1746134	12044464	0.8524	chip2
1721087	12064305	1.086	chip2
1677118	12073925	0.4442	chip2
1731565	12106670	1.3532	chip2
1753303	12131209	0.7223	chip2
1675950	12138021	0.7567	chip2
1743167	12142424	1.8758	chip2
1719185	12146231	1.1449	chip2
1674095	12185576	0.5642	chip1
1675265	12212859	1.8273	chip2
1744871	12222801	0.8273	chip2
1726987	12279275	0.7996	chip1
1675924	12323894	1.4791	chip2
1743001	12332795	0.8383	chip2
1698995	12339974	0.6684	chip2
1669931	12349325	0.9323	chip2
1664763	12384649	1.8587	chip1
1664867	12385164	0.9072	chip1
1641869	12386256	0.808	chip2
1651740	12386304	1.012	chip2
1646228	12437555	0.8221	chip2
1702423	12438053	0.5578	chip2
1670684	12438269	0.6732	chip2
1711792	12454644	0.736	chip2
1722743	12463217	1	chip1
1646455	12482617	0.8686	chip1
1648427	12496925	1	chip1
1648543	12497115	1.2348	chip1
1648789	12497805	1.0516	chip1
1653106	12507521	0.7045	chip2
1653416	12523945	1	chip2
1653485	12525699	1	chip1
1655296	12527343	0.8876	chip1
1700794	12572737	1.346	chip1
1706513	12597066	1.3628	chip2
1657734	12597363	0.5075	chip2
1711429	12607183	0.6492	chip1
1685778	12624818	0.5975	chip2
1735617	12633208	0.7225	chip2
1740769	12650515	2.5377	chip2
1755972	12651357	1.1192	chip2
1736167	12655089	0.6509	chip2
1727066	12655998	0.6358	chip2
1692805	12680358	1.4859	chip1
1696563	12702764	1	chip1
1701672	12717934	1.2304	chip1
1712587	12738022	1	chip2
1652588	12738724	1	chip2
1705652	12744624	1.1365	chip1
1707126	12746236	0.3891	chip1
1747042	12758367	1.0373	chip1
1684922	12776594	1	chip2
1663248	12804917	1	chip2
1659800	12820365	1.094	chip2
1713011	12824782	0.9336	chip2
1673448	12849275	1.4339	chip2
1676152	12853188	0.8515	chip2
1711865	12892539	0.8988	chip1
1737593	12917909	0.8956	chip2
1710582	12925506	1.1783	chip2
1655428	12948057	1.0379	chip1
1756296	12983593	1.3586	chip2
1709446	12987962	1.0848	chip1
1710785	12988254	0.6041	chip1
1712918	12996263	1.4515	chip1
1652664	13004070	1	chip2
1682476	13021290	1.0034	chip2
1654272	13035735	1.8885	chip1
1654622	13040482	0.7817	chip1
1643397	13043232	0.6479	chip2
1645330	13059323	0.7597	chip2
1697838	13066901	0.9501	chip1
1703420	13105368	0.9429	chip1
1724834	13132801	0.9062	chip2
1712082	13153338	0.9765	chip1
1714737	13168601	2.2428	chip2
1655003	13185714	0.6074	chip2
1680410	13186583	1.1689	chip2
1651402	13210487	0.5317	chip2
1691573	13244912	0.9207	chip1
1691703	13244953	0.5838	chip1
1674333	13249361	0.7105	chip2
1693324	13252308	0.7065	chip1
1695256	13265703	0.8497	chip1
1695438	13266796	2.1458	chip1
1702380	13317884	1.1566	chip1
1665190	13348713	1.982	chip2
1750721	13417039	0.6365	chip2
1727995	13421323	1.5323	chip2
1721976	13446547	0.5602	chip2
1759051	13446812	1.5941	chip2
1753066	13467837	1.4978	chip1
1672696	13474577	1.0063	chip2
1734622	13475807	0.9066	chip2
1642839	13539596	0.9509	chip2
1680683	13543316	1.4431	chip1
1686307	13620331	0.9799	chip1
1681782	13701470	0.6986	chip2
1696463	13728386	1.9256	chip1
1737421	13762346	1.1297	chip2
1740326	13775653	1.0259	chip1
1675960	13858933	0.9931	chip2
1659533	13943214	0.6452	chip1
1754350	13958489	0.7427	chip2
1676460	13984529	1.0182	chip2
1689350	13984568	1.7613	chip2
1704460	13988908	1.7062	chip1
1704864	13990478	1.4065	chip1
1706514	13999103	1.5594	chip1
1715434	14076212	1.5171	chip1
1757090	14118569	1.9026	chip1
1707415	14139827	1.1089	chip2
1653825	14212636	1.0428	chip1
1653939	14213415	1.0275	chip1
1653142	14229082	0.6799	chip2
1698908	14265679	0.6645	chip1
1699024	14265880	1.7721	chip1
1706176	14293001	1	chip1
1749390	14312927	0.6014	chip1
1644201	14405834	1.3394	chip1
1647260	14424048	0.9796	chip2
1686090	14424275	0.474	chip2
1662792	14424876	0.8274	chip2
1752289	14451743	0.535	chip2
1695086	14453754	1	chip1
1689294	14459168	1.066	chip2
1681905	14585084	1.6116	chip1
1683707	14599974	0.6286	chip1
1688879	14629863	1.0093	chip1
1692451	14654879	1.5155	chip1
1673610	14677869	1.2149	chip2
1721107	14698202	1	chip2
1735310	14730742	1.0894	chip2
1685070	14796659	1.5917	chip2
1667640	14797576	1.0289	chip2
1649870	14797853	1.5351	chip2
1726766	14853859	0.8193	chip2
1754727	14856741	1.1906	chip1
1645555	14879186	1	chip1
1645689	14879245	0.749	chip1
1645827	14879494	1	chip1
1646091	14880581	1	chip1
1704930	14989361	0.8519	chip1
1751449	15001067	0.576	chip2
1744938	15002436	0.6631	chip1
1652922	15006882	1.0996	chip2
1735206	15015407	0.6799	chip2
1752194	15018049	1.2371	chip1
1752460	15019192	1	chip1
1752572	15021680	0.6171	chip1
1724046	15040594	1	chip2
1689514	15040864	1	chip2
1683613	15051600	1.9816	chip1
1683727	15052193	1.6829	chip1
1713892	15060292	1.3968	chip2
1712881	15060794	0.956	chip2
1758367	15061008	0.5562	chip2
1744548	15091806	0.7421	chip1
1694393	15102045	1.2431	chip2
1691265	15167500	1.1834	chip1
1645088	15168001	1.1677	chip2
1674159	15171662	0.5908	chip2
1733617	15182229	1	chip1
1734961	15182479	0.7526	chip1
1735075	15182769	1	chip1
1742603	15199031	1.5425	chip2
1695539	15202475	1.1328	chip2
1751237	15202689	1.1165	chip2
1694683	15206342	1.1774	chip2
1741874	15218384	1.1127	chip1
1684204	15222882	0.9635	chip2
1743508	15224094	1.3759	chip1
1745269	15231759	1.0214	chip1
1669928	15259431	1.4951	chip1
1671305	15259684	2.3093	chip1
1724696	15311130	1.4278	chip2
1729437	15337546	0.749	chip1
1670341	15338758	1	chip2
1652646	15338918	1.0244	chip2
1733175	15346845	1.1485	chip1
1734691	15347984	0.9802	chip1
1734801	15348290	0.8711	chip1
1686938	15355876	1.4315	chip2
1738370	15358067	1.2625	chip1
1738216	15363912	1.3857	chip2
1706369	15373454	1.4549	chip2
1755863	15382681	0.6463	chip1
1694467	15383203	0.9434	chip2
1681060	15383756	0.9842	chip2
1645496	15384002	1.5753	chip2
1641880	15386901	1	chip1
1686394	15451543	1.2859	chip2
1643349	15454971	1.7265	chip2
1701136	15458929	1.1366	chip1
1701246	15458948	0.3459	chip1
1742822	15471507	1.2525	chip1
1742936	15471985	1.8264	chip1
1743192	15474582	0.566	chip1
1643128	15508116	0.7999	chip1
1739018	15551872	0.6545	chip1
1693917	15556025	1.2218	chip2
1713083	15557236	1	chip2
1644784	15558385	0.6913	chip2
1678797	15586912	0.9545	chip1
1680235	15587875	0.9397	chip1
1681943	15589646	1.2877	chip1
1684045	15594346	1.3005	chip1
1685955	15598682	1.6184	chip1
1720713	15598897	1.4313	chip2
1706747	15599033	1.3971	chip2
1757958	15599211	1.7783	chip2
1727467	15599341	1	chip2
1724574	15599436	1.535	chip2
1692744	15599887	0.8414	chip2
1668310	15600148	1.0512	chip2
1729687	15610574	1.7439	chip1
1731606	15635258	1.2614	chip1
1734705	15644757	0.9295	chip1
1734821	15644848	0.8628	chip1
1705317	15645748	1.2113	chip2
1661872	15646025	1.6261	chip2
1743136	15682759	1	chip1
1743296	15682955	1.4301	chip1
1727333	15684113	1	chip2
1741953	15684261	0.6475	chip2
1712883	15684649	1	chip2
1685726	15711785	0.9973	chip2
1689558	15713167	1.4009	chip2
1676375	15719561	1.7236	chip1
1744899	15741045	0.3767	chip2
1725817	15753501	0.76	chip1
1732539	15766975	0.7066	chip1
1673731	15825965	1	chip1
1673829	15826091	0.8928	chip1
1708556	15843220	1.1238	chip2
1698951	15846812	1.8754	chip2
1724022	15848806	0.5598	chip2
1748947	15850299	0.8796	chip2
1646334	15851710	1.1901	chip2
1691575	15862579	1.3067	chip1
1696122	15904742	1.1989	chip2
1748952	15934886	1	chip1
1676638	15939902	1.0023	chip2
1754383	15951225	0.6069	chip1
1698149	15962926	1.3638	chip2
1754516	15966119	0.7582	chip2
1708112	15967252	1.8454	chip2
1690657	15974862	1.4191	chip2
1673092	15975036	0.9498	chip2
1655649	15984666	0.8016	chip2
1689349	15988327	1.5752	chip1
1690776	15988896	1	chip1
1732723	16001367	0.7169	chip1
1732957	16002582	1.0133	chip1
1721427	16124203	1.9247	chip2
1739032	16171922	1.6277	chip1
1739246	16172141	0.766	chip1
1663299	16191861	0.8862	chip1
1683826	16197746	0.5086	chip2
1671602	16199668	1.1793	chip2
1648184	16204299	1	chip2
1693024	16204912	0.6046	chip2
1683348	16239006	1.1846	chip2
1718709	16272849	1.5604	chip2
1752169	16273140	1.5795	chip2
1724784	16293233	0.8503	chip2
1726567	16294439	2.265	chip1
1727830	16294523	1.0434	chip1
1729976	16314615	1.2817	chip2
1736309	16351505	1	chip2
1672324	16352080	1.338	chip2
1660456	16379656	1	chip1
1660572	16380148	0.7756	chip1
1714630	16431210	1	chip1
1719914	16448093	0.739	chip1
1722616	16454321	1.3241	chip2
1758132	16454369	1.6853	chip2
1725431	16472929	1	chip1
1725621	16473467	1.3625	chip1
1686260	16474628	1.722	chip2
1737987	16480251	1	chip1
1744418	16507508	0.6261	chip1
1732061	16552854	1.0515	chip2
1675707	16557087	1	chip1
1684503	16578329	0.8431	chip1
1684763	16580367	0.9859	chip1
1684865	16580409	1.2507	chip1
1738048	16602155	2.0628	chip2
1743267	16648989	1	chip2
1668191	16657662	0.599	chip1
1668301	16657853	1.161	chip1
1671849	16668284	1.8002	chip1
1702957	16675859	1.172	chip2
1678877	16688575	1.1467	chip1
1722969	16701567	1.8865	chip1
1723077	16701879	1.0157	chip1
1678008	16761101	0.7097	chip2
1736675	16821265	0.5718	chip2
1669326	16823974	0.7716	chip1
1662930	16915281	0.6025	chip2
1654977	16930918	0.6137	chip2
1671864	16931801	1.5846	chip2
1721754	16933601	0.9414	chip2
1753913	16952565	1.306	chip2
1662953	16965199	1.4923	chip1
1643335	16967146	1	chip2
1650458	16968974	1.6051	chip2
1706675	17019681	1.6931	chip2
1670424	17019895	0.7	chip2
1751073	17020043	0.7462	chip2
1724554	17020088	1.4878	chip2
1747567	17024476	1.1613	chip2
1701283	17032201	1	chip2
1694527	17043210	0.5239	chip2
1655226	17059709	0.7225	chip1
1655336	17059967	0.4569	chip1
1659017	17076722	1.0014	chip1
1659181	17076766	0.8992	chip1
1673026	17077082	0.7143	chip2
1661006	17079269	0.6874	chip1
1680341	17102897	1.0096	chip1
1682051	17110430	1	chip1
1680314	17131484	1.3759	chip2
1654351	17169640	1.8343	chip2
1689104	17194614	0.7251	chip2
1647576	17194651	1.4681	chip2
1669723	17195793	0.6725	chip2
1680881	17287774	0.5076	chip1
1697755	17303748	0.6572	chip2
1667418	17305573	1.1018	chip2
1715555	17306778	1.0236	chip2
1667566	17337877	1	chip2
1722473	17452907	0.5611	chip1
1722595	17453226	1.2597	chip1
1736177	17488152	1	chip2
1711911	17491337	1	chip2
1750291	17536805	1.0537	chip2
1741269	17538620	0.9254	chip2
1647189	17705315	0.8685	chip1
1757822	17739042	0.7543	chip2
1743589	17739064	1.1139	chip2
1663160	17743053	0.9294	chip2
1697651	17793675	1	chip2
1744875	17793755	0.4341	chip2
1651008	17793921	1.2365	chip2
1732829	17882321	1.1213	chip1
1732935	17882415	1.1142	chip1
1733075	17882961	0.9284	chip1
1733205	17883016	0.7962	chip1
1734551	17883822	1.0769	chip1
1663122	17907386	2.3725	chip2
1672783	18014528	0.9318	chip1
1713896	18094703	1.2286	chip2
1738985	18118297	1.2064	chip2
1725333	18127508	1.0691	chip1
1727909	18199839	1	chip2
1667536	18201318	0.7507	chip2
1661413	18208846	1.1976	chip1
1758727	18287493	0.9256	chip2
1688462	18309635	0.6803	chip2
1665478	18310297	0.9942	chip2
1685524	18358714	0.9856	chip2
1688034	18359665	1.8465	chip2
1705331	18380926	0.8725	chip2
1752805	18385799	0.8418	chip2
1730391	18477233	1.2912	chip2
1714115	18517691	1.8706	chip1
1717983	18537737	0.6219	chip2
1757772	18561362	0.4545	chip1
1650687	18598214	1.0659	chip1
1748247	18623206	0.8272	chip2
1720741	18623480	0.6355	chip2
1645708	18652367	0.7552	chip2
1649084	18654481	0.9727	chip2
1746265	18682839	0.7642	chip1
1746383	18683112	0.8495	chip1
1753768	18707081	0.7198	chip1
1755283	18707921	1.1295	chip1
1654405	18833682	0.6414	chip2
1746907	18833772	1.3666	chip2
1753429	18835204	0.7156	chip2
1714064	18835431	0.735	chip2
1667370	18898921	0.9718	chip2
1705967	18916197	1.4109	chip2
1742509	18936095	1.8587	chip2
1700937	18941114	1.0186	chip2
1738958	18941730	1.2263	chip1
1677980	19132044	1.4891	chip2
1734830	19144096	0.4264	chip2
1729511	19177157	1.0376	chip1
1719303	19226320	1.1191	chip2
1660508	19236894	0.6093	chip1
1660630	19236971	1.1447	chip1
1661951	19237062	1.3404	chip1
1662053	19237082	1.3349	chip1
1662229	19237695	1.6146	chip1
1662317	19237755	1.3356	chip1
1662587	19238983	0.8162	chip1
1664271	19243966	0.7881	chip1
1665667	19246600	1.1705	chip1
1707728	19277075	1.0054	chip1
1707835	19277186	0.8116	chip1
1707973	19277532	1.2163	chip1
1708227	19279055	0.8901	chip1
1737469	19288719	1.6602	chip2
1713190	19289442	0.6321	chip1
1713425	19290691	0.9238	chip1
1716908	19300853	1.167	chip1
1717080	19301257	0.6679	chip1
1717204	19301310	1	chip1
1648499	19357057	0.4136	chip1
1649911	19357530	1.315	chip1
1690603	19368901	0.9908	chip2
1702346	19398035	1	chip1
1668458	19415882	1.4367	chip2
1722130	19429841	0.7056	chip2
1756025	19457918	1.0594	chip1
1756344	19458926	0.6455	chip1
1649321	19491026	1.2792	chip1
1696380	19495213	1.0286	chip2
1673232	19495270	0.8522	chip2
1659494	19495298	0.8038	chip2
1652851	19508664	0.7012	chip1
1692509	19519581	1.1846	chip1
1694518	19530308	1.0022	chip1
1642861	19550042	1.4829	chip2
1673134	19558736	0.4927	chip2
1703258	19566037	1.8721	chip1
1703538	19572212	1	chip1
1744269	19579221	0.8405	chip2
1737001	19601543	1.092	chip2
1681866	19646783	1.0167	chip2
1698699	19647148	0.4552	chip2
1735039	19651623	1.1338	chip1
1664235	19674798	1	chip1
1671275	19700844	1.4348	chip1
1696186	19722604	1.3857	chip2
1715002	19736016	1.3366	chip1
1718800	19744008	0.5569	chip1
1718922	19744033	1.5625	chip1
1756443	19757473	1.2976	chip2
1726402	19757524	0.9888	chip2
1670520	19759114	0.8059	chip2
1730389	19772393	0.5828	chip2
1712679	19772870	1	chip2
1725872	19777492	1.593	chip2
1704441	19809017	1	chip2
1656704	19813344	1.578	chip1
1748235	19906303	0.8003	chip2
1730945	19982495	1.2298	chip2
1702886	19993922	1.5919	chip1
1709836	20030067	0.4997	chip1
1642524	20095304	1.3141	chip1
1718405	20105767	0.4326	chip2
1647744	20156850	1.7266	chip2
1693885	20168869	1.2842	chip2
1697537	20170978	0.7995	chip2
1746631	20186324	1.648	chip2
1698268	20186950	2.1589	chip1
1698412	20187050	0.9677	chip1
1661254	20205020	1	chip2
1748846	20237413	0.7245	chip1
1686316	20287310	1.2399	chip2
1704927	20291554	1	chip2
1708771	20483833	0.487	chip2
1726155	20663617	1.5384	chip1
1648103	20680033	0.9356	chip1
1648223	20680317	0.7974	chip1
1723342	20709015	1.5029	chip2
1643405	20709606	0.7666	chip2
1660652	20769624	0.706	chip1
1652960	20825930	0.5862	chip2
1683562	20826383	0.7727	chip2
1697432	20904222	1	chip2
1642028	20912485	0.7036	chip1
1646836	20919318	0.4784	chip2
1647589	20928253	1.7322	chip1
1663478	20930386	0.6336	chip2
1752643	21018717	1.4269	chip2
1752096	21116361	0.7993	chip1
1757524	21144012	1.1604	chip1
1681094	21255107	2.5988	chip2
1695206	21260653	0.9938	chip1
1696873	21266977	1.445	chip1
1706673	21273222	0.7016	chip2
1742639	21276387	1.2474	chip2
1642189	21307665	0.7397	chip2
1651934	21307787	1.2818	chip2
1753545	21313558	0.956	chip2
1743778	21329121	0.966	chip1
1751439	21514717	1.6645	chip2
1681780	21518837	0.5391	chip2
1652998	21521722	1.8749	chip2
1659786	21570078	0.5819	chip2
1719340	21722842	1.1585	chip1
1647301	21760553	1	chip1
1675095	21803904	1.5271	chip2
1680136	21814547	1.3151	chip2
1699488	21834167	2.1143	chip1
1707759	21854839	1	chip1
1713523	21881664	1.8176	chip1
1715078	21895184	1.4259	chip1
1756606	21915950	0.775	chip1
1687148	22014991	1	chip2
1706942	22067263	1	chip1
1707460	22072679	1	chip1
1749116	22090595	1	chip1
1749270	22090650	1	chip1
1749372	22090743	1	chip1
1750722	22090947	1	chip1
1699121	22096476	1	chip2
1643381	22132614	1	chip2
1689157	22156249	1	chip1
1708058	22193867	2.3912	chip2
1751814	22252851	0.8788	chip1
1679183	22270363	1	chip1
1679475	22271038	1	chip1
1681173	22274072	0.893	chip1
1681263	22274531	0.4514	chip1
1681637	22275898	1	chip1
1681727	22276058	1	chip1
1691044	22288710	1.1348	chip2
1737252	22326476	1	chip1
1737368	22327060	0.9188	chip1
1737484	22327229	0.7488	chip1
1737642	22327566	0.6795	chip1
1680346	22330952	1.1215	chip2
1659554	22342312	1.6444	chip2
1649683	22408864	0.8074	chip1
1649809	22410170	1.7006	chip1
1649919	22410490	0.6823	chip1
1757916	22547686	1.0786	chip2
1649069	22602074	0.705	chip1
1688935	22628533	0.5952	chip1
1666630	22640624	1.3138	chip2
1748107	22640980	0.7708	chip2
1681660	22641136	0.8566	chip2
1670838	22645162	1.0362	chip2
1704005	22645757	1.1414	chip2
1684050	22672714	1	chip2
1742650	22696627	1	chip1
1699733	22701695	1.4238	chip2
1731997	22705960	0.6331	chip2
1694902	22788601	1	chip1
1695174	22789363	1	chip1
1717573	22854446	1.1652	chip2
1653474	22881104	0.914	chip2
1728411	22925175	0.7776	chip2
1709079	22944500	0.7496	chip2
1753525	22944601	1.3648	chip2
1681895	22945466	0.5506	chip1
1732843	22993943	1.555	chip1
1732951	22994024	0.6384	chip1
1727020	23041773	1.2275	chip2
1667065	23047869	1.1811	chip1
1664564	23097739	1	chip2
1696871	23165594	0.6184	chip1
1697013	23165817	1	chip1
1700721	23186954	1.3718	chip1
1700818	23187361	1	chip1
1702738	23193161	1.0492	chip1
1739287	23270400	0.9359	chip2
1721089	23295553	1.7293	chip2
1646265	23297765	1.2698	chip1
1647633	23298790	0.8933	chip1
1686107	23308171	0.9104	chip1
1686219	23308369	0.5439	chip1
1677698	23311989	0.555	chip2
1693187	23348050	0.8848	chip1
1718145	23406390	0.7277	chip2
1727575	23410022	0.8716	chip2
1748574	23434589	0.963	chip1
1678387	23469388	1	chip1
1677554	23470628	1	chip2
1697823	23477910	0.8122	chip2
1745196	23526189	1.6898	chip2
1672312	23532116	1.024	chip2
1734237	23539837	1	chip1
1734355	23540543	1.6753	chip1
1684488	23573547	0.3997	chip2
1690856	23573746	0.9008	chip2
1707565	23599589	1	chip2
1679043	23760545	0.7423	chip1
1679509	23807753	1.0714	chip1
1687824	23862024	1.8098	chip2
1723308	23862371	2.2016	chip2
1730331	23887277	1.14	chip1
1731790	23896049	1	chip1
1677868	23937652	0.8786	chip2
1731603	23937782	0.9745	chip2
1689979	23937930	0.8777	chip2
1749852	23961201	0.9456	chip1
1749972	23965576	1.5515	chip1
1753482	23984093	1	chip1
1705621	24033110	0.7759	chip2
1642685	24048021	2.044	chip2
1690838	24069103	0.7304	chip2
1688427	24076395	1.6363	chip1
1671320	24093613	1.0006	chip2
1665060	24093833	0.4886	chip2
1683786	24122028	0.7034	chip2
1698592	24133310	0.968	chip1
1698702	24133387	0.6819	chip1
1743788	24152545	1.2606	chip1
1749664	24167041	1	chip1
1690941	24309679	1.1406	chip1
1688066	24330313	1	chip2
1644140	24346140	1	chip2
1735083	24348058	0.6471	chip1
1681152	24371416	1.22	chip2
1680974	24373449	1	chip2
1741380	24379225	2.078	chip1
1656913	24480613	0.5488	chip2
1717437	24480786	1.0344	chip2
1716827	24537790	1.3144	chip2
1736667	24726455	1	chip2
1667937	24838945	1	chip1
1668081	24839426	1	chip1
1721196	24912722	1	chip1
1643157	24996940	0.8859	chip2
1672158	24997283	1	chip2
1728378	25030256	1	chip1
1745256	25180406	0.6887	chip2
1683645	25326172	0.962	chip1
1683781	25326907	0.8347	chip1
1716873	25454582	0.5759	chip2
1740835	25455495	1.2357	chip2
1744448	25468939	0.6193	chip1
1677249	25597055	1.1633	chip1
1648092	26088200	1.4641	chip2
1654457	26147643	1.2476	chip2
1741691	26148028	0.8507	chip2
1690701	26155905	1	chip2
1672669	28084896	0.6408	chip1
1674301	29309964	1	chip2
1645640	29310063	1.0027	chip2
1681044	29311279	1.0615	chip2
1756411	29367806	1.2779	chip2
1729717	29369575	1.8775	chip1
1739983	29406356	1	chip2
1652982	29469970	0.7445	chip2
1750455	29482203	1.499	chip2
1749863	29482515	1.5832	chip2
1655822	29933631	1.1647	chip1
1659189	29974769	1.7386	chip1
1741909	30255002	1	chip2
1645373	30675396	1	chip1
1645627	30676768	1	chip1
1668779	30677558	1	chip2
1729802	30677652	1	chip2
1649654	30830772	1	chip2
1734459	30896851	0.6184	chip1
1653208	30905617	1.218	chip2
1724414	30949712	1.155	chip2
1652818	31224759	0.8166	chip2
1654131	31226413	1	chip2
1674817	31273513	1	chip2
1650951	31289688	0.5514	chip1
1691538	31391022	0.6662	chip2
1662332	31768314	1.2839	chip2
1744647	31919121	1	chip2
1683670	31919527	1.0367	chip2
1661675	31946293	0.9614	chip1
1643055	31982015	0.8542	chip2
1715125	32021503	0.6291	chip2
1719304	32086269	1.143	chip1
1719426	32086832	1	chip1
1721705	32103708	0.7736	chip1
1649724	32123851	0.9331	chip2
1728624	32141078	1	chip1
1730293	32159726	1.2383	chip1
1671848	32178389	0.8297	chip2
1712569	32248873	1	chip2
1655629	32309697	1.0389	chip2
1662986	32325217	0.8337	chip2
1646626	32325488	0.8227	chip2
1642185	32489228	1.2093	chip2
1720438	32500997	0.7726	chip1
1645859	32574464	0.8327	chip1
1645987	32574507	1.0692	chip1
1742383	32650141	1.9925	chip2
1746358	32695151	1.4756	chip2
1705210	32788941	1.114	chip1
1703127	32789177	1.3782	chip2
1695215	32822058	0.7622	chip2
1751705	32930162	0.9222	chip2
1754429	32932454	1.8067	chip1
1755773	32934355	0.755	chip1
1643607	32970124	1.6422	chip1
1679920	32972487	1	chip2
1720559	32986816	0.8824	chip2
1693166	33068759	0.8072	chip2
1702870	33103903	0.7055	chip1
1649210	33116625	1.051	chip2
1728685	33194125	0.5222	chip2
1684483	33242095	1.0524	chip1
1696523	33372659	1.9607	chip1
1696645	33373166	1.0296	chip1
1696769	33373198	0.5656	chip1
1712708	33403387	1.057	chip1
1714920	33432353	1	chip1
1687200	33523089	1.746	chip2
1737792	33523700	0.6472	chip2
1656536	33549562	1	chip1
1718978	33696692	1.6124	chip1
1659026	33768859	1.8207	chip2
1660909	33770388	1.117	chip2
1703962	33908578	0.8846	chip1
1704068	33908789	1.975	chip1
1666972	33910856	1	chip2
1663856	33912224	0.9209	chip2
1710652	34151905	1.3138	chip2
1709805	34166072	1.2898	chip2
1692669	34224346	0.8791	chip1
1647666	34443365	0.5584	chip2
1725230	35246928	1.7306	chip2
1708600	35310424	0.6117	chip2
1703074	35358132	1	chip1
1642846	35539245	1.3367	chip1
1644853	35564261	1	chip1
1644979	35564499	1.2183	chip1
1648403	35581911	0.5633	chip1
1726940	35679701	0.5705	chip2
1654239	35738578	0.9642	chip2
1683797	35774476	0.7282	chip1
1661075	35807549	1.3128	chip2
1686003	35824285	1	chip1
1689447	35871235	0.9602	chip1
1716023	35892722	2.0154	chip2
1694596	35903108	1.0825	chip1
1660217	35905168	1.7371	chip2
1723322	35905199	1.2151	chip2
1696501	35909614	0.6337	chip1
1691368	35933409	1.1357	chip2
1649874	35933727	1.9644	chip2
1694469	36094246	1.8142	chip2
1716577	36101933	0.9372	chip2
1678333	36102288	1.0204	chip1
1674717	36103753	1.0582	chip2
1679913	36109249	1.0786	chip1
1713732	36150356	1.8401	chip2
1735710	36230414	0.7376	chip1
1737871	36237564	0.6944	chip1
1722812	36251743	1.5622	chip2
1673561	36334865	0.9018	chip1
1673661	36335089	1.2427	chip1
1650254	36404533	0.8408	chip2
1663174	36404995	0.9551	chip2
1656989	36421074	0.8358	chip2
1698316	36435348	0.8432	chip1
1712468	36536221	1.1392	chip1
1704553	36539571	1.054	chip2
1654359	36578518	1	chip2
1652572	36580432	1	chip2
1673504	36624040	1	chip2
1753643	36625324	1	chip2
1663752	36639306	1	chip2
1690820	36676481	1.5906	chip1
1695878	36705280	0.8146	chip1
1684207	36819791	0.9365	chip1
1684591	36821845	0.742	chip1
1691812	36827446	0.5438	chip2
1666438	36852829	0.9269	chip2
1696969	36910448	1.1122	chip1
1746801	37054302	1.9965	chip2
1642351	37064606	0.9703	chip2
1730088	37077073	1.044	chip2
1683679	37142841	1.0637	chip1
1688953	37180137	0.4783	chip1
1689045	37180707	1.1225	chip1
1732759	37230025	1	chip1
1690131	37342368	1.181	chip2
1742325	37342908	1.2257	chip2
1677951	37390809	0.7906	chip1
1678083	37391605	0.5376	chip1
1695483	37395770	0.6242	chip2
1719730	37411359	1.5309	chip1
1721989	37426155	0.8201	chip1
1736419	37449930	0.8337	chip2
1665940	37450516	1.4368	chip2
1730540	37458350	0.8576	chip1
1730688	37458649	0.6202	chip1
1659130	37460494	1	chip2
1756449	37460617	0.63	chip2
1740135	37461156	1	chip2
1657237	37499939	0.846	chip2
1753182	37505974	1.8446	chip1
1753322	37506001	0.9517	chip1
1753580	37508263	1	chip1
1757014	37514848	1.0438	chip1
1661181	37523895	0.6896	chip2
1644539	37524803	1.203	chip1
1686205	37551920	0.8485	chip1
1686313	37553461	0.6574	chip1
1688145	37567621	1.2401	chip1
1683020	37613066	1.1626	chip2
1696936	37613924	1.0726	chip2
1702288	37640297	1.1131	chip1
1646532	37648688	0.9255	chip2
1695547	37660430	0.9392	chip2
1749202	37684819	1.1856	chip1
1750844	37690703	0.8422	chip1
1756610	37700963	1.2167	chip1
1682159	37706270	1	chip1
1758062	37769060	1.0864	chip2
1647714	37804504	2.052	chip2
1716493	37804766	0.4973	chip2
1727445	37823153	0.6858	chip2
1728329	37825693	2.41	chip2
1679218	37832784	1.8262	chip2
1738597	37846352	1	chip2
1730562	37858285	1.6639	chip1
1710818	37859856	1.501	chip2
1674471	37877952	1	chip2
1703561	37888716	1.3131	chip2
1709963	37901088	1.4757	chip2
1650596	37908620	1.5024	chip2
1691832	37924569	1.1499	chip2
1696618	37943722	1	chip2
1678465	37955735	1	chip1
1678561	37955979	0.9688	chip1
1709425	37968518	0.8849	chip2
1673348	38031048	0.8918	chip2
1649640	38064192	0.6455	chip2
1738240	38087546	1	chip2
1662333	38092776	1	chip1
1663875	38094753	0.9713	chip1
1665575	38110834	0.9083	chip1
1665727	38111657	1	chip1
1665843	38112238	1	chip1
1667529	38116883	1	chip1
1669274	38118955	1.5612	chip1
1669374	38119153	0.8722	chip1
1669698	38120310	1	chip1
1678686	38145076	1.6056	chip2
1669751	38173404	0.9941	chip2
1692742	38214117	0.77	chip2
1683834	38219458	1.7891	chip2
1695916	38238481	0.7826	chip1
1707081	38279399	1.0146	chip2
1748048	38330507	1	chip1
1667352	38416342	1.4593	chip2
1681149	38423377	1	chip1
1696248	38429377	1	chip2
1675646	38469620	1	chip2
1714254	38496100	0.6928	chip2
1744099	38528818	2.0426	chip2
1693094	38549030	0.9004	chip2
1740480	38588283	1.052	chip1
1671585	38652541	1	chip1
1680081	38722304	1	chip1
1682039	38727246	1.0599	chip1
1682315	38730443	0.8866	chip1
1643097	38802715	0.8823	chip2
1732911	38806426	0.8037	chip1
1737975	38815253	0.8302	chip1
1707699	38824462	1.5154	chip2
1750609	38824783	0.7736	chip2
1663629	38837310	0.4734	chip1
1665485	38852633	1.0052	chip1
1709189	38866233	0.7489	chip2
1723855	39048197	1.2738	chip1
1727416	39096743	2.0635	chip1
1728926	39123756	0.5222	chip1
1704439	39147283	0.4259	chip2
1750193	39147610	2.0548	chip2
1732884	39170136	1.0778	chip2
1661501	39246420	1.5707	chip1
1661599	39246458	1	chip1
1698217	39343518	0.7847	chip2
1706940	39354287	1.1217	chip1
1720996	39479032	0.4352	chip1
1737018	39505959	0.6944	chip1
1671446	39553625	0.9238	chip2
1745451	39557171	1.1773	chip1
1750656	39585961	2.2067	chip1
1673469	39596325	1.3071	chip1
1738957	39633339	1.1763	chip2
1653138	39634949	1.3234	chip2
1669783	39663134	0.8325	chip2
1683875	39710982	0.5683	chip1
1659020	39788501	1.369	chip2
1735691	39830225	0.9009	chip2
1670437	39926486	1.6076	chip1
1679223	39952402	1.3209	chip1
1679379	39953477	1	chip1
1721589	39967987	0.4903	chip1
1721699	39968179	0.5555	chip1
1727003	39994257	1.3999	chip1
1728952	39998232	0.9264	chip1
1732772	40018906	1.4093	chip2
1757945	40037991	1.3595	chip2
1676560	40041891	1.1021	chip2
1674943	40042498	0.9288	chip2
1718706	40143404	0.811	chip1
1722651	40151573	1.3034	chip1
1722842	40169308	0.8494	chip2
1712961	40201234	0.8946	chip2
1745218	40231295	0.6656	chip2
1647234	40239684	1	chip2
1703744	40252133	2.0756	chip1
1705902	40278039	1.2027	chip1
1707352	40278482	1.2886	chip1
1745238	40312475	0.9485	chip2
1710309	40312997	1.0422	chip2
1736259	40318043	1.3424	chip2
1744985	40318090	1.0859	chip2
1645329	40389307	1.4693	chip1
1654641	40398386	0.8309	chip2
1663534	40429991	2.2129	chip2
1654614	40436599	0.693	chip1
1656062	40439218	0.5787	chip1
1656370	40442152	1.0664	chip1
1656460	40442400	1.6541	chip1
1656562	40442750	0.9901	chip1
1656670	40443639	1.5433	chip1
1656772	40443978	0.5012	chip1
1723934	40459279	0.5168	chip2
1734246	40459320	1.7397	chip2
1668971	40461401	1.1375	chip2
1713538	40468399	1.1252	chip2
1681111	40500013	1.5257	chip1
1681259	40500918	1.3317	chip1
1681377	40500986	1	chip1
1650656	40510165	1.0879	chip2
1686667	40513956	1.0105	chip1
1686825	40514660	1.0565	chip1
1730355	40543335	0.8523	chip1
1659042	40556248	1	chip2
1678922	40594892	1.2028	chip2
1647616	40624919	0.6618	chip2
1673343	40665451	0.8641	chip1
1673475	40665758	1	chip1
1719206	40689929	1.2787	chip1
1726439	40724350	1.3794	chip1
1659628	40749905	0.9051	chip2
1738965	40750358	0.7523	chip2
1670596	40778203	0.7702	chip2
1698573	40794378	1.8014	chip2
1684592	40854450	0.7921	chip2
1667174	40855697	0.854	chip2
1683066	40855874	0.9115	chip2
1719794	40861352	0.8048	chip1
1743367	40866540	0.771	chip2
1723483	40872662	1	chip1
1702675	40875802	1.1503	chip2
1649479	40898462	1.0627	chip1
1665546	40898556	0.6884	chip2
1689254	40898608	1.4729	chip2
1672020	40993939	1	chip2
1643100	41066497	1.0899	chip1
1725252	41111765	1.7295	chip2
1655711	41140415	0.7792	chip2
1705670	41194805	1.367	chip1
1710439	41208932	0.8395	chip2
1703843	41210863	0.898	chip2
1723979	41214300	0.5691	chip1
1725455	41215113	0.5241	chip1
1729014	41231343	2.4764	chip1
1730900	41264322	0.5919	chip1
1672112	41378557	0.896	chip2
1664420	41641059	1.3507	chip2
1706817	41646201	0.9875	chip2
1659177	41675280	1	chip1
1683250	41728027	0.8033	chip2
1655467	41790709	0.9672	chip2
1670269	41886191	1	chip2
1697914	42003325	1.0587	chip1
1689731	42101802	0.586	chip2
1674595	42107262	0.7438	chip2
1755575	42183738	0.8115	chip1
1758772	42528911	1.1251	chip2
1701299	42614029	0.9983	chip2
1721924	42667504	0.6548	chip2
1727942	42717549	0.7383	chip1
1644636	42720519	1.5716	chip2
1734557	42768988	0.984	chip1
1666344	42910837	0.947	chip2
1671071	42959551	0.9221	chip1
1714826	43002140	1.0259	chip1
1718148	43013532	2.0276	chip1
1658101	43133719	1	chip1
1711374	43268646	1.1918	chip2
1665580	43268697	1.3241	chip2
1725044	43269097	1.1562	chip2
1711776	43319349	1.4391	chip2
1713846	43319451	1	chip2
1658827	43392157	1	chip1
1720689	43409081	1.5943	chip2
1682190	43409107	0.6817	chip2
1722542	43409695	1.1467	chip2
1756317	43428824	0.7188	chip2
1744497	43429426	1.2046	chip2
1689116	43429880	0.9485	chip2
1757672	43547120	0.6827	chip1
1642202	43553155	0.8094	chip1
1643480	43553480	1.0686	chip1
1693537	43564010	1	chip2
1742655	43575586	1	chip2
1648506	43575809	1.1736	chip2
1646696	43612713	1.2299	chip2
1708787	43622691	0.9502	chip2
1674455	43629647	1	chip2
1709511	43661092	1.3206	chip2
1642281	43661121	0.7444	chip2
1719334	43662476	1	chip1
1673302	43671959	1.1201	chip2
1722847	43673640	1	chip1
1733517	43740584	1	chip1
1746827	43744158	0.6797	chip2
1660844	43770270	0.6648	chip1
1720645	43813676	1.5937	chip2
1661541	43934201	0.4625	chip1
1661647	43934311	1	chip1
1740641	44070317	1	chip2
1688784	44127354	0.5266	chip2
1663200	44127975	1	chip2
1695424	44142045	0.9031	chip1
1702564	44188518	0.6309	chip1
1726110	44210702	0.9361	chip2
1736753	44354555	1.2519	chip2
1680508	44423473	1.3006	chip2
1703201	44478494	1.0604	chip2
1739714	44518234	1.2098	chip1
1730557	44543741	0.8442	chip2
1721886	44544341	1.2974	chip2
1650256	44544364	1.343	chip2
1719629	44619529	1.2013	chip2
1749213	44620155	1	chip2
1739675	44620648	0.7455	chip2
1671148	44659428	0.9208	chip2
1722127	44683929	1	chip1
1752611	44704780	1.1825	chip2
1652965	44783407	1.0922	chip1
1653071	44783987	0.9583	chip1
1701448	44838035	1.3271	chip1
1699585	44889584	0.9963	chip2
1678898	44890059	1.8994	chip2
1702611	44890922	1.4075	chip2
1727441	44890965	0.6634	chip2
1666414	44894516	1	chip2
1752114	44909535	1.4356	chip1
1647191	44967460	1.8718	chip1
1648481	44968069	0.7871	chip1
1710441	44985582	1.92	chip2
1650683	44990424	1	chip1
1695552	45010865	1	chip1
1695956	45011328	0.7075	chip1
1700838	45020126	1.0474	chip1
1701040	45021754	0.9709	chip1
1704671	45037647	1	chip2
1688774	45070570	0.5575	chip2
1754855	45086542	1.8567	chip1
1642906	45102828	0.6299	chip1
1644233	45102856	1.1263	chip1
1678370	45106991	0.6714	chip2
1691751	45149911	1	chip1
1718025	45666931	0.9793	chip2
1696795	45723657	1.1205	chip1
1645345	45910042	0.9736	chip1
1739967	45972894	0.5507	chip2
1670752	45985543	0.5487	chip2
1757931	45987307	1.2076	chip2
1692971	46180705	0.7494	chip1
1745940	46296791	0.7092	chip2
1728465	46321062	1.9959	chip2
1655735	46344698	1	chip2
1715441	46357833	1.1956	chip2
1726564	46358016	1.4336	chip2
1691599	46362631	1.4361	chip1
1692955	46362916	1.5211	chip1
1698286	46392563	1	chip1
1698534	46393660	1.0948	chip1
1703662	46416394	1.2577	chip1
1643446	46496933	0.7234	chip1
1643555	46497290	1.1979	chip1
1683669	46519060	1.1904	chip1
1683771	46519823	0.8011	chip1
1700028	46583675	0.8608	chip1
1684575	46761765	1.0562	chip1
1686575	46776466	0.8004	chip1
1690048	46799124	0.7954	chip1
1650106	46926803	0.4612	chip2
1678885	47099019	0.9512	chip1
1722797	47138643	1.6466	chip1
1668992	47292422	1.0254	chip1
1669106	47292624	0.6805	chip1
1691886	47441688	0.7678	chip2
1751374	47442852	0.7314	chip1
1751031	47444415	0.9278	chip2
1670279	47465037	0.922	chip2
1682567	47481530	2.1744	chip1
1691506	47494552	1.5669	chip2
1686177	47518059	0.5864	chip1
1738568	47576769	1.3414	chip1
1696564	47613465	0.693	chip2
1687139	47709417	0.5886	chip1
1642331	47738952	0.9764	chip2
1729936	47764927	0.5539	chip2
1738343	47868388	1.8134	chip2
1683838	47868815	1.4084	chip2
1667034	47871823	0.9196	chip2
1723448	47893353	0.9553	chip2
1743231	48002685	0.7997	chip2
1673017	48271268	1.0849	chip1
1654363	48274107	1.5095	chip2
1677399	48536914	0.5501	chip1
1679305	48561427	1.3887	chip1
1680621	48561647	1.0623	chip1
1682901	48578076	0.6442	chip1
1721752	48596642	0.8156	chip2
1684601	48600118	0.6693	chip1
1733602	48630337	0.7682	chip2
1663106	48662221	0.8136	chip2
1660019	48874488	1.2488	chip2
1752065	48874523	1.2255	chip2
1662230	48938989	1.0126	chip2
1729531	48970618	0.9498	chip1
1737586	49041119	1.137	chip1
1668407	49134809	0.6733	chip1
1668714	49137225	1	chip1
1672217	49149524	0.5041	chip1
1726206	49166946	1.1116	chip2
1688016	49167542	2.1727	chip2
1722314	49190813	1.6108	chip2
1654012	49259587	1.4095	chip1
1661060	49291771	0.9417	chip1
1744777	49387119	1.9493	chip2
1655765	49408386	1.2192	chip2
1645945	49439729	0.8104	chip1
1651607	49480197	0.5057	chip1
1651719	49480278	1.5094	chip1
1674212	49542387	0.9936	chip1
1676365	49568498	0.9078	chip1
1680567	49861147	1.566	chip1
1749475	49885125	1	chip2
1722643	49897988	0.4196	chip1
1722741	49898020	1.3625	chip1
1732963	49998575	1.5226	chip1
1733345	50001018	1.1986	chip1
1737621	50140400	0.8663	chip2
1714580	50189107	2.1402	chip1
1707385	50202786	0.647	chip2
1692102	50265452	1.1658	chip2
1656448	50345902	1.1395	chip1
1656550	50346145	0.6872	chip1
1743963	50367144	1.7152	chip2
1758681	50379569	0.8196	chip2
1664905	50395074	1.58	chip1
1664572	50396650	0.6759	chip2
1711748	50407516	1.2205	chip2
1740709	50408904	1.067	chip2
1708942	50440884	0.7498	chip1
1751601	50441231	1.5226	chip2
1721116	50488230	1.2276	chip1
1653963	50579660	1.0825	chip1
1750661	50591255	0.4739	chip2
1731176	50697689	0.8896	chip1
1705409	50712511	1.1879	chip2
1725972	50715959	0.8329	chip2
1674683	50716502	0.9	chip2
1657347	50726764	0.5797	chip2
1751447	50738326	0.8742	chip2
1670691	50749457	0.973	chip1
1720018	50783869	1	chip1
1721689	50786719	1	chip1
1721813	50787241	1.0141	chip1
1721969	50788191	1	chip1
1722253	50792137	0.7714	chip1
1661338	50821552	1.4455	chip2
1733729	50897234	0.7425	chip1
1699477	50909039	0.8529	chip2
1659509	50921190	0.8595	chip1
1659663	50921725	0.8578	chip1
1668193	50943913	0.7884	chip1
1749963	50951694	0.4868	chip2
1679336	50952389	0.6852	chip2
1715864	50984802	1.8678	chip1
1717510	50992731	1.6344	chip1
1719408	50998489	1.6063	chip1
1724653	51013811	1	chip1
1725011	51017390	0.8725	chip1
1700119	51031721	1.6819	chip2
1724860	51032449	1	chip2
1650441	51051356	0.9668	chip1
1650615	51052745	0.8014	chip1
1711302	51066349	0.8084	chip2
1740997	51066908	1.2025	chip2
1649214	51067371	0.6683	chip2
1654919	51067832	1.0727	chip2
1659029	51082885	1.723	chip1
1659279	51083355	0.9478	chip1
1662621	51096895	0.6836	chip1
1664551	51111377	0.5699	chip1
1664715	51112691	0.5423	chip1
1708215	51136416	0.4596	chip1
1708383	51138511	0.5393	chip1
1710078	51141624	1.3878	chip1
1758073	51163659	0.9603	chip2
1648772	51164201	2.4269	chip2
1664192	51169581	1.9005	chip2
1739947	51197172	1	chip2
1665204	51204098	0.7425	chip2
1656918	51222125	1.1245	chip1
1700294	51238361	0.9499	chip1
1704164	51260063	1.251	chip1
1707875	51270110	1	chip1
1745978	51292446	1	chip2
1707259	51292709	1.6576	chip2
1751080	51308176	1.4541	chip1
1704383	51353000	1	chip2
1725776	51353112	1	chip2
1651138	51376306	0.7317	chip2
1657658	51376439	1.2343	chip2
1663721	51378068	1.1584	chip1
1677485	51423786	1.078	chip1
1642465	51456198	1.252	chip2
1736397	51466201	0.6795	chip2
1705014	51914382	1	chip1
1705126	51914827	1	chip1
1699105	51929408	0.768	chip2
1754171	51989830	1.1823	chip1
1757760	51997608	1.0591	chip1
1641836	51997657	0.9819	chip1
1643170	51997775	1.2746	chip1
1721716	52027299	1.5676	chip2
1673148	52064657	1	chip2
1694183	52065902	0.9289	chip2
1726502	52086894	1.9286	chip2
1644104	52088118	1.2	chip2
1676048	52102332	2.6972	chip2
1644079	52106703	1.7584	chip1
1644424	52109454	1.2283	chip2
1691343	52149491	0.8234	chip1
1695010	52156350	1.5685	chip1
1703514	52178447	1.0292	chip1
1758957	52180076	1.1812	chip2
1697599	52180131	1.4922	chip2
1725822	52200214	0.7875	chip2
1683391	52242703	0.8257	chip1
1683631	52243066	1	chip1
1738551	52260700	0.7379	chip2
1693994	52268699	1	chip1
1679040	52284526	0.7088	chip2
1742612	52306099	1.0455	chip1
1742762	52306234	1.509	chip1
1742916	52306917	1.4782	chip1
1649346	52317793	1.6669	chip2
1674526	52333559	0.8718	chip1
1679817	52343629	1.1755	chip1
1672804	52359963	1.6858	chip2
1724878	52360876	1.8607	chip2
1668220	52384991	1.4197	chip2
1739004	52393460	0.8168	chip1
1730405	52395595	1.6519	chip2
1664748	52395724	1.8839	chip2
1743964	52411601	0.8991	chip1
1732173	52416192	1.6385	chip2
1755620	52438394	0.6861	chip2
1700450	52452442	1.1083	chip2
1675048	52465568	0.5729	chip1
1675178	52465664	1.4972	chip1
1675318	52465925	1	chip1
1666828	52528815	1	chip2
1668520	52529373	1.0069	chip2
1753785	52529460	1	chip2
1726111	52582742	1.3865	chip1
1726245	52582890	1.8417	chip1
1728330	52606041	0.5293	chip1
1734464	52625119	2.0402	chip2
1692484	52625318	1	chip2
1752037	52688469	1	chip2
1717807	52689652	1	chip2
1718188	52720863	0.9398	chip1
1718486	52721096	0.5683	chip1
1718598	52721144	1.5924	chip1
1725657	52734118	1.4085	chip1
1728137	52753128	1	chip2
1749281	52753646	0.8027	chip2
1693543	52754311	0.6566	chip2
1753634	52777669	1.1022	chip1
1755029	52779962	0.7542	chip1
1756738	52785429	0.6415	chip1
1756856	52785978	0.7369	chip1
1730451	52814314	0.8702	chip2
1686193	52829857	1.0031	chip1
1691761	52857941	0.715	chip1
1735662	52877771	1.4545	chip1
1735836	52878120	1	chip1
1698025	52882032	1.2874	chip2
1747454	52908663	0.8602	chip1
1722858	52918670	0.7782	chip2
1669589	52918965	0.7254	chip2
1649372	52926716	0.7973	chip2
1707826	52927397	1.4073	chip2
1751553	52927435	1.1319	chip2
1680741	52941375	0.7702	chip1
1682349	52942748	0.4891	chip1
1683911	52945008	1.0956	chip1
1686071	52967385	2.4753	chip1
1687369	52967480	1.7999	chip1
1669206	53045547	1.3637	chip1
1718195	53045679	0.8684	chip2
1669548	53046441	1.0003	chip1
1718508	53067859	1.4473	chip1
1712857	53075794	1.265	chip2
1693943	53082372	1.5816	chip2
1683076	53106516	0.8491	chip2
1645202	53107443	1	chip2
1645324	53137100	1	chip2
1693809	53239401	0.9001	chip2
1692802	53262739	0.6379	chip2
1653377	53263927	1	chip1
1657156	53279219	1	chip1
1660812	53294374	0.5227	chip1
1676106	53329445	1	chip2
1665672	53329733	1	chip2
1681975	53345146	1	chip1
1682163	53345586	1	chip1
1683467	53346182	1	chip1
1677440	53348641	1	chip2
1688757	53363883	1	chip1
1716137	53393428	1	chip2
1753273	53393473	1	chip2
1736789	53395873	1	chip2
1746556	53436535	1	chip1
1679315	53477965	1.1291	chip1
1728666	53517663	2.2115	chip1
1728790	53518087	0.9155	chip1
1730209	53518964	0.8325	chip1
1757871	53520403	1.3058	chip2
1733776	53521481	1	chip2
1710453	53521984	1.592	chip2
1662959	53551856	0.5701	chip1
1666309	53562797	0.9425	chip1
1671455	53579161	0.7212	chip1
1731599	53581255	0.62	chip2
1676997	53589443	2.0037	chip1
1692388	53591412	0.7673	chip2
1724751	53611804	1.4626	chip1
1659114	53622581	1	chip2
1690109	53639537	1	chip2
1658783	53643287	1	chip1
1707801	53665970	1.8841	chip1
1656079	53669061	1.0194	chip2
1711177	53670492	1	chip1
1714688	53673356	0.9149	chip1
1714832	53674399	1.1249	chip1
1743345	53679318	0.584	chip2
1643481	53684012	1.5777	chip2
1652208	53722403	1.2134	chip2
1663732	53724113	0.5581	chip2
1758147	53724200	0.9979	chip2
1641901	53764130	1	chip2
1697911	53802457	1	chip2
1754868	53803157	1	chip2
1654247	53844342	1.3652	chip2
1758787	53861912	0.8046	chip2
1659238	53883708	1.3339	chip2
1678261	53907530	1.7347	chip1
1654193	53964663	1	chip2
1744837	53965181	1	chip2
1732410	53966297	1	chip1
1732517	53967390	1.1702	chip1
1734596	53968822	0.7746	chip2
1707948	53971139	0.8389	chip2
1741079	53972534	0.9634	chip2
1735866	53972954	1.2107	chip1
1735958	53973735	0.6844	chip1
1674047	54096602	1	chip1
1714361	54119424	1	chip1
1705115	54195825	1.0946	chip2
1641877	54232007	1.1502	chip2
1666097	54239111	1.2962	chip1
1704312	54242869	0.6116	chip1
1644171	54307114	0.7185	chip1
1706105	54335805	1	chip2
1739857	54379190	1.1486	chip2
1656458	54394870	1.4794	chip1
1656558	54394948	0.7104	chip1
1727172	54462795	1.3613	chip2
1667932	54504150	0.914	chip2
1758504	54504205	1.1016	chip2
1687968	54651957	1.3144	chip2
1677029	54699311	1.0825	chip1
1656636	54804260	1.1027	chip1
1666372	54946661	1.3411	chip2
1739785	54998112	1.5663	chip2
1704844	55019733	1.7252	chip1
1735558	55023705	1.17	chip2
1662372	55023936	0.8014	chip2
1729760	55098368	1.309	chip2
1668160	55115794	0.8442	chip2
1752548	55225345	1.0842	chip1
1645401	55242287	1.2101	chip1
1758638	55385594	0.7631	chip2
1751279	55403103	1.2044	chip2
1718924	55412404	1	chip1
1757691	55465932	0.9216	chip2
1660574	55526741	1.4257	chip1
1654319	55639435	0.9265	chip2
1702985	55641020	1.3947	chip2
1753027	55694404	0.5591	chip2
1707433	55768572	1.0412	chip2
1700751	55769147	1.2957	chip2
1751394	55806794	1.2338	chip1
1751534	55806890	0.6968	chip1
1730519	55873063	1.3376	chip2
1698862	55952451	1	chip1
1681254	55954902	1.1305	chip2
1755939	56004247	1.0621	chip1
1658006	56025646	0.7962	chip2
1690845	56091721	2.0704	chip1
1660774	56248298	0.9531	chip1
1663897	56253830	0.783	chip1
1663997	56254108	0.782	chip1
1739447	56357219	0.7511	chip2
1645691	56373559	1.6461	chip1
1710483	56404776	0.8453	chip2
1714755	56412530	0.8745	chip2
1679654	56412822	0.68	chip2
1668360	56416345	0.5395	chip2
1747315	56442694	0.5841	chip2
1689386	56453962	1.4662	chip2
1696153	56465163	1.507	chip1
1701492	56490336	0.943	chip1
1708483	56548852	1.0932	chip1
1746188	56565325	1.4893	chip2
1750386	56578418	0.6128	chip1
1643292	56617320	1.092	chip1
1688537	56662708	0.4455	chip1
1692419	56686538	1.6584	chip1
1745134	56737668	0.4456	chip2
1700772	56740860	0.4716	chip1
1694605	56922359	1.2521	chip2
1679059	56932179	0.8765	chip1
1693246	57034050	2.7555	chip2
1745439	57096119	1	chip1
1709812	57271403	1	chip1
1715358	57290418	0.7874	chip1
1674837	57313773	1	chip2
1642738	57325531	1.4338	chip1
1682968	57351084	1.2525	chip2
1648159	57352911	1.6538	chip1
1665868	57426284	0.6821	chip2
1642767	57446052	0.8663	chip2
1709787	57464447	0.6843	chip2
1645387	57514030	1	chip1
1711953	57539142	1.3323	chip2
1746040	57539625	0.4867	chip2
1680662	57649177	1.0282	chip2
1732307	57649420	0.681	chip2
1741403	57657015	1.6474	chip2
1715055	57749127	1.5545	chip2
1681043	57777748	0.4741	chip1
1684803	57786291	1.0473	chip1
1678682	57797266	1.4823	chip2
1718633	57798519	1.3472	chip2
1758296	57813914	1	chip2
1663472	57819752	1.4812	chip2
1676726	57820632	0.5454	chip2
1737028	57832814	1.148	chip1
1738916	57848094	1	chip1
1727859	57849823	1.3591	chip2
1700634	57936043	1.5647	chip2
1755576	57972257	0.8198	chip2
1757711	57978142	0.9208	chip2
1680099	58011066	1.1655	chip1
1694961	58082055	0.621	chip2
1659748	58108420	0.7428	chip2
1758136	58116656	1.6265	chip2
1648559	58128420	1.0028	chip1
1707998	58132543	1.0844	chip2
1650752	58132762	2.2334	chip2
1688627	58145852	0.5746	chip1
1689924	58145873	1.0966	chip1
1735028	58167361	0.8258	chip2
1749556	58242908	1.0862	chip1
1750980	58243521	0.8368	chip1
1756620	58267846	0.6352	chip1
1642504	58273271	1.2405	chip1
1642626	58273297	0.9446	chip1
1703869	58277901	1.6384	chip2
1738589	58280164	1.3169	chip2
1676068	58344957	0.7654	chip2
1702145	58346055	0.9801	chip2
1656835	58438467	1.1469	chip2
1674308	58444095	2.5958	chip1
1678373	58462850	1.4839	chip1
1675621	58595399	1.6872	chip1
1653314	58679655	1	chip2
1680342	58694168	0.9259	chip2
1660880	58709208	1.4492	chip1
1661004	58709376	0.853	chip1
1662235	58709423	0.8028	chip1
1758473	58718573	1.6205	chip2
1690630	58742991	1.4593	chip1
1692133	58743518	1.1384	chip1
1751530	58796507	0.6587	chip1
1751662	58796715	1	chip1
1751974	58797358	0.8354	chip1
1703755	58828310	1.1414	chip2
1687861	58864779	0.8053	chip1
1687983	58866802	0.4778	chip1
1691587	58879197	1.0158	chip1
1695261	58902522	0.808	chip2
1677830	58902967	0.7712	chip2
1692050	58903531	1.1149	chip2
1678512	58927098	0.5389	chip2
1673271	58950837	0.5847	chip1
1673365	58950874	1.446	chip1
1730895	59025355	1.75	chip2
1646482	59025585	1.5895	chip2
1664087	59084122	1.5237	chip1
1719876	59145456	1.2531	chip1
1725121	59163969	1	chip1
1654448	59186707	1.5769	chip1
1657659	59190618	1	chip1
1659829	59203942	0.5996	chip1
1677458	59287333	0.9651	chip2
1715249	59401180	0.9664	chip2
1684579	59473995	1	chip1
1663868	59484243	0.9185	chip2
1686263	59490806	0.7186	chip1
1686437	59491626	0.6905	chip1
1659670	59505047	1.0071	chip2
1677242	59513826	0.7287	chip2
1688363	59520477	0.9133	chip1
1657215	59578013	1	chip2
1673678	59680945	0.7504	chip2
1729528	59682089	1.7413	chip2
1729724	59692944	1	chip2
1655213	59832199	1.2192	chip2
1655949	59833214	0.8838	chip2
1674859	59834230	1.4681	chip2
1748779	59919893	0.3902	chip2
1692074	60877329	0.9996	chip2
1702295	60991239	0.7041	chip2
1749637	61011473	0.8333	chip2
1660585	61061494	1.443	chip2
1659348	61061785	1.0391	chip2
1757091	61366365	1.1247	chip2
1652917	61608092	0.6121	chip1
1658181	61629912	1.6334	chip1
1698559	61871587	0.5409	chip2
1758391	62342703	0.99	chip2
1658771	62376958	0.9224	chip1
