Probe_Set	Phy_position	CPA	chiptype
1691210	341341	0.7779	chip2
1657667	1888178	0.9352	chip1
1715362	2071154	1	chip1
1705593	2190966	1.1973	chip2
1701380	2705548	1.2052	chip1
1702852	2705840	1	chip1
1721414	3540074	0.8038	chip1
1676844	4091563	0.4905	chip2
1757880	4092209	0.8777	chip2
1720032	4367411	1.3363	chip1
1727605	4990135	1	chip2
1690484	5186958	1	chip1
1690608	5187166	1.759	chip1
1697936	5259347	1.7216	chip1
1758880	5374643	1.0266	chip2
1725387	5560257	1.1329	chip1
1727534	5576802	1.4229	chip1
1652775	5622821	1.2721	chip1
1752051	5913530	1.649	chip2
1727040	6010840	1	chip2
1662532	6109492	0.8009	chip2
1749438	6189414	1.0935	chip1
1745101	6503386	1	chip2
1679968	6633953	1.1973	chip2
1676578	6635197	1.0327	chip2
1712387	6636304	0.6895	chip2
1723549	6693864	1.7663	chip1
1729226	6779040	0.6891	chip2
1647978	6859557	2.3651	chip2
1642547	6909134	0.8953	chip2
1653105	6912182	0.6892	chip1
1692021	7133963	0.6372	chip1
1743419	7403288	2.1674	chip2
1695988	7687435	1.1306	chip1
1719545	8214446	0.8299	chip2
1687507	8782486	0.5869	chip1
1753028	9240628	1.1292	chip1
1644359	9335633	0.6029	chip1
1683967	9349461	1.1386	chip1
1689656	9369228	1.0836	chip1
1742917	9464695	0.9758	chip2
1678216	9464751	0.835	chip2
1741797	9660655	1.0491	chip2
1643383	9661290	1.2664	chip2
1750892	9666692	1.276	chip1
1669127	11088554	1.1943	chip2
1744043	11088602	1.6928	chip2
1684761	11295505	0.9116	chip1
1679808	11658252	0.5899	chip2
1730831	11658308	1.4971	chip2
1731584	11730080	1.0174	chip1
1662079	11769397	1.1411	chip1
1733247	12158369	0.4335	chip1
1743078	12322072	1	chip1
1716183	13425865	1.4391	chip2
1655367	13445855	1.9182	chip2
1671617	14490150	1.9618	chip1
1673235	14510264	1.4963	chip1
1738114	14603924	1.2628	chip2
1648830	14604003	1.0508	chip2
1664712	14604245	0.7319	chip2
1704341	14801001	0.8638	chip2
1695541	14886268	1.2147	chip2
1652199	14900519	1.9404	chip1
1652323	14900616	1.269	chip1
1683610	15020981	1.042	chip2
1679762	15035585	0.9463	chip2
1656048	15579349	1.3088	chip1
1666083	15604035	0.8255	chip1
1750747	15627419	0.8281	chip2
1718899	15627470	0.9543	chip2
1690537	15685071	0.954	chip2
1655162	15712143	1.3941	chip1
1655272	15712229	1.6189	chip1
1655388	15712261	1.3748	chip1
1738142	15720629	0.8279	chip2
1706177	15720712	0.7489	chip2
1707107	15771308	1.4609	chip2
1680722	15858564	0.761	chip2
1743997	15883000	1.0917	chip2
1738306	15912902	0.896	chip2
1751538	15919348	0.9684	chip1
1751724	15919803	1.1188	chip1
1691657	16012223	1.8632	chip1
1652402	16194998	0.684	chip2
1666632	16213403	1.3168	chip2
1706811	16317260	0.7527	chip2
1723600	16332871	0.6051	chip2
1723935	16371279	1.1865	chip1
1730892	16436298	1	chip1
1670724	16452464	1.6792	chip2
1737347	16473011	0.8267	chip2
1666484	16489850	1.6141	chip2
1674108	16560813	0.7853	chip2
1685754	16561051	1.2363	chip2
1720055	17528970	1.015	chip2
1666594	17725452	1.7543	chip2
1719780	18643377	0.9319	chip1
1752909	19380568	1	chip2
1683302	19428248	1.1499	chip2
1748399	19584215	0.4958	chip2
1645327	19682367	0.9299	chip1
1685813	19987398	1.2901	chip1
1663486	20070589	1.5492	chip2
1669441	20152263	1.1469	chip2
1647219	20195097	1.5713	chip1
1652213	20282246	1	chip1
1670177	20287003	1.2417	chip2
1679882	20533429	1.1863	chip2
1667910	20582566	2.2089	chip2
1646257	20592745	1.2884	chip1
1743656	20748902	1.0673	chip1
1720147	20914290	1	chip2
1734397	20949730	0.9975	chip1
1734517	20949974	1.666	chip1
1658576	20961394	1	chip2
1682030	21223021	1	chip2
1722870	21497820	1.1843	chip2
1754959	21633219	0.4146	chip1
1683288	21847999	1.6139	chip2
1690626	21948425	0.4648	chip1
1694457	21977650	1.2962	chip2
1698915	22007281	0.8668	chip2
1727611	22007807	0.8108	chip2
1745803	22044663	1.0013	chip1
1668563	22064583	0.8928	chip1
1693577	22097926	1	chip2
1645838	22111849	0.628	chip2
1710822	22119329	0.7875	chip2
1725705	22427388	0.9197	chip1
1730632	22461475	1.1269	chip1
1705547	22475916	0.7149	chip2
1742998	22477588	0.6267	chip1
1754532	22527304	1.6909	chip2
1696188	22528358	1	chip2
1646022	22533197	1.3543	chip2
1758114	22533355	1.1142	chip2
1709199	22533515	1.4004	chip2
1758713	22534304	1.8235	chip2
1744005	22534698	1.8729	chip2
1681005	22541300	1	chip1
1681117	22541318	1.3461	chip1
1686185	22565844	1.0805	chip1
1687841	22570023	1.8484	chip1
1689806	22575060	0.7737	chip1
1673381	22665207	1	chip1
1734373	22799189	1.1766	chip1
1734549	22799478	0.7898	chip1
1734707	22799865	1.0882	chip1
1734823	22799942	1.4146	chip1
1741274	22881156	0.3156	chip1
1741386	22881436	1.0692	chip1
1742984	22887073	0.7395	chip1
1743176	22888187	0.7188	chip1
1679813	22945590	0.8656	chip1
1646064	22968111	2.2026	chip2
1726039	23278621	1.2365	chip1
1726193	23279090	0.9149	chip1
1734538	23286841	1.1965	chip2
1653513	23303058	1.6265	chip1
1655566	23308886	1.8077	chip1
1662145	23354569	1.0627	chip1
1729902	23432635	1.5006	chip2
1682581	23715789	1.0466	chip1
1648482	23837692	0.6615	chip2
1736537	23839200	0.9043	chip2
1731512	23846921	0.4313	chip1
1653046	23871401	0.5204	chip2
1667839	23966918	1	chip1
1723130	24132342	0.9092	chip2
1722447	24137864	0.665	chip1
1723783	24138372	0.8872	chip1
1725681	24148100	1	chip1
1725781	24148147	1.4204	chip1
1671448	24164001	1	chip2
1744595	24164050	1.1753	chip2
1654926	24194887	1	chip1
1719368	32615675	1	chip1
1723541	32693527	0.6346	chip1
1646861	32715604	0.9869	chip1
1650583	32787652	0.868	chip1
1709633	32842516	0.6206	chip2
1716644	33008112	1	chip1
1738189	33056517	1	chip1
1738307	33056542	1.5434	chip1
1719977	33079622	1	chip2
1744205	33080969	1	chip2
1669238	33102850	1	chip1
1669470	33103335	1	chip1
1670679	33103370	1	chip1
1670791	33103464	0.7914	chip1
1670987	33104223	1.0469	chip1
1716507	33125194	1.2278	chip2
1684300	33155427	0.73	chip2
1752089	33171310	1.0682	chip2
1716263	33171613	0.6436	chip2
1754186	33176984	1.4343	chip2
1659194	33183715	0.5032	chip2
1677662	33183796	0.8249	chip2
1647794	33184440	1.1616	chip2
1714048	33195577	0.4569	chip2
1701071	33195886	0.6123	chip2
1687862	33209953	1.1874	chip2
1659715	33222516	1.0703	chip1
1756551	33306533	0.688	chip2
1728885	33307040	0.8603	chip2
1673589	33308700	0.7289	chip1
1727884	33355863	1.6371	chip1
1730065	33368561	1	chip1
1712335	33393607	0.7082	chip2
1711357	33484543	0.6187	chip1
1711475	33484736	1.6304	chip1
1712846	33484875	0.489	chip1
1646418	33488516	1.0484	chip2
1651003	33528626	0.8725	chip1
1651193	33528682	0.525	chip1
1707180	33633026	1.1539	chip1
1712226	33651905	0.828	chip1
1648579	33743206	1.8174	chip1
1649035	33759714	1.5647	chip1
1650774	33775624	0.6318	chip2
1664775	33783434	0.8711	chip1
1758362	33798612	0.6248	chip2
1673671	33888946	1.9118	chip1
1726037	33969048	1.1467	chip1
1663769	34012094	1.217	chip1
1667089	34016706	1.0491	chip1
1667237	34017196	0.9029	chip1
1667405	34017296	1.1875	chip1
1669064	34017730	1	chip1
1706650	34173851	0.8612	chip1
1706774	34174837	0.9157	chip1
1721273	34206067	0.8113	chip2
1682138	34217148	0.9692	chip2
1717562	34248812	1	chip1
1646531	34279309	1.3674	chip1
1695074	34368614	1.6073	chip1
1713189	34389747	1.2553	chip2
1734270	34397623	1.1528	chip2
1705878	34447521	1.0727	chip1
1736617	34454402	0.9812	chip2
1711479	34472361	0.8133	chip1
1646027	34510514	1.1622	chip1
1689285	34517054	0.5579	chip1
1691051	34521820	1.2521	chip1
1730149	34649821	0.7113	chip1
1733642	34722418	1.7707	chip2
1666167	34758901	1.0448	chip1
1710644	34760332	1.1239	chip2
1720611	34760733	0.7385	chip2
1734624	34776985	1.2689	chip2
1710006	34786426	1.0615	chip1
1711669	34792159	1.1274	chip1
1656846	34996323	0.9349	chip1
1657042	34997289	1.2752	chip1
1672930	35017172	0.8417	chip2
1753267	35020426	1	chip2
1705085	35187375	0.8282	chip2
1689525	35264596	0.9477	chip1
1745092	35362278	1.0984	chip1
1745197	35362367	1.9372	chip1
1675122	35547491	0.848	chip1
1713229	35572679	0.5797	chip2
1707325	35574375	0.9714	chip2
1723540	35631283	0.9323	chip2
1706951	35635517	0.6534	chip2
1724171	35643934	1.1447	chip1
1654974	35720506	1.0377	chip1
1661627	35764844	1	chip1
1644402	35770059	1.0714	chip2
1669813	35786303	0.401	chip2
1645166	35791730	1.0438	chip2
1736347	35806921	1.3131	chip2
1645604	35829476	1.3041	chip2
1710674	35860761	1	chip1
1666276	35934942	2.3907	chip2
1724294	35971424	0.8358	chip2
1645537	35975494	0.8404	chip1
1649129	35987921	1.6001	chip1
1681886	36006096	0.8054	chip2
1661291	36033107	1.089	chip1
1713167	36038375	0.5127	chip2
1723446	36049649	0.6461	chip2
1721229	36084212	1.738	chip2
1749333	36108820	0.8735	chip2
1755449	36115461	0.6548	chip1
1757080	36116745	1.8789	chip1
1670069	36135557	1.3485	chip2
1677300	36135775	1.5956	chip2
1647836	36136327	1.5311	chip2
1648171	36147895	1	chip1
1649799	36153717	1	chip1
1650844	36190080	1.4809	chip2
1644786	36190262	1	chip2
1669271	36191414	0.8078	chip2
1675752	36191860	0.6622	chip2
1749599	36191902	0.7414	chip2
1718343	36192013	0.6889	chip2
1705616	36224737	1	chip1
1705774	36225076	1	chip1
1707418	36238044	1	chip1
1689134	36260518	1.0153	chip2
1757903	36290110	1.0185	chip2
1754427	36331169	0.2935	chip1
1667748	36346051	1.1469	chip2
1669331	36346084	1	chip2
1643911	36360499	2.1811	chip1
1740951	36380994	2.0857	chip2
1674969	36390027	0.6406	chip2
1725426	36390581	1.1659	chip2
1652488	36390923	1.8003	chip2
1696069	36450657	0.5975	chip1
1715787	36582090	1.1078	chip2
1716133	36583357	0.969	chip2
1662399	36613458	0.6651	chip1
1667456	36624442	0.7592	chip2
1693843	36625384	0.8919	chip2
1696852	36695508	0.8543	chip2
1709620	36709360	0.8438	chip1
1716480	36743798	0.9641	chip1
1654749	36827891	0.9089	chip2
1647685	36833385	1.7662	chip1
1649409	36843395	1	chip1
1650260	36875193	1.5873	chip2
1657808	36884987	0.8603	chip2
1680496	36885229	0.8851	chip2
1745774	37046158	1.3115	chip2
1666054	37053271	1.0366	chip2
1743671	37055692	0.6343	chip2
1706549	37055986	0.6676	chip2
1699072	37092172	1.2319	chip1
1704132	37141681	1.4408	chip1
1747578	37173609	0.4839	chip1
1684125	37262938	1.288	chip1
1691429	37292190	1.3622	chip1
1692939	37293713	1.3549	chip1
1741556	37363846	0.5782	chip1
1741728	37364534	1.381	chip1
1655870	37542986	0.8596	chip1
1743303	37556405	1.0145	chip2
1657787	37561483	0.5956	chip1
1659387	37567247	1.1963	chip1
1751873	37571104	0.5552	chip2
1702441	37571190	1.2377	chip2
1661601	37592885	1.105	chip1
1701736	37622286	1	chip1
1684056	37644294	1.1276	chip2
1705110	37652709	1.3956	chip1
1705252	37653893	1	chip1
1710472	37680691	0.6813	chip1
1739349	37719854	1.0318	chip2
1678144	37741783	0.7791	chip2
1646679	37768813	1.3258	chip1
1646807	37769938	1.0155	chip1
1733284	37815416	1.0259	chip2
1713342	37815768	1.0762	chip2
1684220	37888829	1.6467	chip2
1653276	37946718	0.7303	chip2
1744874	38087312	1.0279	chip1
1679916	38271775	0.7856	chip2
1671601	38442154	1.4927	chip1
1677083	38474751	0.9337	chip1
1685611	38542681	1	chip1
1673498	38568234	0.7721	chip2
1696888	38606125	0.9514	chip2
1755956	38755894	0.8028	chip2
1747676	38853162	1.0614	chip1
1747926	38853838	1.0493	chip1
1702325	38923549	0.6522	chip2
1736627	39013098	1.5489	chip2
1660811	39044387	1.0856	chip2
1746756	39047342	0.8488	chip1
1686829	39174218	1.4359	chip1
1740598	39265397	0.5641	chip1
1649412	39302438	1.2331	chip2
1750253	39351986	0.5749	chip2
1717007	39360134	1.0909	chip2
1746985	39368285	0.5747	chip2
1675754	39368378	1.1011	chip2
1735729	39368822	0.5413	chip2
1675775	39373853	1.0163	chip1
1677039	39374399	1	chip1
1719221	39375875	0.4037	chip2
1733125	39526204	1.2823	chip1
1686863	39730158	0.8213	chip1
1663830	39821961	1.1793	chip2
1749508	39870146	1.1609	chip1
1749820	39870683	1.1364	chip1
1753542	39911388	0.5684	chip1
1698697	39970507	1.1599	chip2
1693013	40021105	0.9364	chip1
1692334	40030096	0.986	chip2
1735447	40072244	1.2129	chip1
1735563	40072344	1.9269	chip1
1702237	40073692	1.0512	chip2
1653682	40074074	1	chip2
1738704	40087906	1	chip1
1738938	40091246	0.5857	chip1
1713490	40489756	0.7074	chip2
1750859	40489900	0.9154	chip2
1717860	40615878	1	chip1
1716667	40749462	1.4977	chip2
1693266	40771776	0.7868	chip2
1693569	41433563	0.8052	chip2
1682404	41434772	1.3723	chip2
1683763	41602840	0.746	chip1
1665361	41953650	1	chip1
1723349	42057888	1.2769	chip1
1723461	42058972	1.0809	chip1
1641957	42063572	0.8389	chip2
1665830	42122156	0.9168	chip2
1745504	42122663	0.9803	chip2
1689616	42138787	0.9009	chip2
1653730	42167867	0.7151	chip2
1744991	42167901	0.5177	chip2
1694765	42223571	0.9084	chip2
1758587	42248158	1.5766	chip2
1652848	42578170	1.0099	chip2
1646856	42606994	0.5688	chip2
1648580	42607072	0.8778	chip2
1678239	42638020	0.5846	chip1
1729048	42749242	1	chip1
1710315	42832806	1.128	chip2
1663657	42881280	0.8535	chip1
1665461	42893552	1.5422	chip1
1714373	42985803	0.9918	chip1
1719840	43009228	1.3524	chip1
1711392	43186344	0.8204	chip2
1668854	43450782	0.5819	chip1
1743243	43726908	0.8391	chip2
1699856	44776627	1.3225	chip1
1701218	44778442	0.6227	chip1
1701344	44778481	1.3233	chip1
1662719	44964656	1.0787	chip1
1712177	44996274	1	chip2
1734340	45229641	1	chip2
1706804	45234578	0.7062	chip1
1709006	45253529	1	chip1
1709167	45796700	1.0167	chip2
1665761	46084725	1	chip1
1715987	46160099	0.9094	chip2
1744087	46160904	0.9932	chip2
1722179	46200282	0.7057	chip1
1647659	46217744	0.8226	chip1
1758251	46260027	0.8625	chip2
1668644	46260114	1.3344	chip2
1671698	46260299	0.7232	chip2
1710886	46260460	1.0576	chip2
1674801	46294310	1.2968	chip2
1653791	46477122	0.8881	chip1
1694367	46754147	1.6577	chip2
1754739	46756350	1.5627	chip1
1756594	46769831	0.8146	chip1
1696942	46822616	0.684	chip2
1681968	46823282	1	chip2
1701735	46844069	0.6446	chip2
1698302	46872411	1.5404	chip1
1745074	46920285	0.8231	chip1
1684068	47046784	0.7723	chip2
1665538	47085126	1.0934	chip2
1650678	47364600	0.9678	chip2
1722466	47889421	1.6624	chip2
1667768	48043004	0.7872	chip2
1664674	48123857	1	chip2
1697102	48163405	1.0112	chip2
1704756	48326010	0.8568	chip1
1691385	48422858	0.4866	chip1
1661091	48816575	0.8566	chip2
1688817	48968877	1.7345	chip1
1736971	48973402	0.8927	chip2
1690923	48983786	1	chip1
1692223	48990002	1.3169	chip1
1658782	49023453	0.8525	chip2
1705953	49023810	0.9051	chip2
1664248	49024337	1.4112	chip2
1746187	49045978	0.5503	chip1
1746323	49046020	1.0702	chip1
1746662	49047104	0.7691	chip1
1751921	49050601	1	chip2
1743639	49066556	1.0974	chip2
1730409	49075640	1.5248	chip2
1654585	49103383	0.6047	chip2
1691353	49155176	1.4613	chip1
1710455	49174547	1.0366	chip2
1747674	49325926	1.3338	chip1
1673399	49344588	1.3481	chip1
1717833	49362142	1.9971	chip2
1679027	49413539	1.1206	chip1
1680747	49432442	0.5645	chip1
1706978	49522732	1.1975	chip1
1705587	49539640	2.0579	chip2
1716147	49542393	1.3634	chip2
1714125	49551485	1.1006	chip1
1714683	49567157	1.0687	chip2
1646779	49594168	1.7523	chip1
1746041	49594178	0.4411	chip1
1746143	49659554	1.1422	chip1
1730763	49701530	1.2864	chip2
1644451	49705102	0.5556	chip1
1747012	49811496	1.552	chip1
1679035	50148945	0.5661	chip1
1731901	50478886	1.2276	chip2
1695897	50478922	1.5431	chip2
1654653	51019549	1.076	chip2
1695653	51019671	1	chip2
1646186	51019773	0.7693	chip2
1732206	51123478	0.7307	chip1
1674661	51236151	1	chip2
1647328	51265624	1.5982	chip2
1702101	51267243	1.3314	chip2
1670538	51279558	2.6288	chip2
1675452	51308749	1.5955	chip1
1736133	51342410	0.7123	chip2
1680821	51365851	1.3567	chip1
1642259	51405469	0.5619	chip2
1729340	51650847	0.8218	chip2
1684674	51886094	1.6076	chip2
1735099	52085632	1	chip1
1743362	52162376	1.1077	chip1
1743452	52162702	1.2265	chip1
1745181	52180918	1.2138	chip1
1737904	52292281	0.8721	chip2
1669065	52292441	0.9987	chip2
1734069	52544997	1.5324	chip1
1734177	52545059	0.852	chip1
1734319	52546246	1.0838	chip1
1758549	52704281	1.2949	chip2
1757035	52822703	0.7361	chip2
1722933	52854562	0.7819	chip1
1724444	52977975	0.4883	chip2
1720214	53169922	0.8724	chip1
1720338	53170122	0.9816	chip1
1722329	53177802	1.3602	chip1
1722429	53177872	0.8072	chip1
1736088	53184764	0.5112	chip1
1736466	53202202	0.8825	chip1
1739682	53219394	0.6744	chip1
1739794	53219416	1	chip1
1741312	53223188	0.9578	chip1
1704677	53255346	1.5247	chip2
1685098	53325976	0.9732	chip2
1751445	53331284	0.8604	chip2
1682186	53340283	1.0267	chip2
1660000	53406965	0.7947	chip1
1660098	53407081	0.81	chip1
1712945	53411226	1.3258	chip2
1668246	53411500	1.8699	chip2
1725920	53413992	0.7788	chip2
1725212	53429261	1.0552	chip2
1668978	53439815	1	chip1
1743755	53558026	0.9515	chip2
1699683	53996472	0.5309	chip2
1663755	54393792	1	chip1
1718193	54599634	1	chip2
1704769	54628597	0.5148	chip2
1645260	54914726	1.1741	chip2
1655587	55028651	0.6847	chip2
1684154	55171976	1	chip2
1736968	55203845	1	chip1
1655957	55215534	1	chip2
1664343	55242623	1	chip1
1661939	55512607	1	chip1
1663133	55514220	1.278	chip1
1692466	55547747	1	chip2
1680906	55922035	0.8045	chip2
1663084	55922302	1.6062	chip2
1715901	56007636	1.395	chip2
1676652	56043746	0.8361	chip2
1665677	56063231	0.8104	chip1
1687924	56134511	1.1991	chip2
1677638	56142741	0.5622	chip2
1677906	56203682	1.3872	chip2
1647994	56203742	1.1674	chip2
1665466	56259802	1.0511	chip2
1667138	56275428	1	chip2
1686664	56275748	0.4626	chip2
1690924	56276059	0.9512	chip2
1752127	56276410	1.0698	chip2
1697187	56439915	1	chip1
1758271	56646534	0.869	chip2
1685890	56667535	0.9138	chip2
1744618	56710286	0.8658	chip1
1751766	56729516	0.6174	chip1
1751956	56733696	2.0389	chip1
1651540	56763284	0.7298	chip2
1652244	56763379	0.7929	chip2
1739445	56764246	1.0953	chip2
1682809	56776648	1.0035	chip1
1683203	56781296	2.2781	chip1
1683295	56781536	1	chip1
1686417	56790821	0.7334	chip1
1747407	56800494	0.8934	chip2
1719381	56800742	1.3638	chip2
1721720	57024188	1.062	chip2
1710195	57024830	1.103	chip2
1741531	57032873	1.1774	chip2
1692662	57033283	0.51	chip2
1755467	57117898	0.8098	chip1
1691681	57189755	1.4814	chip1
1728159	57313456	0.6648	chip2
1722476	57404193	1	chip2
1744796	57561090	1.982	chip1
1744988	57561124	1.3311	chip1
1752226	57577949	1.0163	chip1
1713049	57641156	1.8293	chip2
1690587	57648888	0.8349	chip2
1687082	57649297	1.3005	chip2
1644838	57649935	0.6616	chip2
1646865	57791787	0.6083	chip1
1649995	57807597	1.1733	chip1
1650147	57807655	1.0231	chip1
1700725	57844735	1.5969	chip1
1702310	57848908	0.9455	chip1
1728417	58194918	1.0821	chip2
1704980	58200026	1.0703	chip1
1705098	58200324	0.5624	chip1
1744800	58209054	1	chip1
1709657	58500846	1.3393	chip2
1712348	58685255	0.9443	chip1
1715978	58699561	1	chip1
1643213	58746598	0.6787	chip2
1662036	58837765	1.0013	chip2
1717823	58897046	1.0196	chip2
1672292	58908108	0.6186	chip2
1687749	59132286	0.7186	chip1
1717901	59181299	1.1346	chip2
1646906	59245509	0.847	chip2
1685623	59479230	0.2833	chip1
1685759	59479826	1	chip1
1724459	59485000	1.3228	chip1
1724731	59485642	0.9744	chip1
1681394	59488867	0.5061	chip2
1646570	59489660	1.5272	chip2
1698954	59760823	1.4479	chip1
1662908	59790479	0.6461	chip2
1663134	59794710	1.1566	chip2
1656103	59803539	0.7374	chip2
1642498	59864390	0.5619	chip1
1662550	59886493	0.9874	chip2
1657574	59886633	1.3831	chip2
1649102	59886825	0.7005	chip2
1714767	59886917	0.7794	chip2
1686537	60001698	0.9181	chip1
1690146	60012591	1.0926	chip1
1732451	60069023	1.7971	chip2
1700613	60373858	0.9025	chip1
1757339	60695892	1.0816	chip2
1745057	61010000	1.4665	chip2
1723992	61010979	1.2043	chip2
1720133	61011337	0.8708	chip2
1712609	61011383	1.3197	chip2
1708671	61021559	1.1159	chip2
1705563	61064425	0.5366	chip2
1677094	61064517	0.8132	chip2
1665388	61072944	0.58	chip2
1734412	61074906	0.988	chip2
1670030	61077065	0.7589	chip1
1659969	61107777	1.2825	chip2
1722300	61116501	0.7129	chip2
1663552	61128652	0.8238	chip2
1650134	61131250	1.2514	chip2
1727946	61134313	0.906	chip1
1679196	61207687	1	chip2
1719692	61221153	1.3052	chip1
1719988	61222476	0.7765	chip1
1703749	61295070	1.3901	chip2
1689508	61369111	1.2873	chip2
1725257	61554788	1.0099	chip1
1725377	61555118	1.3451	chip1
1671365	61752129	1.4616	chip1
1671467	61752385	1.5328	chip1
1671589	61752418	2.1395	chip1
1687680	61755728	1.1448	chip2
1715270	61780662	0.6464	chip1
1661199	61906985	1	chip2
1705388	62016152	1.2186	chip1
1705976	62036725	0.9276	chip1
1707761	62051244	1	chip1
1673886	62128208	1.133	chip2
1697743	62189739	1	chip2
1706627	62431059	2.0195	chip2
1645690	62556894	0.9392	chip2
1733468	62826084	0.6999	chip2
1718444	63029177	1.1433	chip1
1748725	63186871	1.0513	chip2
1733064	63270390	1.0154	chip2
1713381	63276577	0.7086	chip1
1713543	63277060	1.0765	chip1
1658206	63437743	1.183	chip2
1709256	63458980	1.9196	chip1
