Probe_Set	Phy_position	CPA	chiptype
1749981	14919559	1	chip2
1654373	15268577	0.5204	chip2
1680777	15276762	0.3291	chip1
1671443	15474749	0.4627	chip1
1676020	15510409	1	chip2
1708986	15570730	1.9958	chip1
1702725	15575867	0.9308	chip2
1708272	15691027	0.7164	chip2
1718977	15791899	0.8827	chip2
1716814	15809384	1.9917	chip1
1716938	15809434	0.8851	chip1
1718630	15815034	1	chip1
1662117	15881980	2.0063	chip1
1723298	15919678	1.1612	chip2
1645267	15930418	0.8428	chip1
1728745	16033955	1.2638	chip2
1675654	16260070	0.8531	chip2
1715645	16295430	1.0152	chip2
1745287	16298345	1	chip1
1681763	16351225	1	chip1
1681863	16351841	1	chip1
1724286	16378807	0.8114	chip2
1747135	16413199	1.3004	chip2
1740830	16442891	0.3502	chip1
1740924	16442987	0.6765	chip1
1651743	16511431	1	chip1
1651859	16511546	1.8117	chip1
1663971	16585430	0.959	chip1
1664083	16585557	0.5995	chip1
1702120	16587251	0.7777	chip1
1702336	16589920	1	chip1
1704112	16592531	1	chip1
1706038	16596392	1	chip1
1696207	16769082	1.0597	chip1
1696401	16775241	2.8724	chip1
1697928	16787468	0.9098	chip1
1662192	16849599	0.6781	chip2
1708288	16919553	1.1728	chip2
1688634	16931487	1	chip2
1749493	16931780	1	chip2
1678136	16993045	1.1638	chip2
1677573	17370886	1	chip1
1671342	17381744	1	chip2
1756749	17381841	0.5586	chip2
1748858	17465202	1.6998	chip1
1750808	17477437	0.8696	chip1
1750920	17477680	0.8981	chip1
1752658	17478642	0.6385	chip1
1710497	17512325	0.7872	chip2
1678028	17673768	0.8394	chip2
1686097	17728158	0.7396	chip1
1686255	17728281	1.2308	chip1
1689764	17752797	1	chip1
1696826	17794222	0.5894	chip2
1721345	17831186	0.9887	chip2
1671378	17831268	1.3217	chip2
1681260	17880832	0.7883	chip2
1654305	17945732	0.9037	chip2
1698975	18014134	1.0246	chip2
1675632	18014330	0.6242	chip2
1668098	18300949	1.1315	chip2
1752003	18301003	0.8712	chip2
1663020	18356834	0.9064	chip2
1671513	18450354	1.3268	chip1
1687197	18478521	0.8812	chip1
1687299	18478544	1.7638	chip1
1687403	18478582	0.66	chip1
1670378	19088954	0.8569	chip1
1723363	19151874	1.1335	chip1
1727123	19202855	1.2706	chip1
1730275	19221928	0.9243	chip1
1741582	19347884	0.7923	chip1
1703685	19459559	0.5138	chip2
1732645	19550733	0.9169	chip1
1652288	19697590	1.507	chip2
1698883	19779028	0.5421	chip2
1722176	19779411	0.8103	chip2
1655335	19786518	1	chip2
1691848	20312249	0.659	chip2
1694211	20312340	1.1887	chip2
1749317	20336219	1	chip2
1731830	20485119	1	chip1
1691662	20510183	0.831	chip2
1668045	20614513	1.0171	chip1
1720934	20685496	1.0499	chip1
1722351	20685640	0.7841	chip1
1722449	20688410	1	chip1
1722781	20693499	1	chip1
1704151	20751249	0.8248	chip2
1712444	20781477	1.1164	chip1
1718206	20804910	1.3881	chip1
1677762	20813912	1.437	chip2
1676416	20814348	1.0492	chip2
1735735	20835322	1.9223	chip2
1694327	20835539	2.7056	chip2
1745558	20835574	1.9553	chip2
1678852	20836340	0.6692	chip2
1711576	20837057	0.7992	chip2
1702890	20854871	0.8177	chip1
1709840	20867581	0.8498	chip1
1721058	21000081	1.0711	chip1
1721186	21000103	0.8197	chip1
1665850	21011312	0.8268	chip2
1646678	21032390	1.0371	chip2
1695617	21036563	1.0116	chip2
1662241	21056968	1	chip1
1663805	21057571	1	chip1
1708192	21092651	1.6356	chip2
1745600	21105099	0.7168	chip2
1652945	21170280	1	chip1
1653115	21171102	1.1424	chip1
1679546	21178528	2.4327	chip2
1753616	21247025	0.9254	chip1
1664022	21275823	1.1668	chip2
1705375	21275890	1.0447	chip2
1671660	21343007	1.5679	chip2
1752840	21444938	1.2121	chip1
1724056	21484582	1	chip2
1643084	21585556	1.6307	chip1
1695236	21630887	1	chip1
1737656	21665700	0.8024	chip1
1739404	21693429	0.9075	chip1
1744382	21760410	1.2091	chip1
1746169	21769530	0.8549	chip1
1655052	21835934	0.988	chip1
1703658	21898858	0.9907	chip1
1704606	21996929	1	chip1
1697549	22038020	0.8658	chip2
1752490	22157304	0.6699	chip1
1686021	22352975	1.1063	chip1
1706186	22581517	0.4873	chip1
1696960	22666327	0.7655	chip2
1648730	22833987	0.7498	chip2
1701029	23011579	1.5873	chip2
1659572	23012015	1	chip2
1727996	23030854	0.5765	chip1
1676344	23037112	0.8117	chip2
1748539	23375872	0.8277	chip2
1727997	23488326	0.8769	chip2
1758795	23489862	0.816	chip2
1661947	23564014	1.7062	chip1
1677718	23605393	1.3802	chip2
1665360	23753062	1.0392	chip2
1676865	23803526	1.0981	chip1
1738300	23923658	0.6258	chip2
1689570	23923690	0.9272	chip2
1696184	23962266	1.7231	chip2
1666021	24037443	1	chip1
1709100	24208363	1	chip1
1735808	24249492	1.0694	chip1
1737518	24251753	1.7782	chip1
1737614	24251783	1.6674	chip1
1739188	24251868	0.862	chip1
1742744	24267821	0.7222	chip1
1744412	24272595	1.031	chip1
1744530	24272670	0.6565	chip1
1723050	24405006	1	chip2
1735177	24424963	1	chip1
1653740	24561951	0.7564	chip2
1668173	24598340	0.4846	chip1
1717414	24629346	0.942	chip1
1719468	24635307	1	chip1
1677180	24638720	0.9394	chip2
1660607	24677844	1.0523	chip2
1683110	24768495	1.6076	chip2
1743209	24806756	1.9742	chip2
1688744	24807288	1.02	chip2
1720177	24815870	1	chip2
1690962	24828721	1	chip2
1693587	24830417	1.5027	chip2
1728945	24831884	0.803	chip2
1750669	24833944	1.1243	chip2
1668733	24834002	0.8167	chip2
1680586	24834037	0.526	chip2
1657881	24838521	2.492	chip1
1684766	24892140	1.8816	chip2
1740068	24982123	1.4046	chip1
1667453	24996590	1	chip1
1730930	25063244	0.808	chip1
1731026	25063299	1.3639	chip1
1688154	25069840	1.2558	chip2
1704741	25070281	1.704	chip2
1701001	25100876	1.9643	chip2
1711132	25127692	0.9786	chip2
1666542	25136710	1.0174	chip2
1724769	25142756	0.6558	chip1
1657370	25192041	0.5907	chip1
1657460	25192153	1.0797	chip1
1657609	25192772	0.935	chip1
1659033	25193559	0.7485	chip1
1704827	25202104	1	chip2
1654836	25368299	0.9488	chip1
1696461	25381338	1.789	chip1
1737088	25519774	2.0013	chip1
1743666	25540691	0.5525	chip1
1698001	25549881	0.7027	chip2
1643225	25552286	0.7726	chip2
1645754	25552694	1	chip2
1696772	25582454	0.9355	chip2
1725863	25588789	1	chip1
1725975	25589079	0.6038	chip1
1727564	25590639	0.5612	chip1
1656513	25595522	1	chip2
1730834	25609702	1.1282	chip1
1730936	25609749	1.3045	chip1
1734852	25646435	1.1546	chip2
1703703	25690964	0.9602	chip2
1723521	25701062	1	chip1
1689354	25710730	1.8696	chip2
1749389	25711346	1.2888	chip2
1742775	25711837	1.254	chip2
1700434	25774882	0.5598	chip2
1717124	25799165	1.024	chip1
1755812	25822536	0.759	chip2
1735611	25823361	0.7604	chip2
1705256	25895909	0.6901	chip1
1708818	25900548	1	chip1
1744429	25914291	1.3075	chip2
1716088	25917222	0.6802	chip1
1686048	25930516	0.8718	chip2
1699785	25930538	1	chip2
1695577	25930604	0.7592	chip2
1645466	25940562	1	chip2
1730399	25940680	1.6238	chip2
1648941	25945410	0.6276	chip1
1724102	25947895	2.6181	chip2
1727094	25950353	1	chip2
1652127	25957316	0.9318	chip1
1652239	25957416	1.0677	chip1
1652465	25957598	1	chip1
1652581	25958151	0.8297	chip1
1652687	25958728	1.055	chip1
1703871	26003159	1.2346	chip2
1731664	26033428	1.4122	chip1
1732993	26034433	1	chip1
1687988	26045760	1.4519	chip2
1692428	26076118	0.938	chip2
1734586	26077251	0.651	chip2
1682582	26077270	1.4186	chip2
1680716	26089299	1.562	chip2
1758634	26144210	1	chip2
1720707	26292231	0.8719	chip2
1731257	26292517	0.9014	chip2
1681850	26292718	0.5987	chip2
1708909	26341067	1.0724	chip2
1743417	26350528	1.4685	chip2
1690718	26405879	0.9688	chip1
1642157	26583225	0.7005	chip2
1655112	26592401	0.5911	chip1
1655222	26593421	1.3397	chip1
1655460	26594377	0.8583	chip1
1716059	26594974	1.6036	chip2
1663835	26623980	0.8371	chip1
1667693	26643583	1.0929	chip1
1753625	26648192	1.8246	chip2
1659106	26687674	0.5203	chip2
1652671	26791138	0.8007	chip1
1654642	26799117	1	chip1
1654812	26799795	0.6519	chip1
1656260	26800382	1.1214	chip1
1658271	26820418	1	chip1
1696130	26877846	0.7732	chip2
1705464	26906960	0.7419	chip1
1715830	26971134	1.0599	chip1
1716006	26973510	1	chip1
1716122	26973884	2.3372	chip1
1717542	26975300	1	chip1
1756239	26993405	0.9636	chip1
1718401	26996961	0.6304	chip2
1673744	27012616	2.0994	chip2
1642913	27023496	0.6441	chip2
1647387	27026368	0.9207	chip1
1650985	27049656	1.0355	chip1
1694108	27086581	0.7764	chip1
1695966	27100055	2.3881	chip1
1701270	27141488	1	chip1
1704976	27161814	0.9941	chip1
1705094	27161919	1.3396	chip1
1732862	27216805	0.4869	chip2
1751976	27228127	0.906	chip1
1679368	27440759	0.5387	chip2
1745799	27557971	1.4188	chip1
1708140	27563262	0.9162	chip2
1702299	27664600	1.0298	chip2
1656668	27690297	1.2279	chip1
1684968	27711152	1.0899	chip2
1663239	27725969	0.598	chip1
1664921	27732751	0.5432	chip1
1670700	27773709	1.5798	chip2
1716289	27807841	1.3917	chip2
1647175	27822258	1.2624	chip1
1653913	27841620	0.9625	chip1
1710021	27999648	0.8616	chip2
1696556	28000939	0.7495	chip2
1696441	28073779	1.3613	chip1
1662068	28149081	1	chip2
1688585	28237850	0.9461	chip1
1692197	28257223	1.1817	chip1
1747890	28377891	1.5302	chip1
1748016	28377920	1.8569	chip1
1668731	28385674	0.9273	chip2
1675514	28402685	1.0238	chip1
1677551	28414739	0.819	chip1
1716044	28554141	1.1297	chip1
1718238	28599773	1.1225	chip1
1648895	28644092	1.1215	chip1
1649009	28645416	1.164	chip1
1660343	28675792	0.6052	chip2
1657965	28704281	0.8946	chip1
1699682	28718601	0.882	chip1
1699880	28718758	0.8193	chip1
1703154	28729417	0.6463	chip1
1698113	28905163	0.7438	chip2
1653736	28911722	1.9981	chip2
1743986	29055302	0.9434	chip1
1719171	29635842	1	chip2
1709939	30006454	1.0284	chip2
1693468	30020528	0.8056	chip1
1752700	30186121	1.1699	chip1
1732855	30407247	0.7437	chip1
1736296	30440163	0.6693	chip1
1742942	30540763	0.9567	chip1
1681395	30672976	2.1686	chip1
1724434	30724890	1	chip2
1725278	30788861	1	chip2
1707812	30789451	1	chip2
1730074	30882082	1	chip2
1744738	30937057	0.7071	chip1
1744864	30937074	1.4319	chip1
1744990	30937116	1.6778	chip1
1753788	30995789	0.7106	chip1
1681619	31013496	0.8881	chip1
1698395	31091715	1	chip2
1713420	31098551	0.8049	chip2
1745808	31123269	0.6836	chip2
1682119	31142543	1.091	chip1
1682473	31144711	1.3317	chip1
1740056	31205871	0.6611	chip1
1741360	31208244	0.907	chip1
1743112	31216785	0.8239	chip1
1743222	31216998	0.9048	chip1
1743330	31217150	0.9908	chip1
1723563	31293295	0.9052	chip1
1729195	31317955	0.5904	chip1
1730516	31319141	1.9344	chip1
1734097	31331354	0.687	chip1
1725248	31434058	1.2658	chip2
1673988	31434103	0.7751	chip2
1649848	31434377	0.657	chip2
1721314	31438536	1.4167	chip1
1749042	31497851	1.5669	chip1
1749176	31497869	1.8398	chip1
1706135	31501931	1.1691	chip2
1664322	31517342	0.9647	chip2
1642405	31517942	1.7204	chip2
1692147	31564179	1.1517	chip1
1692421	31564931	0.99	chip1
1664510	31576032	1.0819	chip2
1750339	31604166	0.937	chip2
1741416	31610097	1.1944	chip1
1675893	31655803	1.0457	chip1
1677481	31662712	0.6521	chip1
1733529	31744164	1.2814	chip1
1737428	31770219	0.7287	chip1
1654203	31777946	1.2758	chip2
1670656	31779418	1.2457	chip2
1664419	31801598	0.7343	chip1
1648224	31818404	1.4226	chip2
1717202	31879485	1.3134	chip1
1718728	31880052	0.7641	chip1
1684728	31895885	1.2314	chip2
1727668	31898560	2.0717	chip1
1664023	31946088	0.5373	chip1
1667295	31961908	1.2479	chip1
1663754	31973591	1.1588	chip2
1746683	31978717	0.6755	chip2
1650797	32068865	0.8644	chip1
1653712	32076526	1.5695	chip2
1659565	32121374	1.3131	chip1
1653498	32150256	0.6794	chip2
1680953	32164668	1.7582	chip1
1653406	32191275	0.993	chip2
1715751	32222590	0.7872	chip2
1663718	32223601	0.736	chip2
1684496	32280513	0.9799	chip2
1669084	32290548	1	chip1
1669382	32291892	1	chip1
1650724	32300742	1	chip2
1677911	32313594	0.9718	chip1
1703049	32324030	1	chip2
1722399	32339001	1	chip1
1724019	32343807	1.0625	chip1
1734514	32379096	1.3838	chip2
1740285	32396384	0.921	chip2
1755588	32396846	0.5682	chip2
1723205	32447487	1	chip1
1658895	32482976	1	chip1
1711215	32525172	1.0858	chip1
1713437	32536144	1.542	chip1
1714762	32536341	0.795	chip1
1751187	32541592	1.1768	chip2
1668662	32543356	0.3691	chip2
1746711	32568178	1	chip2
1742159	32568465	1.1074	chip2
1712366	32668825	0.8262	chip1
1706781	32673542	0.4837	chip2
1711656	32739899	1	chip2
1746861	32771926	1	chip2
1673257	32799753	0.6005	chip1
1673403	32800167	1.082	chip1
1724321	32864107	1.1035	chip1
1752425	32891720	0.9169	chip2
1698605	32905158	1.5534	chip2
1658739	32911320	1.1229	chip1
1717908	32948189	0.782	chip1
1713635	33083336	0.7356	chip1
1715056	33083671	0.8038	chip1
1743045	33124787	0.8693	chip2
1700270	33158406	0.5835	chip1
1700561	33159527	0.3323	chip1
1704939	33170736	0.9948	chip2
1710623	33198272	1	chip1
1647433	33235434	1	chip1
1647519	33235776	0.74	chip1
1647635	33235937	1	chip1
1680034	33239613	1.5984	chip2
1729990	33318577	1.3551	chip2
1646698	33318594	1.3216	chip2
1732890	33368036	1.4542	chip2
1754948	33368314	1.3617	chip2
1671576	33368444	1.1788	chip2
1658852	33403105	1.2346	chip2
1737930	33414055	1.4471	chip2
1705147	33414632	1.3256	chip2
1709317	33420522	0.7625	chip2
1657508	33445122	0.8357	chip2
1753500	33454893	1.5691	chip1
1755561	33465106	1	chip1
1680436	33470182	1	chip2
1740637	33486009	1.9099	chip2
1642451	33492495	1.0545	chip2
1754280	33492696	1.361	chip2
1646597	33493778	1	chip1
1671560	33500735	1	chip2
1718905	33536872	0.5901	chip2
1742108	33567581	1.085	chip1
1749634	33604183	0.9237	chip1
1754865	33622292	0.9097	chip1
1754981	33622510	1.2424	chip1
1660959	33627311	1.0161	chip2
1677465	33628506	1.264	chip1
1735450	33631197	1.1242	chip2
1646212	33632518	0.7439	chip2
1691105	33669852	0.8336	chip1
1693005	33677360	1.3132	chip1
1734997	33701223	1	chip1
1743412	33742768	0.7697	chip1
1661011	33780304	0.6567	chip2
1709331	33781234	1.7076	chip2
1676279	33795085	1.8761	chip1
1722582	33808858	0.9413	chip2
1727987	33809546	1.6181	chip2
1709559	33809597	1.5476	chip2
1643251	33906731	1	chip2
1689720	33925720	1.1729	chip1
1689896	33926150	1.0404	chip1
1689996	33926232	1.1924	chip1
1693237	33932898	1	chip1
1714561	33961544	1.3126	chip2
1705534	33993523	1.7567	chip1
1745497	34007701	0.7271	chip1
1755995	34052011	0.5818	chip1
1756125	34052126	1.0685	chip1
1739652	34229330	1.2844	chip1
1739760	34229422	0.7981	chip1
1648036	34247492	1.702	chip2
1751113	34256333	1.546	chip2
1670011	34256413	1.193	chip2
1721926	34411916	0.4522	chip2
1719549	34411961	1.4133	chip2
1740927	34460028	0.8532	chip2
1743870	34534249	1.3509	chip1
1669970	34602583	0.9726	chip1
1675028	34664207	1	chip1
1675442	34671762	1	chip1
1676771	34685304	1.2967	chip1
1667395	34902461	1.8717	chip1
1742361	34909112	1.3734	chip2
1719229	34915188	2.0907	chip2
1740792	34987542	0.8143	chip1
1740892	34987574	0.4215	chip1
1742496	34989517	0.7562	chip1
1745883	34993948	1.5238	chip1
1691277	35094480	1.3382	chip1
1693141	35102699	1	chip1
1704931	35167066	1	chip2
1731229	35179861	0.8771	chip2
1747108	35242670	1.2827	chip1
1749030	35251148	1	chip1
1671147	35251560	1	chip1
1744843	35263614	0.8434	chip2
1729451	35338874	1	chip1
1725944	35396435	0.4182	chip2
1665383	35415881	0.8489	chip1
1674055	35447030	1.469	chip1
1726721	35496620	0.922	chip1
1728388	35502559	1	chip1
1653662	35626482	0.9862	chip2
1647727	35646895	0.6134	chip1
1678398	35659491	1.0485	chip2
1660178	35696772	1	chip1
1681127	35730030	1	chip1
1682959	35731478	0.7908	chip1
1683143	35731738	0.9639	chip1
1667121	35912151	1.1577	chip1
1737149	35978628	0.8802	chip2
1655916	36050214	1.2234	chip1
1656142	36052836	1.225	chip1
1736217	36157142	0.7824	chip2
1647745	36232658	1	chip1
1733665	36572759	1.5216	chip1
1735442	36729044	1.0927	chip2
1666135	36755989	0.7565	chip1
1756915	36860698	1	chip2
1719816	37117885	0.7406	chip1
1721675	37119622	1.3771	chip1
1721949	37120474	0.9306	chip1
1652679	37150541	1.1657	chip1
1678804	37425644	0.7284	chip2
1673262	37450184	0.9924	chip2
1756779	37450440	1.3419	chip2
1701916	37560010	1.1682	chip1
1719961	37647050	0.7684	chip2
1709286	38042260	1.2768	chip1
1712350	38044854	1	chip1
1722020	38108113	1	chip2
1658870	38108273	1	chip2
1753298	38327576	0.9439	chip1
1755073	38338772	0.8102	chip1
1698321	38497089	0.7601	chip2
1695016	38518746	1	chip1
1696397	38527629	1	chip1
1654011	38565782	0.9276	chip2
1749893	38634527	1.2388	chip2
1693182	38639276	1	chip2
1747310	38728791	1.0805	chip1
1756271	38838668	1	chip1
1643581	38857804	1.0088	chip1
1666598	38942982	0.6961	chip2
1673336	38943019	1.4827	chip2
1710852	39006932	0.9891	chip2
1727808	39159899	1.7498	chip1
1728062	39162321	0.8426	chip1
1758353	39200740	0.7416	chip2
1655502	39213545	0.5331	chip1
1643668	39231291	0.8752	chip2
1662802	39236581	1.8929	chip2
1658889	39251626	1.2393	chip1
1660628	39294334	1.0549	chip1
1665927	39371814	1	chip1
1723578	39399540	1	chip2
1697631	39399572	1	chip2
1705731	39870970	1.9945	chip2
1712086	39879867	0.7301	chip1
1754377	40190424	1	chip1
1756217	40196884	2.1305	chip1
1694366	40331129	1.1141	chip1
1694502	40331251	1	chip1
1746545	40453045	0.9097	chip1
1746652	40453345	1.4307	chip1
1748766	40466876	0.8531	chip1
1743145	40507986	0.5597	chip2
1662503	40610564	1.0033	chip1
1734098	40669462	1.0802	chip2
1716594	40742311	0.6946	chip1
1695056	40899114	1	chip1
1698276	40911192	1	chip1
1680228	40932648	1.6393	chip2
1686886	40948613	0.8196	chip2
1750428	41001431	1.2459	chip1
1645029	41058112	1.1261	chip1
1734084	41674625	1.3844	chip2
1705169	41674874	1	chip2
1755878	41676614	1	chip2
1663498	41677063	1	chip2
1662920	41677130	0.8526	chip2
1649765	41700493	1.27	chip1
1692907	41729950	1.5876	chip1
1693037	41730708	1.2814	chip1
1696739	41763948	2.3028	chip1
1702256	41789790	1	chip1
1747358	41836209	1.1032	chip1
1752874	41859258	0.7441	chip1
1751470	42010931	1	chip1
1674168	42014074	0.6187	chip1
1689932	42061618	0.7965	chip1
1690054	42062368	0.8118	chip1
1649186	42341477	1.5784	chip2
1729255	42358549	1.1147	chip1
1734295	42390405	1.0668	chip1
1696906	42409840	1.2481	chip2
1737443	42414775	1.1811	chip2
1735208	42428015	0.6355	chip2
1753692	42440031	1	chip1
1753816	42440405	0.7071	chip1
1753934	42441431	0.9297	chip1
1663348	42460308	0.6329	chip2
1645135	42472606	1.4318	chip1
1679974	42489823	1.343	chip2
1686839	42520129	0.8458	chip1
1746013	42614026	0.5429	chip1
1694230	42708775	1.636	chip1
1733325	42717614	0.692	chip1
1741576	42759300	1.1817	chip1
1665684	42880277	1.1947	chip2
1720918	43011095	1.0461	chip1
1670315	43147223	1.0248	chip2
1660684	43175021	1.1773	chip1
1662319	43176767	1	chip1
1681088	43190700	0.8632	chip2
1705876	43236110	1.1929	chip1
1647401	43335493	1.3418	chip1
1692809	43382542	0.7941	chip1
1737488	43571324	1.435	chip1
1738854	43571475	0.6156	chip1
1745093	43673106	0.8821	chip2
1732757	43710517	0.6264	chip1
1704349	43771033	1.047	chip2
1647284	43808941	1.1059	chip2
1749332	43904148	1.0611	chip1
1749558	43911330	0.6561	chip1
1751334	43924064	0.6815	chip1
1712893	43945366	1.7809	chip2
1684313	43955895	0.6397	chip1
1646734	43987248	1	chip2
1698409	44097291	0.8072	chip2
1691380	44097407	1.4865	chip2
1678161	44110203	1.2611	chip1
1657576	44137422	1.8155	chip2
1705069	44149283	1.2209	chip2
1742254	44243719	0.4888	chip1
1744084	44250132	0.8008	chip1
1744228	44250171	0.9488	chip1
1670499	44287559	1.6257	chip1
1670619	44287817	1.1455	chip1
1672011	44288816	0.7211	chip1
1672183	44290254	0.7703	chip1
1675875	44301130	0.5637	chip1
1677507	44303830	1.2742	chip1
1668382	44400710	1.0902	chip2
1703237	44413466	0.8504	chip2
1671219	44416281	1.2375	chip1
1671447	44417456	2.169	chip1
1732269	44419443	0.6382	chip2
1759029	44485578	0.4777	chip2
1715456	44492811	0.5724	chip1
1715568	44492908	0.922	chip1
1657055	44511673	0.7997	chip2
1726205	44536492	1.0955	chip1
1672840	44543765	0.7986	chip2
1729841	44556673	0.8966	chip1
1733124	44575545	2.2865	chip2
1655214	44582854	2.2895	chip1
1657100	44593015	0.8535	chip1
1657274	44593368	1.3678	chip1
1657670	45250436	0.8555	chip2
1703431	45289960	1.4308	chip2
1720273	45585337	1	chip2
1712950	45643433	1.4024	chip1
1670612	45657701	0.5991	chip2
1718505	45676443	1.6004	chip2
1668523	45720422	1	chip1
1722759	45791152	0.9371	chip1
1674686	45881731	1.4995	chip1
1675989	45882028	0.6548	chip1
1664631	45983000	1.1905	chip1
1737233	45988100	1	chip2
1713895	46033388	2.154	chip1
1653297	46111404	1.7509	chip1
1653407	46111442	0.8732	chip1
1653497	46111582	1.0557	chip1
1709332	46193217	1.3833	chip1
1713168	46211471	1.1146	chip1
1714942	46215076	1.9549	chip1
1643959	46243428	1.4155	chip1
1668908	46319092	0.8979	chip1
1662759	46450326	1	chip1
1667763	46460049	1	chip1
1713252	46502674	1.6303	chip1
1718751	46511252	1.6753	chip2
1663740	46569391	1.3599	chip2
1722134	46595929	1.3542	chip2
1683746	46609605	1.2437	chip2
1723798	46610226	1	chip2
1699059	46613506	1	chip2
1718841	46614607	1	chip2
1706910	46625415	1.2034	chip1
1728979	46627384	0.6514	chip2
1710843	46639423	1	chip1
1657627	46720490	1.2091	chip1
1705992	46772088	0.5567	chip1
1706224	46773410	1	chip1
1644369	46835938	1.0939	chip1
1646473	46842676	0.9822	chip1
1689756	46868963	0.9752	chip1
1742163	46949920	1.1742	chip2
1646326	47008803	1	chip2
1736665	47046698	0.7416	chip2
1694719	47047245	0.8741	chip2
1722779	47186149	1.1477	chip1
1723011	47186741	0.7402	chip1
1724237	47187015	1.6491	chip1
1724351	47187524	0.6996	chip1
1724483	47187576	0.8951	chip1
1750143	47201283	0.6057	chip2
1697993	47256280	1.0086	chip2
1686702	47270978	0.4368	chip2
1650900	47337591	1.0758	chip2
1682026	47337756	1.8319	chip2
1736787	47456129	0.9605	chip2
1662969	47565017	0.6858	chip1
1663161	47565552	1.1552	chip1
1666469	47574067	1	chip1
1704030	47760593	0.6896	chip1
1671182	47830403	1.0607	chip2
1758612	47830859	1	chip2
1696109	47847801	1	chip1
1697922	47849529	1	chip1
1699920	47854671	1.4328	chip1
1652506	47893894	1	chip2
1679476	47904448	0.813	chip2
1681253	47913657	0.9896	chip1
1686765	47928225	0.874	chip1
1749168	47980260	1.1758	chip1
1697991	47996263	0.7555	chip2
1664084	47999013	1.0393	chip2
1684788	47999144	0.8321	chip2
1708002	47999394	1.1951	chip2
1729162	48069777	0.9169	chip2
1722344	48069909	2.2591	chip2
1659784	48070584	1.3424	chip2
1661844	48071459	1	chip2
1693764	48114679	1	chip1
1693890	48114794	1.0538	chip1
1695394	48115070	1	chip1
1719133	48118077	1.595	chip2
1684852	48118190	1.0731	chip2
1688737	48313502	1.4783	chip1
1690248	48313749	0.6254	chip1
1690370	48313892	1	chip1
1690702	48314173	1.1438	chip1
1691981	48314526	1.3752	chip1
1692099	48314593	0.7755	chip1
1726747	48481817	1.2016	chip1
1726963	48482509	1.2081	chip1
1728292	48482917	1.4082	chip1
1732096	48538572	1.2533	chip1
1651039	48667921	0.6228	chip1
1651281	48668990	0.5332	chip1
1704908	48874725	0.7738	chip1
1746738	48898863	2.0885	chip1
1748348	48899534	0.9108	chip1
1710085	49023156	1.3524	chip2
