Probe_Set	Phy_position	CPA	chiptype
1713638	19208413	0.4495	chip2
1695161	19841990	1.3545	chip2
1711003	19852603	1.4804	chip1
1711181	19852668	1.76	chip1
1711417	19852868	0.7041	chip1
1714692	19855501	0.9785	chip1
1717755	19915944	0.5304	chip2
1687995	19943075	1.4667	chip1
1713834	19988127	1.6827	chip2
1729906	19989036	1.5108	chip2
1651282	20554844	1	chip2
1687256	20555858	1	chip2
1672026	20556334	0.8615	chip2
1659920	20556643	0.5683	chip2
1680158	20567999	0.633	chip2
1642713	20592297	1.0372	chip2
1659576	20689912	1	chip2
1677486	21301783	0.921	chip2
1669336	21306806	1.0625	chip1
1671133	21419154	0.974	chip1
1674900	21446060	0.8583	chip1
1709351	21459780	1.5038	chip2
1756282	21490270	1.0736	chip2
1692266	21575498	0.3663	chip2
1659962	21588002	1	chip1
1736803	21597620	2.5157	chip2
1741383	21597810	1.1059	chip2
1660963	21598281	1.0773	chip2
1665215	21601298	0.9381	chip1
1647372	21646501	1	chip2
1717976	21657901	0.8006	chip1
1738783	21661869	0.8416	chip2
1751313	21674230	0.8743	chip2
1656000	21719148	1.6049	chip1
1716932	21802661	1	chip1
1717108	21802980	1.0855	chip1
1734992	21855619	1	chip2
1668262	21855703	1	chip2
1729746	21855761	1	chip2
1719069	21855811	1.1646	chip2
1653049	21873512	1.267	chip1
1721109	21904433	0.8886	chip2
1663443	22065713	1	chip1
1741311	22083695	0.9758	chip2
1668561	22085600	1	chip1
1657527	22151418	0.4853	chip1
1709694	22520553	1	chip1
1708725	22527215	0.7855	chip2
1651467	22629682	0.6058	chip1
1651579	22629776	1.6698	chip1
1651739	22629880	0.6752	chip1
1685896	22678160	1.3418	chip2
1700595	22705973	0.8823	chip1
1723320	22761313	1	chip2
1738853	22762706	0.7302	chip2
1754842	22792040	0.5961	chip2
1724573	23122733	1.2759	chip1
1677172	23139455	1	chip2
1754274	23139577	1	chip2
1650043	23153194	3.0365	chip1
1653802	23169072	0.6096	chip2
1655054	23199211	1	chip1
1658661	23250918	0.9537	chip1
1664223	23295536	0.8748	chip1
1704076	23304574	1	chip1
1750583	23325274	0.6384	chip2
1713251	23325315	1	chip2
1709293	23325370	1.3026	chip2
1672598	23325412	0.4752	chip2
1711271	23338712	1	chip1
1713322	23365544	1.4377	chip1
1684522	23387069	0.7571	chip2
1716265	23395244	1.2994	chip2
1677814	23395573	1.0544	chip2
1642272	23395922	0.7564	chip1
1656749	23560464	1.0019	chip2
1677374	23582037	1	chip2
1656551	23665751	0.4423	chip2
1700485	23688680	2.0909	chip1
1753381	23754928	0.7092	chip2
1646672	23867899	1	chip2
1670463	23878559	0.565	chip1
1710310	23893833	1.1702	chip1
1652025	23979581	1	chip1
1657172	24004685	1	chip1
1739633	24006364	1.8628	chip2
1708745	24083426	0.7703	chip2
1753891	24165903	0.6299	chip2
1709420	24172593	0.6942	chip1
1701543	24175402	0.6226	chip2
1747849	24175462	0.9487	chip2
1747013	24175622	0.8002	chip2
1741201	24175677	1.6757	chip2
1685980	24186704	0.7683	chip2
1747917	24187463	1	chip2
1738873	24187529	0.9447	chip2
1643945	24232763	1.2422	chip1
1644063	24232941	1.2776	chip1
1649935	24272180	2.3731	chip1
1729418	24336592	1.8679	chip2
1705542	24374497	0.8954	chip1
1708936	24384306	0.649	chip1
1709052	24385005	0.8815	chip1
1752570	24418502	0.8916	chip1
1754349	24428917	1.0886	chip1
1687241	24484827	0.9238	chip1
1658122	24495712	1.1932	chip2
1699342	24526963	0.6201	chip1
1691130	24534943	1.6028	chip2
1665394	24737820	1.1318	chip2
1747882	24764958	1.412	chip1
1643698	24768832	0.9964	chip2
1705841	24833656	1.5822	chip2
1652622	24845173	1	chip2
1680937	24853171	1.0248	chip1
1682663	24859365	1.9457	chip1
1683047	24861760	1.2385	chip1
1683161	24862190	1.3655	chip1
1700211	24871590	0.6952	chip2
1721197	24872977	1.7457	chip2
1747561	24899737	0.7572	chip2
1697799	24899817	1.2217	chip2
1753703	24899931	0.8823	chip2
1670105	24900185	1.1317	chip2
1707714	24902890	0.6542	chip1
1709738	24913908	1.3665	chip1
1718306	24992741	1.1193	chip1
1755362	25000416	0.7051	chip2
1672618	25006309	0.6888	chip2
1667316	25039127	1.1355	chip2
1673364	25040185	1.0038	chip2
1651015	25043237	1.1847	chip1
1713265	25430180	1.1768	chip2
1727689	25430569	1.066	chip2
1670422	25441728	0.999	chip2
1690082	25517776	0.6976	chip1
1653624	25539791	1.044	chip2
1752715	25540093	1.0056	chip2
1667760	25545570	0.6895	chip2
1754841	25605906	1.1736	chip1
1717591	25643714	1	chip2
1742393	25644548	1	chip2
1691039	25669108	1.8203	chip1
1708837	25727373	1	chip2
1744746	25745823	1.0005	chip1
1750326	25761042	1.3102	chip1
1758538	25774538	0.9285	chip2
1644720	25774732	0.5027	chip2
1747439	25888354	1.2135	chip2
1678390	25947855	1	chip2
1686492	25948580	1	chip2
1715472	26237007	1	chip1
1751496	27061851	1	chip1
1754631	27075712	1.0062	chip1
1651515	27147693	0.7278	chip1
1722848	27197870	1.0665	chip2
1643070	27327709	0.3608	chip1
1643408	27330247	1.6332	chip1
1643498	27330269	0.9649	chip1
1643639	27330404	1.0166	chip1
1681565	27330484	0.5532	chip1
1694054	27377574	0.8883	chip1
1694182	27378426	0.6032	chip1
1695716	27381829	1.569	chip1
1704905	27390295	1	chip2
1746588	27441289	1.2789	chip1
1689994	27516240	1.1725	chip1
1690116	27516328	0.8342	chip1
1702134	27516355	1.5258	chip1
1705912	27534051	1	chip1
1647952	27654339	1	chip2
1758768	27654486	1	chip2
1742059	27694041	0.5714	chip2
1652809	27717103	0.7795	chip1
1694690	27766632	0.6606	chip1
1710276	27837050	0.943	chip1
1643167	27888531	1.3702	chip2
1643497	27928636	0.562	chip2
1715239	27929698	0.9533	chip2
1644649	27944249	0.7641	chip1
1740804	28026287	0.6175	chip1
1740912	28026381	1	chip1
1755066	28055234	1.1397	chip2
1746121	28069471	1	chip1
1747502	28069811	1.514	chip1
1751570	28085050	2.0343	chip1
1719655	28115352	1.9041	chip2
1732430	28800086	0.8743	chip1
1692893	28869192	1	chip1
1644596	28890187	1.1151	chip2
1747168	28912015	1	chip1
1729037	29044272	1.5594	chip2
1730625	29054439	0.6457	chip2
1678704	29059962	0.9935	chip2
1690728	29081946	0.9982	chip1
1676230	29109167	0.8454	chip2
1724402	29111823	0.8979	chip2
1645424	29169167	1	chip2
1728567	29227096	0.9855	chip2
1731103	29528508	1.6168	chip2
1676285	29587441	0.3989	chip1
1650822	29643696	1.6113	chip2
1722463	29646927	1.4663	chip1
1723791	29651252	1.068	chip1
1723901	29652894	0.7429	chip1
1723981	29653110	1.1922	chip1
1707287	29741753	0.6236	chip2
1665263	29769803	1.5755	chip1
1673869	29817989	1	chip1
1691853	29864685	1	chip1
1694359	29921270	1.2203	chip2
1743674	29975287	1.0657	chip1
1747258	29997162	0.8219	chip1
1749456	30014498	1.0763	chip1
1749532	30015005	1.3161	chip1
1708448	30016646	1.0935	chip2
1753098	30037447	1.0624	chip1
1690937	30136223	1.6263	chip1
1741434	30291978	1	chip1
1728990	30755131	2.2542	chip1
1729101	30755172	1.3956	chip1
1729445	30756222	1	chip1
1730684	30756749	0.6515	chip1
1671192	30803770	1.1063	chip2
1690269	30827888	1	chip2
1712137	30828074	0.8515	chip2
1654543	30843933	1.3219	chip2
1680707	30848487	0.8731	chip1
1680877	30849015	0.5321	chip1
1680971	30849051	1.6367	chip1
1681069	30849208	0.6541	chip1
1723137	30852603	0.8237	chip1
1723251	30852891	1.4231	chip1
1723361	30852937	0.6851	chip1
1723523	30853262	1.4363	chip1
1732256	30878573	0.9387	chip1
1733885	30878909	1.1193	chip1
1733993	30878974	0.7876	chip1
1661515	30896607	1.7009	chip1
1651046	30896973	0.9692	chip2
1755738	30897246	0.7598	chip2
1670252	30919517	0.5971	chip1
1670370	30919911	0.7613	chip1
1713488	30935499	1.0994	chip2
1696080	30937185	0.8155	chip2
1692770	30938143	1.0678	chip2
1697174	30938654	1.0343	chip2
1700865	30938702	1.1041	chip2
1734008	30938780	1.2033	chip2
1702615	30939107	1	chip2
1717180	30942189	1.0791	chip1
1745942	30955122	1.0746	chip2
1722903	30958664	0.8521	chip1
1726871	30968056	1	chip1
1713974	30985557	0.8301	chip2
1667734	30986220	2.7249	chip2
1696504	30986441	0.6922	chip2
1746928	30989717	1.3142	chip1
1747446	30992716	0.867	chip1
1733218	31003258	0.9604	chip2
1664940	31046335	0.7423	chip2
1714803	31046945	0.6266	chip2
1652624	31047144	0.8815	chip2
1741719	31051493	0.6695	chip2
1667360	31051600	1.9592	chip2
1685489	31057662	0.6506	chip1
1734427	31093852	0.6465	chip1
1734553	31094034	0.945	chip1
1734831	31094745	1.4509	chip1
1736234	31095713	0.6202	chip1
1744750	31105892	1.2536	chip1
1746489	31107855	1.0129	chip1
1748316	31109924	0.6644	chip1
1757365	31126382	1.1438	chip2
1685229	31149938	0.6339	chip1
1686521	31150086	1.4191	chip1
1754794	31169576	1.0366	chip2
1741765	31169949	1.1623	chip2
1730842	31173591	1	chip1
1734317	31180198	1	chip1
1735716	31180802	0.5279	chip1
1732710	31201568	0.7034	chip2
1715389	31201758	0.8312	chip2
1726646	31202466	1.5672	chip2
1679286	31202621	0.8717	chip2
1716663	31203105	0.7029	chip2
1670164	31204365	1.0773	chip1
1670543	31204650	1.2359	chip1
1672209	31205334	1	chip1
1672379	31206626	1.0839	chip1
1672563	31206769	1.704	chip1
1672719	31206843	1	chip1
1674011	31207071	1	chip1
1654379	31214059	0.4761	chip2
1689194	31234442	0.5943	chip2
1730387	31248258	1.022	chip2
1703305	31248299	1.2837	chip2
1730181	31254131	1	chip1
1658448	31271494	0.9902	chip2
1668164	31271629	0.9198	chip2
1659291	31293786	1	chip1
1717621	31307345	0.8482	chip2
1664417	31324806	1	chip1
1664513	31325394	0.5982	chip1
1671599	31343094	0.9362	chip1
1676064	31373194	1.3685	chip2
1715212	31374991	0.9838	chip1
1676570	31377940	1.0469	chip2
1717198	31379193	1.3086	chip1
1648179	31423559	1.0209	chip1
1648795	31431890	1.2468	chip1
1650093	31433620	1	chip1
1693353	31449470	0.9808	chip2
1705187	31456613	0.8986	chip2
1680135	31499690	1	chip1
1732721	31555826	1.158	chip1
1732845	31555914	2.1072	chip1
1732953	31556181	0.602	chip1
1654849	31564997	0.8928	chip2
1666270	31572775	1.1087	chip2
1746433	31592202	0.8822	chip1
1670621	31609007	0.8786	chip1
1674194	31619712	1	chip1
1676395	31626952	1.6118	chip1
1677625	31627317	1.2582	chip1
1678245	31629095	0.6483	chip1
1678357	31629248	0.8727	chip1
1679731	31629552	1.584	chip1
1685278	31639829	1.9907	chip2
1734187	31661043	0.7817	chip1
1661587	31681787	0.6662	chip1
1661701	31681818	1.0206	chip1
1663223	31684497	0.812	chip1
1663353	31685021	1.2217	chip1
1663563	31686368	0.6597	chip1
1663741	31686963	0.847	chip1
1666903	31695142	0.8957	chip1
1667001	31695246	0.5649	chip1
1667125	31695310	1	chip1
1667323	31695608	0.9693	chip1
1667427	31695911	0.7319	chip1
1693232	31700569	0.7284	chip2
1724144	31705234	0.9021	chip2
1690787	31706082	1.1874	chip2
1733320	31731603	1.5102	chip2
1758824	31737586	0.3885	chip2
1719852	31744649	1.8658	chip1
1719976	31744674	1.37	chip1
1755340	31750983	1.0895	chip2
1662274	31757528	0.8178	chip2
1654943	31759218	0.6413	chip2
1757942	31759799	1.1798	chip2
1725339	31773350	1.6445	chip1
1732282	31792581	1	chip1
1654644	31797707	1	chip1
1654814	31800997	1	chip1
1703815	31804346	1.6449	chip2
1658702	31805079	1.3469	chip2
1659691	31810252	1.0801	chip1
1664829	31828157	1	chip1
1648818	31828613	1.1712	chip2
1731459	31828992	1.2382	chip2
1666662	31829010	1	chip2
1708529	31858597	0.534	chip1
1708634	31858853	1	chip1
1690219	31862443	1.5097	chip2
1678642	31863494	0.9347	chip2
1703277	31863934	0.822	chip2
1697751	31864956	0.6345	chip2
1724857	31920422	1.0606	chip1
1647043	31923657	0.5901	chip1
1647389	31926584	1.5038	chip1
1688382	31926853	1.5262	chip2
1750405	31928027	1.0433	chip2
1655778	31955408	0.5554	chip1
1695415	31961358	0.5927	chip2
1746236	31962532	0.7453	chip2
1664550	31962628	0.9414	chip2
1709851	31963962	1.8241	chip2
1651794	31964079	1.3664	chip2
1757948	31964180	1	chip2
1709904	32002967	0.8378	chip1
1679992	32007977	1.4527	chip2
1707197	32008043	0.9823	chip2
1740255	32034319	0.8863	chip2
1732791	32038404	1	chip1
1736574	32049212	1	chip1
1739915	32054461	1.821	chip2
1738364	32054765	1	chip1
1738540	32055628	2.3564	chip1
1738658	32055908	1.1051	chip1
1743328	32061196	0.9111	chip1
1667661	32066523	0.8421	chip1
1667793	32066560	1.2427	chip1
1698633	32079927	1	chip2
1643429	32138205	1.0481	chip2
1693401	32166897	1.2857	chip2
1668659	32321272	1	chip1
1673542	32428991	0.733	chip2
1691666	32431935	0.9292	chip2
1654691	32718864	0.5655	chip2
1679938	32724681	0.8955	chip2
1686368	32725290	1	chip2
1722512	32725753	1.6048	chip2
1663192	32790690	0.8925	chip2
1713747	32837079	1.4764	chip1
1755463	32849069	1.4816	chip1
1755583	32849133	1.554	chip1
1755735	32849635	0.7307	chip1
1740991	32851160	1	chip2
1723736	32864574	1.5325	chip2
1676102	32876724	2.0289	chip2
1700121	32878204	0.7415	chip2
1648072	32878430	1	chip2
1755948	32880335	1	chip2
1668546	32880524	1.907	chip2
1676895	32911362	1.105	chip1
1714725	32939941	0.8161	chip2
1670666	32941154	0.7434	chip2
1644818	32942697	0.8568	chip2
1725607	32964799	1.0807	chip1
1727762	32989045	0.8616	chip1
1712480	33165126	1.1614	chip1
1717618	33193816	1.0743	chip1
1717744	33193871	1.0862	chip1
1717870	33194166	0.8606	chip1
1723611	33217319	1	chip1
1732401	33225252	1	chip2
1705757	33225474	1.2168	chip2
1694503	33249052	0.587	chip2
1662571	33317865	0.3282	chip1
1644486	33396024	0.8178	chip2
1715314	33422157	2.0624	chip1
1717418	33453057	0.8255	chip1
1666706	33473559	0.7525	chip2
1668370	33493404	1.4258	chip2
1707093	33493503	0.6685	chip2
1710321	33493534	1.0089	chip2
1676756	33534663	0.5079	chip2
1715467	33554579	1	chip2
1700649	33599539	1	chip1
1701986	33600670	1	chip1
1699181	33614907	1	chip2
1741575	33615075	1	chip2
1667106	33643414	0.9484	chip2
1753147	33665280	1.0131	chip2
1711354	33669311	1	chip2
1745194	33715161	1	chip2
1741191	33744876	0.8736	chip2
1708753	33746118	1	chip2
1751043	33802428	1.2522	chip2
1699304	33827156	0.5466	chip1
1699406	33827340	1.4026	chip1
1701298	33837385	0.9005	chip1
1704725	33846447	0.4167	chip2
1684440	33846641	0.8737	chip2
1743475	33847565	1.13	chip2
1690321	33891152	1.3134	chip2
1674517	33891335	1	chip2
1662193	33945954	1.1504	chip1
1661005	33976390	2.0992	chip2
1723504	33977576	1.1866	chip2
1751427	33994589	1	chip2
1654595	34021174	0.7265	chip2
1718124	34023038	1.1357	chip1
1655867	34027338	0.5465	chip2
1722207	34038553	1.1461	chip1
1722331	34038746	0.6956	chip1
1654900	34078997	1	chip1
1660194	34093842	1.8792	chip1
1697054	34097057	1.0426	chip2
1662680	34097823	1.167	chip2
1745594	34098597	1.1081	chip2
1689516	34100240	2.032	chip2
1681280	34100310	1	chip2
1698955	34101257	0.8456	chip2
1743465	34101295	0.5994	chip2
1751133	34101805	1.2495	chip2
1708778	34132596	1.4072	chip1
1683656	34160712	1.3431	chip2
1668658	34162228	1.881	chip2
1701461	34169133	0.6282	chip2
1656615	34170329	1.0329	chip2
1679830	34179955	0.5878	chip2
1653693	34185952	0.5748	chip1
1728961	34221604	1	chip2
1726440	34258962	1.3137	chip2
1705776	34262252	1	chip1
1706370	34272543	1.3282	chip1
1743365	34287095	0.7799	chip2
1735773	34287292	1.0542	chip2
1747630	34296085	0.6964	chip1
1749866	34311818	1	chip1
1708518	34326213	1	chip2
1721470	34326543	0.6308	chip2
1743477	34341199	1.2985	chip2
1651364	34347123	2.105	chip2
1740121	34347151	1	chip2
1644243	34379870	1.1602	chip1
1644597	34381035	1.3296	chip1
1645977	34381353	1.3508	chip1
1646111	34381959	0.5181	chip1
1739613	34393162	1.3191	chip2
1691571	34443314	1	chip1
1729668	34443995	0.4845	chip2
1693051	34446099	0.9955	chip1
1693213	34446568	1.3171	chip1
1740712	34513742	0.7891	chip1
1735763	34528411	0.4661	chip2
1705481	34531097	1	chip2
1751092	34536722	0.5996	chip1
1651413	34555513	1	chip1
1652675	34558593	0.5965	chip1
1665990	34572012	0.6107	chip2
1723080	34572043	1.9854	chip2
1661695	34600629	1	chip1
1665195	34608205	0.825	chip1
1642135	34619917	1.3066	chip2
1680240	34620033	1	chip2
1707176	34625472	0.8445	chip1
1672894	34644677	0.5925	chip2
1725970	34644755	0.9336	chip2
1672888	34654667	1	chip2
1691582	34655404	1.9851	chip2
1651936	34657099	0.6801	chip2
1643282	34685119	0.9644	chip1
1661420	34716661	1.0686	chip2
1650373	34719817	0.9352	chip1
1652445	34731373	1	chip1
1652559	34732016	1	chip1
1652667	34732135	1	chip1
1711878	34734206	0.654	chip2
1654416	34738925	1.2296	chip1
1657631	34755325	1.0902	chip1
1686326	34777452	0.8156	chip2
1702996	34793214	1.1901	chip1
1703118	34793623	1.3648	chip1
1703284	34794062	1.8298	chip1
1708415	34807277	1.0701	chip1
1708523	34807406	0.4263	chip1
1716729	34859591	0.7828	chip2
1648319	34898901	1.3079	chip1
1747423	34924668	0.4667	chip2
1695196	34937461	1.9647	chip1
1697313	34950335	0.5057	chip1
1697588	34954170	1.6639	chip1
1698906	34954342	0.6639	chip1
1699022	34954382	0.72	chip1
1699196	34955794	1.8325	chip1
1704790	34979253	1.2862	chip1
1673512	34997110	1	chip2
1750078	35013307	1	chip1
1709461	35022057	0.848	chip2
1646010	35088857	0.5959	chip2
1729972	35140532	1.3845	chip2
1722658	35200264	1.9844	chip2
1704723	35200430	1.4644	chip2
1749142	35236296	0.9678	chip1
1674960	35280878	1.1122	chip1
1675164	35282033	0.8221	chip1
1695571	35342260	1.4798	chip2
1735829	35376766	2.0434	chip2
1654067	35417657	1.043	chip2
1702163	35455099	0.7317	chip2
1688864	35462954	1.8628	chip2
1659726	35530196	0.5492	chip2
1705100	35538656	1.2435	chip1
1705176	35539179	0.7727	chip1
1705348	35549628	1.3564	chip1
1740931	35565656	1.374	chip2
1697372	35567312	0.9534	chip2
1707316	35569758	1.0824	chip1
1708990	35572205	0.9	chip1
1715896	35596072	0.7363	chip1
1702269	35609854	0.5566	chip2
1737671	35616104	1	chip2
1725130	35710549	1.0267	chip2
1645421	35749159	1.5263	chip1
1714016	35749721	1	chip2
1698067	35749858	1.7571	chip2
1641853	35750238	0.8252	chip2
1734540	35773133	1.9673	chip2
1650987	35794208	2.3	chip1
1652331	35795756	0.9564	chip1
1652663	35805776	0.2499	chip1
1699590	35860188	1	chip1
1699796	35861390	0.6038	chip1
1703060	35891939	0.9196	chip1
1703172	35892658	1.3063	chip1
1741387	35899020	1.7957	chip2
1752336	35933784	1.075	chip1
1646977	35965250	0.7899	chip1
1656837	35967715	2.0551	chip2
1690276	35984930	1	chip1
1690446	35985448	2.0091	chip1
1692239	36010936	1.3062	chip1
1693772	36016265	1.2874	chip1
1695636	36023685	0.9346	chip1
1643193	36027607	1.1517	chip2
1670319	36088107	1.2556	chip2
1700918	36103564	1	chip1
1704448	36131964	1.2297	chip1
1700179	36134769	0.83	chip2
1706276	36140062	1	chip1
1746199	36166717	0.917	chip1
1746529	36169928	1	chip1
1748010	36170627	0.7666	chip1
1753392	36210245	1	chip1
1694655	36269186	2.6162	chip2
1670075	36269296	0.9793	chip2
1686668	36269405	1.2281	chip2
1696531	36314912	1.0307	chip1
1696659	36315576	0.4924	chip1
1698562	36323081	0.7842	chip1
1698674	36323341	0.8176	chip1
1676770	36337292	1	chip2
1683118	36337334	1.245	chip2
1745847	36361598	0.6934	chip1
1718301	36367534	0.9666	chip2
1684892	36368053	0.9329	chip2
1731483	36377330	1.1599	chip2
1681994	36381396	2.0505	chip2
1649030	36381461	1.5298	chip2
1649598	36387217	0.548	chip2
1658157	36418437	2.1144	chip1
1658287	36418723	0.8665	chip1
1658459	36419132	0.548	chip1
1658567	36419222	0.8675	chip1
1754954	36673338	1.0165	chip2
1700105	36690462	1.0295	chip2
1731703	36690604	1	chip2
1710694	36691446	1	chip1
1662544	36731344	1.0261	chip2
1720325	36731708	1.6165	chip2
1719380	36745906	1.0567	chip1
1660335	36770425	0.9485	chip2
1652067	36793090	0.7995	chip1
1652175	36793190	1.6226	chip1
1679802	36793535	1.081	chip2
1679082	36821279	0.5812	chip2
1724274	36821880	0.8892	chip2
1704342	36828854	1	chip1
1733916	36834091	0.5747	chip2
1756881	36837208	0.8213	chip2
1747021	36852716	0.5759	chip2
1664754	36887140	1.3785	chip2
1655643	36887441	0.6576	chip2
1723112	36888032	1.0289	chip2
1753154	36889527	1.1296	chip1
1703169	36892823	1	chip2
1666870	36896223	1.7024	chip2
1662112	36900353	2.3844	chip2
1755504	36933439	1.6604	chip2
1694179	37014887	1.5635	chip2
1644712	37015026	1.0491	chip2
1755682	37036251	1.6948	chip2
1745557	37048960	0.8721	chip1
1750536	37053348	1.1118	chip1
1749501	37070058	1.2596	chip2
1641952	37075245	0.8024	chip1
1742703	37091872	0.7468	chip2
1744755	37119086	1.391	chip2
1692075	37134607	1.0019	chip1
1681456	37183875	0.9436	chip2
1728337	37183973	1.0413	chip2
1698453	37184053	0.8078	chip2
1684321	37227385	1	chip1
1684439	37227589	0.8182	chip1
1699445	37231883	1	chip2
1688031	37233543	2.0077	chip1
1705892	37258477	1.1344	chip1
1707468	37262421	1	chip1
1677838	37266249	0.8491	chip2
1715031	37266408	1.2647	chip2
1709522	37269376	1.7588	chip1
1709638	37269867	0.9518	chip1
1709808	37272048	1.1861	chip1
1675119	37279391	1.5683	chip2
1684638	37279559	1.5547	chip2
1664700	37280471	1.1967	chip2
1715074	37282013	1.0891	chip1
1715200	37282268	0.5844	chip1
1729126	37285445	1.01	chip2
1725136	37285665	1.7253	chip2
1754693	37290342	0.6788	chip1
1754807	37290484	1.5388	chip1
1754929	37290800	0.9121	chip1
1755031	37291437	0.8552	chip1
1649661	37322668	0.9854	chip1
1725982	37366172	1	chip2
1700238	37376679	0.9223	chip1
1701988	37382976	1.8174	chip1
1702114	37383364	1	chip1
1705820	37393238	0.8617	chip1
1705964	37393318	1.1152	chip1
1754369	37414438	1.4473	chip1
1642290	37427284	0.7603	chip1
1643799	37429177	1.5689	chip1
1734656	37444938	0.7487	chip2
1718995	37445735	0.5506	chip2
1690762	37541006	1.4447	chip1
1690955	37541134	1.3602	chip1
1679512	37560051	1.6659	chip2
1698438	37565772	1.2366	chip1
1699822	37566392	0.6379	chip1
1743528	37595733	1	chip1
1749267	37607895	1.4159	chip2
1701641	37613361	1	chip2
1665472	37616520	1	chip2
1750388	37616827	0.9047	chip1
1750548	37617231	1	chip1
1750674	37620215	0.6125	chip1
1750770	37620816	1	chip1
1681879	37652201	0.9345	chip1
1752695	37665567	1.3261	chip2
1692151	37698496	1.2964	chip1
1648552	37709378	0.9786	chip2
1751985	37718009	1.6962	chip2
1655025	37729189	0.8719	chip2
1673248	37729232	1.1923	chip2
1739774	37730935	1.2196	chip1
1743088	37743224	1.8213	chip1
1744552	37745971	1.6468	chip1
1744642	37746757	0.8624	chip1
1718349	37759313	1	chip2
1673268	37766338	0.5627	chip2
1678524	37767574	0.9188	chip2
1677773	37779957	1.201	chip1
1686333	37800365	1	chip1
1686445	37800619	1	chip1
1686585	37800672	2.3298	chip1
1686707	37800770	1	chip1
1701581	37812517	0.9426	chip2
1648468	37813417	1.3385	chip2
1734063	37839046	1.0201	chip1
1691404	37858193	1.3966	chip2
1741044	37867455	0.6183	chip1
1753128	37867984	0.9581	chip1
1756630	37879485	0.4154	chip1
1733742	37899611	1	chip2
1644545	37904019	0.8062	chip1
1647921	37916496	1.257	chip1
1664898	37923146	1.6647	chip2
1651481	37925356	1	chip1
1723326	37944606	0.6196	chip2
1698738	37966305	0.7605	chip1
1703844	37986980	1	chip1
1681922	38037969	1.0244	chip2
1743447	38040416	0.7709	chip2
1713283	38077319	1.1231	chip2
1733844	38169733	1.6163	chip2
1702329	38227456	1.2709	chip2
1757781	38227810	1.1425	chip2
1687178	38306300	1.4607	chip2
1677793	38307000	1.1343	chip1
1684741	38343795	1.3871	chip1
1747877	38404706	1.4451	chip2
1737153	38405905	0.7988	chip2
1741956	38487314	1.6275	chip1
1673352	38560479	1.3547	chip2
1745792	38627849	0.8593	chip2
1682015	38629074	1.9025	chip1
1757311	38685309	1.4575	chip2
1676110	38685433	1.059	chip2
1642269	38697960	0.8873	chip2
1670512	38796960	1.214	chip2
1670470	38874966	1.297	chip2
1748087	39051718	1.4436	chip2
1752854	39159531	1	chip1
1645562	39323916	0.7377	chip2
1716241	39410660	1.2923	chip2
1659606	39411516	0.8937	chip2
1739454	39558883	1.3134	chip1
1673030	39684147	0.9019	chip2
1684373	39743987	1.7025	chip1
1726633	39781881	1.9154	chip1
1728680	39813802	1	chip1
1641881	39981509	2.1579	chip2
1722587	39986759	0.8859	chip1
1664404	40001517	0.6584	chip2
1729361	40003310	1	chip1
1647866	40007549	0.4595	chip2
1690273	40017144	1.3968	chip2
1656880	40027071	1.8377	chip1
1712572	40132338	1.0668	chip1
1712900	40134486	0.5907	chip1
1757439	40188056	0.5645	chip2
1713055	40189518	1	chip2
1683776	40189781	0.8689	chip2
1749248	40218434	0.64	chip1
1755332	40223294	1.4319	chip2
1718629	40223335	1.1024	chip2
1685758	40224842	0.8405	chip2
1678508	40295819	1.0601	chip2
1739245	40309302	0.9923	chip2
1685784	40310084	1.7886	chip2
1733373	40390375	1.0078	chip1
1740190	40408327	0.7278	chip1
1741378	40409071	1.4972	chip1
1741470	40409093	2.3209	chip1
1682446	40427287	1	chip2
1669581	40443280	1	chip2
1756431	40527661	0.9488	chip2
1642283	40603172	1	chip2
1670379	40607743	1.0529	chip2
1732888	40915917	0.8609	chip2
1735793	41086979	1.31	chip2
1658726	41106723	0.492	chip2
1665819	41345866	0.9612	chip1
1710889	41379720	1.153	chip1
1660101	41404785	1.4497	chip2
1677188	41440229	1.2091	chip2
1659281	41556257	1	chip1
1657986	41571292	1	chip2
1699303	41600679	0.777	chip2
1678679	41621610	0.8056	chip1
1708406	41676268	1.0863	chip2
1733086	41721187	1.8397	chip2
1670271	41776810	1.5512	chip2
1672286	41817310	0.8557	chip2
1720236	41999160	2.1709	chip1
1720995	42010479	0.9777	chip2
1732324	42091928	1.4082	chip1
1734173	42108428	1.0072	chip1
1657875	42127847	1	chip1
1658097	42135692	1.8366	chip1
1644354	42137357	1.8161	chip2
1661793	42170966	0.9431	chip1
1663143	42177578	1.2255	chip1
1665189	42198229	0.6198	chip1
1662246	42199890	1.5694	chip2
1668567	42209530	1.1207	chip1
1672635	42249182	1.4834	chip1
1725688	42272568	0.8792	chip2
1716220	42385934	1	chip1
1719622	42511579	1	chip1
1724969	42609135	0.8532	chip1
1725075	42609483	1.7488	chip1
1725189	42610066	0.708	chip1
1724730	42798307	1.2903	chip2
1662510	42834426	0.5235	chip2
1701311	42836308	0.8807	chip2
1642514	42978209	0.7537	chip1
1738559	42990211	1.2547	chip2
1643331	42990264	0.9113	chip2
1705915	42990357	2.1984	chip2
1725324	43100971	1.1262	chip2
1700605	43104136	2.326	chip1
1703606	43107407	1.6575	chip1
1707366	43122121	1.3694	chip1
1687092	43336557	1.336	chip2
1693785	43344610	1	chip2
1726148	43344760	0.8883	chip2
1658729	43419087	0.8315	chip1
1659021	43420385	1	chip1
1660420	43421136	1	chip1
1664293	43436548	1	chip1
1665893	43438601	1.4816	chip1
1709508	43460321	0.5559	chip1
1732996	43482987	0.608	chip2
1704975	43483166	1	chip2
1722507	43515567	0.9962	chip1
1722627	43516199	1.2676	chip1
1647815	43523019	0.4985	chip1
1648089	43524392	1	chip1
1656868	43667790	1	chip1
1670367	43722685	0.7684	chip2
1660125	43723047	1.8898	chip2
1731977	43723526	1.3053	chip2
1731379	43723558	1.1898	chip2
1714017	43761218	1.605	chip1
1717706	43799490	0.629	chip1
1717836	43799561	0.69	chip1
1676070	43846842	2.3184	chip2
1649151	43857797	0.6636	chip1
1649255	43857958	0.6176	chip1
1650707	43860883	0.7164	chip1
1650989	43864480	1.8173	chip1
1676006	43886182	0.8655	chip2
1745083	43917298	1.3332	chip2
1698271	43917434	0.7919	chip2
1758016	43924115	0.5507	chip2
1747337	43959494	0.6455	chip2
1758677	43959933	0.6529	chip2
1667092	43994815	1.1981	chip2
1642520	44031429	1	chip1
1708108	44055190	1.1175	chip2
1751505	44055433	0.6091	chip2
1679714	44061227	1.3788	chip2
1659896	44062311	1.3456	chip2
1662139	44084649	1.292	chip1
1662257	44085750	1.1485	chip1
1670985	44155507	1.1144	chip1
1660363	44157971	1.3733	chip2
1673073	44169166	1.1065	chip1
1691902	44170619	1.0583	chip2
1690553	44171328	0.6905	chip2
1678184	44175028	1.9731	chip2
1697326	44200478	1.7499	chip2
1714948	44230985	1.1199	chip1
1711646	44234210	2.1827	chip2
1718532	44255624	1.1653	chip1
1720202	44263449	1.1764	chip1
1724085	44296521	1.9005	chip1
1735212	44298173	0.6751	chip2
1673590	44298221	0.8029	chip2
1724216	44299171	0.6857	chip2
1677316	44299205	1	chip2
1663369	44373635	0.9428	chip1
1644867	44444342	0.96	chip1
1645073	44445661	1.5855	chip1
1645173	44445685	0.8422	chip1
1727759	44485438	0.8598	chip2
1702073	44496600	1	chip2
1758807	44497210	1.406	chip2
1660834	44513999	1	chip1
1699536	44517956	1.6061	chip1
1743463	44523246	0.7574	chip2
1706478	44529620	1.4705	chip1
1666172	44531807	2.8376	chip2
1754916	44563353	0.7975	chip2
1734250	44567812	1.3429	chip2
1758310	44567959	0.8818	chip2
1685960	44568338	1.213	chip2
1696534	44569827	0.4384	chip2
1757056	44585017	1	chip1
1746671	44600958	0.9676	chip2
1653475	44632570	0.8268	chip1
1691229	44632813	1.7291	chip1
1691333	44632962	0.8061	chip1
1695218	44643135	1.1657	chip1
1697283	44649933	1.963	chip1
1698596	44650046	0.8805	chip1
1698704	44650596	0.939	chip1
1699222	44653155	1.1572	chip1
1702422	44657488	1	chip1
1702682	44657578	1	chip1
1702786	44657626	1.3088	chip1
1702900	44657809	1	chip1
1704158	44657831	1	chip1
1699571	44683975	0.6798	chip2
1657852	44684180	1.2234	chip2
1725606	44684481	0.7478	chip2
1680576	44684503	1.1629	chip2
1643814	44685805	0.8425	chip2
1692797	44727072	1.4699	chip1
1692985	44728050	1.8731	chip1
1694600	44728764	0.7012	chip1
1694712	44729126	1.3582	chip1
1694940	44729386	1.446	chip1
1716254	44766777	0.739	chip1
1725537	44812509	0.9043	chip1
1694449	44819915	1.4155	chip2
1728948	44832587	1.3357	chip1
1700346	44858451	0.9052	chip2
1678094	44858824	1.3468	chip2
1749721	44866013	0.6697	chip2
1713215	44892737	1.3928	chip2
1683384	44903940	0.6483	chip2
1655183	44904324	0.9839	chip2
1690437	44904388	1	chip2
1668849	44973231	0.9837	chip2
1713781	45001812	1.7901	chip1
1717566	45023826	0.9197	chip1
1718954	45024617	1	chip1
1711860	45028210	1.3596	chip2
1738647	45117184	1.9615	chip2
1644938	45117401	1.0254	chip2
1746290	45194109	0.7607	chip2
1732926	45194356	0.7611	chip2
1683316	45194506	0.9685	chip2
1655903	45220085	0.6524	chip2
1691266	45233296	1.7948	chip2
1758732	45233454	1.0976	chip2
1699416	45338346	0.9749	chip1
1742872	45367691	1.3901	chip1
1743002	45367749	1	chip1
1743092	45368231	0.8258	chip1
1757592	45407214	1.0653	chip1
1642902	45408259	1.1313	chip1
1707583	45427516	0.597	chip2
1706095	45428079	1.1204	chip2
1745889	45463811	0.9141	chip1
1747490	45465245	0.7873	chip1
1723680	45472598	1.6628	chip2
1667448	45483437	1.1996	chip2
1665422	45483881	0.6256	chip2
1648512	45500394	1.4865	chip2
1757589	45512988	1.06	chip2
1721372	45529226	1.4746	chip1
1726431	45542074	1.7832	chip1
1655186	45576101	1.0913	chip1
1652196	45593304	0.9445	chip2
1660912	45594014	0.6391	chip1
1673970	45615618	0.9514	chip2
1706266	45622118	0.9572	chip1
1711201	45637618	0.6484	chip1
1713228	45647928	1.4511	chip1
1713363	45648230	0.6755	chip1
1735733	45661803	0.7321	chip2
1706877	45661946	0.9693	chip2
1730060	45662565	0.6069	chip2
1665682	45673994	1.4961	chip2
1643969	45678705	1	chip1
1646169	45682506	1.8574	chip1
1715695	45720455	1.127	chip2
1702573	45723135	1.8532	chip2
1700306	45751246	1.5458	chip1
1735939	45786833	1	chip2
1655425	45789839	1.2566	chip2
1643464	45839887	0.937	chip1
1645133	45842411	1.3102	chip1
1645217	45842859	1.2595	chip1
1664240	45859424	0.6429	chip2
1747041	45860335	0.8513	chip2
1708841	45860716	1.1294	chip2
1692279	45865024	1.4549	chip1
1692383	45865217	1.6545	chip1
1652672	45874245	1.1656	chip2
1699768	45885244	0.842	chip1
1701084	45885715	0.9475	chip1
1645896	45895411	0.5462	chip2
1723516	45906253	1.3609	chip2
1748134	45907658	0.7247	chip1
1667424	45910520	1.3818	chip2
1757970	45924500	0.675	chip2
1683600	45925000	1.1458	chip2
1756986	45928633	0.8604	chip1
1718500	46034246	0.8663	chip1
1722061	46045683	0.8532	chip1
1714256	46083063	0.4608	chip2
1685946	46085541	1.3977	chip2
1701530	46146164	1.032	chip1
1744393	46164805	0.6008	chip2
1707040	46177345	1.3805	chip1
1737535	46184100	0.6535	chip2
1686194	46342133	1.4882	chip2
1655202	46384806	1.0872	chip1
1744791	46452318	0.5764	chip2
1674120	46453129	0.6923	chip2
1708031	46473467	1.1721	chip1
1646462	46476091	1.721	chip2
1754651	46504145	0.7408	chip1
1642793	46521916	0.4925	chip2
1669811	46523976	1.1108	chip2
1737920	46526374	0.9146	chip2
1682852	46526957	1.6875	chip2
1749081	46527389	1.0672	chip2
1689601	46540437	1.0308	chip1
1691157	46544487	1.8027	chip1
1694908	46558445	1.029	chip1
1698248	46567381	1.1226	chip1
1665082	46643411	0.8139	chip2
1686066	46645353	0.999	chip2
1680440	46679257	0.7757	chip2
1712215	46683378	0.6055	chip2
1671070	46684122	0.4258	chip2
1728673	46687878	1.4704	chip2
1686785	46693869	1.1235	chip1
1681802	46798341	1.5008	chip2
1711472	46842454	0.6815	chip2
1652987	46843406	1.1189	chip1
1749845	46843581	0.7925	chip2
1719155	46846965	0.5705	chip2
1654818	46850721	1.3266	chip1
1703668	46920821	0.7566	chip1
1718191	46922005	0.6519	chip2
1707572	46941541	0.6172	chip1
1707734	46950212	1	chip1
1707855	46950245	0.4432	chip1
1709166	46950338	1	chip1
1709262	46950476	1.0708	chip1
1709410	46951793	2.0502	chip1
1706289	46959609	0.9511	chip2
1726422	46971973	0.8537	chip2
1754717	47004015	0.8152	chip1
1720605	47007067	1.1897	chip2
1701681	47008131	1.1062	chip2
1647634	47008883	1.1239	chip2
1676206	47022543	0.9711	chip2
1649938	47121409	0.5289	chip2
1694328	47137711	1.5273	chip1
1668859	47175541	0.5795	chip2
1757287	47180201	0.7772	chip2
1684949	47381025	1.4927	chip1
1664908	47391633	1.3163	chip2
1752467	47408902	1.1659	chip2
1690588	47426760	1.5961	chip1
1651986	47507245	1.1303	chip2
1675830	47508070	0.7153	chip2
1678210	47525525	0.5419	chip2
1664732	47526642	1	chip2
1651084	47533656	1.3919	chip2
1654117	47535045	0.521	chip2
1715255	47535657	1.0387	chip2
1649410	47635303	0.8687	chip2
1662258	47635423	0.7451	chip2
1731530	47720436	1	chip1
1688994	47733664	1	chip2
1686064	47743964	1.3292	chip2
1729436	47745152	1.0407	chip2
1660483	47745299	0.7982	chip2
1739962	47756591	1	chip1
1669236	47801369	1.7521	chip1
1744427	47808532	1.034	chip2
1676519	47835966	1	chip1
1681849	47873772	1	chip1
1683355	47876236	0.6129	chip1
1701188	47903387	0.635	chip1
1706768	47935182	1.0889	chip1
1751818	47974477	1.2192	chip1
1753695	47980845	0.6209	chip2
1645912	47985965	1	chip2
1748579	47995800	1.1969	chip2
1757060	48003494	1	chip1
1757266	48006512	1	chip1
1675411	48008650	0.862	chip2
1644970	48055351	1.7975	chip2
1754434	48055662	1.079	chip2
1647574	48056765	1.4667	chip2
1649943	48056965	1.0321	chip1
1650057	48057872	1.4172	chip1
1649600	48060962	0.8844	chip2
1681852	48069915	1.662	chip2
1689952	48070953	0.6127	chip1
1683912	48074273	0.7127	chip2
1698922	48124729	1	chip1
1674569	48141602	2.4386	chip2
1692974	48176213	0.7071	chip2
1690171	48187342	0.8105	chip2
1692368	48190265	1.5253	chip2
1674563	48196095	1	chip2
1706981	48208710	1.3527	chip2
1759048	48217514	1	chip2
1745976	48219786	0.9347	chip2
1696840	48312162	1.0516	chip2
1703265	48317773	1.0308	chip2
1664374	48330011	0.8361	chip2
1758958	48338192	1.3402	chip2
1679562	48338924	1.9848	chip2
1649662	48339147	1.0642	chip2
1738454	48375850	1.3099	chip1
1744740	48425969	1.9225	chip1
1716459	48442463	1.1172	chip2
1753547	48443413	1.4444	chip2
1672445	48451807	1.2757	chip1
1683119	48543532	1	chip1
1688709	48576455	1	chip1
1727143	48577525	1	chip1
1738387	48606065	1	chip2
1729050	48616287	0.7855	chip1
1709977	48619424	1	chip2
1716837	48621104	0.9727	chip2
1729029	48622418	1.1221	chip2
1724464	48636691	0.8766	chip2
1740676	48678247	1.0341	chip1
1666462	48682420	1	chip2
1646398	48683381	0.5856	chip2
1724540	48704585	1	chip2
1678835	48790334	1.5441	chip1
1719248	48810031	1	chip1
1724959	48888032	1.0982	chip1
1651110	48902378	1.7156	chip2
1731476	48917119	1.0263	chip1
1731802	48927593	1.0109	chip1
1672654	48931576	1.0021	chip2
1656199	48974238	0.2973	chip2
1753777	49063420	1.0125	chip2
1715073	49067555	1.8129	chip2
1699759	49073868	1.1215	chip2
1697822	49194325	1	chip1
1685060	49250916	1.626	chip2
1685546	49259313	1.0366	chip2
1693565	49297994	1.4585	chip2
1683075	49319939	1	chip1
1684287	49320386	1	chip1
1684807	49325648	2.5796	chip1
1656175	49328952	0.9027	chip2
1688265	49335602	1.0953	chip1
1731377	49338638	1.3694	chip2
1741219	49345714	1.385	chip2
1701855	49360825	1.0264	chip2
1735218	49365886	0.7944	chip2
1674657	49366890	1.0023	chip2
1653052	49386829	1.7825	chip2
1679852	49386975	1.5715	chip2
1715979	49394002	0.6993	chip2
1673958	49428197	1	chip2
1747444	49434029	1.2066	chip1
1747542	49434085	1.1735	chip1
1730044	49453614	1.1486	chip2
1700724	49614625	0.5768	chip2
1750961	49669661	0.9947	chip2
1668040	49703104	0.7859	chip2
1677903	49764451	1.1997	chip1
1678041	49764503	1.0911	chip1
1716008	49764604	1.021	chip1
1716124	49764885	1	chip1
1716228	49764955	0.5863	chip1
1716312	49766074	0.8563	chip1
1716424	49766117	1.7238	chip1
1716720	49767401	0.6737	chip1
1718506	49768583	0.9373	chip1
1720356	49778943	0.5287	chip1
1665734	49815069	1.6688	chip2
1696760	49851708	1.8757	chip2
1728687	49852517	0.545	chip2
1656638	49853117	1	chip1
1679884	49933618	0.7374	chip2
1748431	49934917	1.1083	chip2
1751123	49935203	1.2424	chip2
1682819	49935371	1	chip1
1645172	49952412	0.895	chip2
1688281	49967342	0.6659	chip1
1676662	50105438	0.9149	chip2
1666980	50105557	0.9765	chip2
1748884	50145825	0.3888	chip1
1750628	50157020	1.7946	chip1
1678593	50217065	1.5049	chip1
1691011	50314794	1	chip1
1731370	50329088	1.3612	chip1
1658472	50341678	1	chip2
1667019	50411155	0.9199	chip1
1670977	50440565	0.468	chip1
1672359	50441415	2.0538	chip1
1672599	50445664	1.0669	chip1
1747127	50467039	0.9599	chip2
1677991	50468669	0.8332	chip1
1679555	50474725	1.4363	chip1
1746643	50476923	0.6836	chip2
1753903	50477352	1.9298	chip2
1681525	50483360	1.0559	chip1
1722095	50489692	0.9005	chip1
1732292	50514364	0.8024	chip1
1691124	50516362	0.7417	chip2
1758303	50516474	0.5672	chip2
1668643	50630148	1	chip1
1750675	50640720	2.1363	chip2
1675671	50689206	0.8817	chip1
1715640	50720554	1.0483	chip1
1721052	50756038	0.733	chip1
1721178	50756247	2.0526	chip1
1655794	50859965	0.5816	chip1
1697917	50860715	1	chip2
1677390	50919088	1.0094	chip2
1666112	50920355	0.9169	chip2
1704445	50927337	1.3731	chip2
1717995	50933835	1.0082	chip2
1652446	50947906	1.0268	chip2
1749641	50948283	0.775	chip2
1705944	50950376	1.67	chip1
1706192	50951074	1.0981	chip1
1711625	50964781	1.2428	chip1
1736622	51000577	0.5742	chip1
1742217	51001902	1	chip2
1704533	51002439	1.1278	chip2
1698009	51030562	1.7118	chip2
1748354	51032169	1.3253	chip1
1748460	51032409	1.2024	chip1
1700099	51034876	1.0818	chip2
1672771	51047697	1.4287	chip1
1676181	51072643	1.3992	chip1
1726212	51103779	1.3469	chip2
1683599	51108037	1.0957	chip1
1684945	51109121	0.9522	chip1
1681428	51123673	1	chip2
1650098	51126368	1.7766	chip2
1650002	51126789	0.9036	chip2
1750443	51150869	0.6047	chip2
1739456	51159739	1	chip1
1739596	51160525	1.2715	chip1
1665061	51171992	1.2852	chip1
1665285	51172430	1.1401	chip1
1665453	51173102	1.3393	chip1
1645828	51173545	1.8157	chip2
1725069	51212732	1	chip1
1725245	51213979	0.8714	chip1
1709249	51234395	1.7431	chip2
1735345	51240406	1.4642	chip1
1735457	51240801	2.4082	chip1
1719997	51243958	1.393	chip2
1728445	51244433	1	chip2
1750821	51245627	1.6434	chip2
1662785	51257387	1.0664	chip1
1663027	51257760	1.0129	chip1
1663123	51258236	1.1529	chip1
1674641	51279938	1.4262	chip2
1717056	51293730	0.8661	chip1
1718872	51295622	1.0023	chip1
1719012	51295884	0.6055	chip1
1719286	51296193	0.7332	chip1
1719402	51296486	1.9433	chip1
1649142	51301296	0.6472	chip2
1687346	51301671	0.7996	chip2
1734334	51336679	0.918	chip2
1704360	51385015	1	chip1
1705822	51385736	0.953	chip1
1711427	51404201	0.9825	chip1
1711535	51404276	0.8784	chip1
1758399	51413036	0.5431	chip2
1720744	51422551	0.7241	chip1
1642232	51422868	1.319	chip1
1659818	51447773	1	chip2
1655000	51454847	1.4164	chip1
1670095	51459848	0.8526	chip2
1719959	51465878	1.2635	chip2
1686494	51465942	1.1233	chip2
1705379	51466164	0.6637	chip2
1705381	51466413	0.5774	chip2
1679341	51489390	1.0205	chip1
1696606	51515410	0.9846	chip2
1642663	51515446	1.5046	chip2
1725559	51517424	0.6889	chip1
1677400	51573225	1.093	chip2
1697695	51573373	1.0555	chip2
1752907	51573583	1.3146	chip2
1675116	51595524	1	chip1
1699937	51598287	0.811	chip2
1689034	51598479	0.9887	chip2
1661422	51603044	0.5259	chip2
1693721	51603774	1.5546	chip2
1738044	51604100	0.9796	chip2
1749069	51607203	1.1131	chip2
1658682	51610704	1.1171	chip2
1664630	51640594	0.6	chip2
1660715	51640623	0.4085	chip2
1666228	51661883	1.1753	chip2
1655144	51675833	1.2539	chip1
1716849	51677654	2.053	chip2
1656732	51677914	1.3538	chip1
1656844	51677951	1.6744	chip1
1660626	51686598	0.9277	chip1
1663819	51693562	1.7925	chip1
1663981	51693694	1.3493	chip1
1664155	51694486	1.851	chip1
1669480	51721345	1	chip1
1670875	51723710	1.587	chip1
1671307	51725856	2.033	chip1
1709396	51726334	0.9569	chip1
1709700	51727599	1.2747	chip1
1714800	51735154	0.7575	chip1
1686632	51740487	1.8976	chip2
1647981	51759463	0.6323	chip1
1709861	51794410	0.7353	chip2
1695115	51796523	1.6237	chip2
1758414	51796631	0.465	chip2
1692778	51797256	1.1964	chip2
1697322	51799834	1.307	chip2
1723832	51800097	1.2062	chip2
1672796	51800508	1.4273	chip2
1653968	51800785	0.6444	chip2
1713075	51845803	1	chip2
1694899	51868102	1.0774	chip2
1689166	51868211	1	chip2
1667628	51868518	1	chip2
1651955	51899114	1.012	chip1
1652087	51899315	2.0069	chip1
1757940	51940915	1.9257	chip2
1738497	51941339	1.5017	chip2
1709804	51948262	1.347	chip1
1709940	51948279	0.8457	chip1
1729407	51960753	0.8277	chip1
1695517	52001004	1.8565	chip2
1730951	52019395	1.1546	chip2
1758766	52033314	0.6587	chip2
1738244	52034488	1.3561	chip2
1725277	52058975	1.6047	chip1
1674889	52061167	1.0459	chip2
1676824	52061618	0.4814	chip2
1728584	52063145	1.54	chip1
1728824	52063843	1.1829	chip1
1728918	52063875	1.3213	chip1
1730790	52067223	1	chip1
1652447	52067663	1.3488	chip1
1663450	52069273	0.7792	chip2
1687520	52085319	1	chip2
1727311	52085597	1.2773	chip2
1722184	52088667	1.6381	chip2
1742835	52105773	1	chip2
1644764	52125719	1.1239	chip2
1708784	52135477	1.0167	chip1
1703909	52145747	1.2764	chip2
1710508	52146082	1	chip1
1713907	52151283	1.7653	chip1
1714007	52151396	0.748	chip1
1714253	52151635	1.482	chip1
1721525	52175915	0.9406	chip1
1690415	52255958	1.9121	chip2
1694077	52312958	0.7716	chip2
1698245	52322448	2.1167	chip2
1642064	52324587	1.1944	chip1
1642194	52325052	0.9897	chip1
1750244	52465606	1.5408	chip1
1670744	52467924	2.0641	chip2
1750636	52470723	1.9365	chip1
1646618	52472755	0.5559	chip2
1722850	52518427	1.0762	chip2
1676948	52566604	0.6073	chip2
1661140	52574650	0.6835	chip1
1724036	52599143	1.989	chip2
1742265	52629166	0.9227	chip2
1718860	52655153	0.7183	chip1
1720370	52656746	0.3698	chip1
1720532	52657040	0.6244	chip1
1722829	52662763	1.5656	chip1
1722951	52662853	1.1896	chip1
1656419	52679696	1.0245	chip2
1758690	52679875	0.8954	chip2
1650061	52685879	1.4644	chip1
1650155	52685923	1.0408	chip1
1651943	52691684	0.5634	chip1
1652073	52692074	0.7095	chip1
1653335	52692250	1.5268	chip1
1653477	52693011	1.142	chip1
1657004	52700466	0.7517	chip1
1690315	52740396	0.6865	chip2
1706252	52742156	0.7167	chip1
1667052	52743351	1.2076	chip2
1698887	52784591	1	chip2
1686552	52790015	1	chip2
1642995	52884789	1.2464	chip2
1689502	52885740	0.6483	chip2
1701832	52887050	1.3282	chip1
1705205	52900778	0.7534	chip2
1720363	52901811	1	chip2
1708740	52908228	1.2434	chip1
1708938	52908472	1.3061	chip1
1710246	52908612	1	chip1
1710400	52908811	1.0486	chip1
1710627	52908961	1.0484	chip1
1710743	52909004	1	chip1
1710861	52909198	0.9642	chip1
1710993	52909283	1.9674	chip1
1711091	52909418	1	chip1
1712830	52910643	1	chip1
1693557	52915798	1	chip2
1642008	52923662	0.6889	chip1
1642432	52924242	1.6286	chip1
1645609	52927040	0.825	chip1
1645823	52927196	1	chip1
1647989	52929651	1.9104	chip1
1649407	52930043	0.5566	chip1
1649491	52930076	1.1297	chip1
1678916	52978453	1.2785	chip2
1700126	52986769	0.8113	chip1
1743238	53040846	1.3895	chip1
1743438	53042160	0.7601	chip1
1675377	53043872	0.7751	chip2
1725214	53050766	0.8599	chip2
1747447	53094503	1.0395	chip2
1692252	53098119	0.4726	chip2
1656041	53131579	0.9035	chip2
1693572	53134392	0.5633	chip1
1693776	53134745	0.5402	chip1
1694038	53135583	0.7152	chip1
1694214	53136097	1	chip1
1746062	53155416	1.6114	chip2
1722735	53169953	1.2868	chip1
1727552	53184152	1.4462	chip1
1727742	53184680	0.922	chip1
1704521	53197687	0.6475	chip2
1688986	53251181	1	chip2
1743469	53255909	0.6601	chip2
1703199	53262556	1	chip2
1658518	53262687	0.7806	chip2
1667331	53276704	0.8803	chip1
1668718	53276906	0.5739	chip1
1678006	53278018	1.3706	chip2
1671846	53279026	0.6854	chip2
1714329	53307474	1.7527	chip1
1754566	53319503	0.5322	chip2
1658406	53321634	0.6002	chip2
1723691	53349434	0.7531	chip1
1705157	53423377	0.5654	chip2
1654596	53452381	1.9814	chip1
1655992	53452605	0.7322	chip1
1656146	53452798	1	chip1
1704814	53577983	1.2475	chip1
1758215	53629994	0.4883	chip2
1712983	53630068	0.9783	chip2
1694595	53700167	1	chip2
1687934	53716807	1	chip2
1667028	53720491	1.299	chip2
1646427	53740892	0.9524	chip1
1738322	53782201	0.9506	chip2
1653839	53794987	1.2006	chip1
1656435	53889456	1.1013	chip2
1729322	53934404	0.729	chip2
1751000	53940164	0.8728	chip1
1752818	53947068	0.7313	chip1
1684962	53950584	0.5438	chip2
1654799	53952168	1.3765	chip2
1649682	53959944	1.2493	chip2
1707954	53975463	1.5234	chip2
1670329	53984294	2.1841	chip2
1756987	53987004	0.9468	chip2
1645599	53995275	0.9993	chip1
1645947	53998421	1.7708	chip1
1646081	53998510	1.1741	chip1
1647941	54004605	1.1671	chip1
1691071	54077312	1.1765	chip1
1691179	54077390	0.8647	chip1
1691267	54077691	0.46	chip1
1696273	54108894	1.3308	chip1
1721878	54131923	1.5342	chip2
1656689	54132295	0.8806	chip2
1662724	54132358	1.402	chip2
1743233	54133947	1.2747	chip2
1752562	54271580	0.6963	chip1
1752778	54271655	1.4934	chip1
1703211	54281187	1	chip2
1645772	54282428	0.6889	chip2
1736765	54283817	1.0515	chip2
1689070	54283874	0.7645	chip2
1682386	54365123	0.845	chip2
1653394	54365575	1	chip2
1693515	54447120	1.1893	chip2
1719123	54451224	0.6658	chip2
1722965	54523500	2.0666	chip1
1724147	54523570	1	chip1
1724323	54523770	0.6526	chip1
1687450	54607456	1.4109	chip2
1687154	54608317	0.9425	chip2
1664071	54616277	1	chip1
1725654	54622540	0.8893	chip2
1746540	54631731	1	chip2
1726464	54683299	0.6865	chip2
1708252	54703682	1	chip2
1650725	54805180	0.5527	chip1
1650843	54805516	0.6283	chip1
1651009	54809475	1	chip1
1651131	54810002	0.9761	chip1
1697903	54815789	1	chip2
1706613	54816207	1	chip2
1654764	54837904	0.747	chip1
1656220	54839561	0.8009	chip1
1737689	54853079	1.6899	chip2
1726886	54854289	1.1571	chip2
1687042	54862045	1.4551	chip2
1751171	54986374	1	chip2
1717027	54986884	0.6792	chip2
1751920	55003159	1.6576	chip1
1753990	55012890	1	chip1
1708438	55023658	1	chip2
1668917	55026540	1.2151	chip2
1757504	55028052	2.4282	chip1
1757624	55028949	0.9586	chip1
1719639	55118321	1.3398	chip2
1664136	55119113	0.9615	chip2
1693433	55119868	0.6896	chip2
1708350	55120501	1.1016	chip2
1697610	55129991	0.9449	chip1
1654165	55190890	1.168	chip2
1707677	55191405	0.8571	chip2
1701929	55235747	0.6372	chip2
1692080	55253067	0.9626	chip2
1685697	55277897	1	chip1
1685801	55278474	0.382	chip1
1691275	55297253	0.8787	chip1
1719913	55309444	1	chip2
1709254	55317767	1	chip1
1649068	55322507	1	chip2
1716400	55343090	1	chip1
1717932	55353151	0.9121	chip1
1643582	55366808	1	chip2
1721873	55368601	1.3833	chip1
1648250	55375695	1	chip2
1662648	55383642	1.4134	chip2
1649325	55391871	1	chip1
1649471	55392566	1	chip1
1654340	55407479	1.3207	chip1
1654466	55408068	0.8385	chip1
1659919	55420610	1	chip1
1704173	55431825	0.9735	chip2
1675073	55431948	1.1761	chip2
1710490	55469145	1	chip1
1722810	55472117	0.6892	chip2
1712358	55472780	1	chip1
1696292	55517215	1.2183	chip2
1650083	55520686	0.9635	chip1
1685602	55525111	0.9787	chip2
1691260	55533363	1.0264	chip2
1704048	55569541	1	chip1
1705974	55572415	1.1977	chip1
1706092	55573538	0.9023	chip1
1706210	55573712	0.7871	chip1
1649746	55587057	1.2798	chip2
1716885	55604342	1.0585	chip2
1667984	55604700	0.6514	chip2
1656003	55605525	0.6118	chip2
1692024	55653183	0.6098	chip2
1694734	55655740	1.2383	chip1
1700094	55667810	0.8464	chip1
1746817	55668992	1.8455	chip2
1716631	55669181	0.6508	chip2
1739994	55685484	1.3446	chip1
1693222	55739040	1.9212	chip2
1705261	55746920	1.9313	chip2
1750643	55848087	0.954	chip2
1739843	55848181	0.8226	chip2
1758821	55849293	0.5878	chip2
1665400	55873050	0.8493	chip2
1714681	55873080	0.9461	chip2
1730240	55873756	0.7378	chip2
1681462	55875356	1	chip2
1711046	55875508	0.9577	chip2
1705055	55877815	1	chip2
1733274	55878469	0.8894	chip2
1731675	55878597	1.2115	chip2
1693723	55878620	0.8329	chip2
1653319	55927236	0.9664	chip1
1672680	55940104	0.5288	chip2
1646890	55942065	1.5935	chip2
1709719	55942204	2.1103	chip2
1658609	55942641	0.675	chip1
1658703	55942766	1.007	chip1
1696615	55943844	1.5704	chip1
1697003	55945899	1.4025	chip1
1682862	55974260	0.9804	chip2
1728143	55974295	0.7477	chip2
1735474	55974432	0.5799	chip2
1706901	55975540	1.0019	chip2
1752652	55998943	0.754	chip1
1752856	56000660	1.086	chip1
1756564	56014925	0.6602	chip1
1743379	56021414	1.1226	chip2
1646194	56053195	1	chip2
1751583	56054625	1	chip2
1692621	56072680	1.2174	chip1
1698326	56090429	0.7421	chip1
1699788	56091605	0.7986	chip1
1699894	56092075	1.8956	chip1
1700068	56092694	1.2969	chip1
1700162	56093843	0.7586	chip1
1679774	56094673	1.0264	chip2
1739383	56121637	1.9485	chip2
1677900	56121879	1.7786	chip2
1670778	56122091	0.8376	chip2
1753285	56172556	0.874	chip2
1748842	56185894	0.853	chip1
1708731	56194706	1.9704	chip2
1720859	56195716	1	chip2
1754323	56220582	0.9854	chip1
1757768	56231848	1.0099	chip1
1758959	56242490	1.1144	chip2
1688687	56255258	0.8448	chip1
1688975	56256876	1.0976	chip1
1757549	56258317	1.1921	chip2
1642035	56258660	0.8194	chip2
1747025	56259498	1.2785	chip2
1746993	56271459	1.4435	chip2
1698957	56292332	0.8194	chip2
1709661	56292414	0.4685	chip2
1690045	56293713	0.8657	chip2
1675969	56380218	0.5325	chip1
1677403	56381289	0.9212	chip1
1677589	56381475	1	chip1
1720831	56402226	0.4826	chip2
1686091	56406459	2.615	chip1
1733469	56432498	1.0328	chip1
1738878	56436960	0.9852	chip1
1739162	56437647	0.6149	chip1
1646024	56438872	0.8336	chip2
1679258	56449572	1.0445	chip2
1651386	56460289	1.9712	chip2
1732624	56461961	1.2052	chip2
1676624	56462493	0.6829	chip2
1731723	56479299	0.7753	chip2
1732067	56484155	1	chip2
1744669	56484285	0.5723	chip2
1684342	56535809	0.8349	chip2
1755689	56538493	1.5608	chip1
1757572	56543441	1	chip1
1757682	56543465	1.0248	chip1
1690290	56587046	1	chip1
1742301	56597098	1.849	chip2
1720579	56599161	1.8835	chip2
1708789	56599491	0.8734	chip2
1726168	56600069	1	chip2
1700768	56615162	1	chip1
1671758	56638661	2.0315	chip2
1709893	56640371	1.7958	chip2
1756088	56640655	1.0373	chip2
1699907	56701618	1.2015	chip2
1687605	56721161	0.6822	chip1
1689477	56726482	0.6505	chip1
1689617	56726560	1.2844	chip1
1702557	56752223	0.8157	chip2
1691414	56756584	1.7364	chip2
1666806	56796135	1.2173	chip2
1684943	56936692	1.6535	chip1
1727560	56974110	0.7532	chip1
1666272	56978222	1.5815	chip2
1719705	56989509	1	chip2
1644106	56989697	1.2033	chip2
1689620	56990907	0.7808	chip2
1699419	57083368	1.6986	chip2
1699371	57083783	0.8972	chip2
1735904	57096765	1.7319	chip1
1668243	57164738	0.6421	chip1
1670475	57176758	2.467	chip1
1672241	57188191	1.6737	chip1
1721361	57244668	1	chip2
1719157	57245504	2.1129	chip2
1749329	57275222	0.8058	chip2
1748481	57283935	1.5121	chip2
1737953	57498029	1.1867	chip1
1738049	57498583	1.1638	chip1
1738205	57498983	1.1619	chip1
1724818	57537329	1.4372	chip2
1735487	57780050	1.1839	chip1
1673111	57835458	0.6767	chip1
1683381	57896190	1	chip1
1740187	57930371	1.1239	chip2
1652434	57932491	1.7418	chip2
1734305	57940963	0.9144	chip1
1734545	57942057	1.2352	chip1
1662095	57970297	1	chip1
1662189	57970388	1	chip1
1672625	58024231	1	chip1
1674633	58042170	1.244	chip2
1714754	58046059	1.4001	chip1
1716052	58046413	0.8515	chip1
1716154	58046468	1.1163	chip1
1716256	58046764	1.6512	chip1
1663762	58098967	1	chip2
1753505	58145519	0.8869	chip2
1702221	58145922	1.3096	chip2
1654395	58146029	0.8902	chip2
1691005	58222639	1.8352	chip1
1691101	58222843	0.8112	chip1
1658686	58232014	1	chip2
1645284	58232283	1.0921	chip2
1734993	58246247	0.7157	chip1
1724894	58249303	1.2581	chip2
1705827	58254658	1	chip2
1644490	58277122	1	chip2
1683823	58304602	1	chip1
1686476	58333458	1.4231	chip2
1754744	58339218	0.7496	chip2
1721846	58339526	1.0966	chip2
1730803	58339656	1	chip2
1732719	58344233	1.3458	chip1
1713273	58360783	0.977	chip2
1651970	58372552	1.5487	chip2
1669146	58404227	0.6292	chip1
1677569	58456322	0.9159	chip1
1728642	58561404	1	chip1
1735597	58609267	1.2071	chip1
1735720	58610323	1	chip1
1735828	58610595	1.4172	chip1
1657557	58610709	0.8038	chip1
1686674	58616415	1	chip2
1724796	58616453	1	chip2
1661186	58618217	1	chip1
1661479	58619313	1.1061	chip1
1661579	58619369	1	chip1
1666589	58655419	1	chip1
1721168	58718763	0.6854	chip1
1724403	58726541	1	chip1
1726561	58735055	1.2099	chip1
1645548	58746298	1.1644	chip2
1699465	58746343	1	chip2
1672932	58746381	1.0893	chip2
1652053	58753207	1.3733	chip1
1652163	58754219	1.2556	chip1
1653707	58755653	0.7161	chip1
1752523	58791939	0.6752	chip2
1716642	58847659	1.0172	chip1
1718666	58855240	1.6348	chip1
1718782	58855639	0.6413	chip1
1718898	58855996	0.8565	chip1
1720348	58856045	0.7783	chip1
1695719	58869190	1	chip2
1700350	58885275	1	chip2
1748276	58892849	1.0419	chip1
1748450	58893410	0.8598	chip1
1742939	58897165	0.8175	chip2
1698569	58898181	0.9012	chip2
1712975	58898620	1.3931	chip2
1731699	58900014	0.9686	chip2
1681349	58925751	0.8785	chip1
1684697	58934236	1.1845	chip1
1684863	58934621	0.4941	chip1
1727045	58940843	0.7343	chip1
1727237	58942148	1	chip1
1729095	58951491	1.0288	chip1
1734147	58970994	1.0214	chip1
1737857	58982098	1.2021	chip1
1675588	59003852	0.6042	chip2
1720193	59011402	0.8798	chip2
1752951	59012184	1	chip2
1677463	59051547	0.7607	chip1
1677581	59051579	0.5801	chip1
1723125	59071701	0.8982	chip1
1734102	59076075	1.2961	chip2
1660455	59076445	1.602	chip2
1651094	59077153	0.938	chip2
1744313	59077236	1.0455	chip2
1703547	59077480	1.1966	chip2
1728720	59081387	1	chip1
1730063	59082118	1.3135	chip1
1730163	59082184	1	chip1
1656112	59105220	1.3678	chip1
1657410	59105347	1.3004	chip1
1657515	59105685	0.6916	chip1
1657605	59105723	1	chip1
1657895	59106432	0.9402	chip1
1658063	59106581	0.6525	chip1
1659383	59106937	1.3148	chip1
1751057	59114168	1.3896	chip2
1727921	59125923	0.9749	chip2
1657534	59125964	1.3609	chip2
1715250	59159271	0.6284	chip1
1711342	59160873	1.3077	chip2
1747565	59169716	1.1231	chip2
1673532	59169989	1	chip2
1721238	59175796	1.3416	chip1
1674561	59210481	0.996	chip2
1657280	59229742	0.895	chip1
1663298	59255637	0.9765	chip2
1662634	59255913	0.9683	chip2
1704088	59259898	1.0674	chip1
1707863	59272291	1.3924	chip1
1708001	59272497	0.6578	chip1
1709716	59278332	1.1291	chip1
1711620	59282308	0.7001	chip2
1753837	59282352	0.795	chip2
1729015	59282394	1	chip2
1649990	59282750	0.5032	chip2
1684362	59283071	0.9544	chip2
1701813	59304087	1.1943	chip2
1687794	59304510	1.5724	chip2
1642024	59490071	1.0823	chip1
1655527	59534681	1.1919	chip2
1642536	59611593	1.1268	chip1
1741959	59651148	1.2248	chip2
1656201	59664885	1.4954	chip2
1651115	59671428	0.7402	chip1
1653101	59679659	1.0066	chip1
1653221	59679793	0.9447	chip1
1747805	59687475	0.7342	chip2
1723890	59687544	1	chip2
1677411	59721111	0.8756	chip1
1677541	59721266	0.9684	chip1
1685005	59745321	0.5418	chip1
1723377	59745355	1.2816	chip1
1723473	59745459	0.88	chip1
1678038	59748312	1.1184	chip2
1750893	59748392	1.3624	chip2
1733999	59781426	1.0046	chip1
1737466	59788424	0.7425	chip1
1663179	59810655	0.8642	chip1
1653440	59846883	1.2047	chip2
1675364	59855772	1	chip1
1723896	59880140	0.9411	chip2
1662521	60015600	0.5788	chip1
1748301	60057020	1.7818	chip2
1729876	60100665	1.9798	chip2
1758565	60100709	1.2371	chip2
1717031	60136809	1.3275	chip2
1713172	60151984	1.4337	chip1
1714592	60152224	0.7871	chip1
1707211	60160388	0.7389	chip2
1716450	60161818	1.2262	chip1
1716682	60162328	0.8362	chip1
1716946	60162745	1.0863	chip1
1717058	60163090	0.9213	chip1
1720376	60168922	0.6855	chip1
1720696	60170381	1	chip1
1671256	60181677	0.8184	chip2
1727769	60181832	0.6404	chip2
1711480	60232818	1.6437	chip2
1691756	60246906	0.5247	chip2
1679984	60247589	1.2342	chip2
1745850	60247620	1.3084	chip2
1712728	60359341	0.373	chip1
1720726	60483363	1	chip1
1720924	60484419	1.6815	chip1
1736597	60496939	0.6558	chip2
1674669	60497216	1.1611	chip2
1726387	60507655	0.4776	chip1
1714857	60510189	0.6819	chip2
1671051	60581199	1	chip1
1672443	60581548	1.2666	chip1
1705625	60591780	1.4292	chip2
1714622	60599740	0.5382	chip1
1685028	60649430	0.8765	chip2
1729163	60663521	0.8809	chip1
1664823	60839037	0.9953	chip1
1680742	60843584	0.672	chip2
1717642	60911880	1.1148	chip1
1719244	60913859	1	chip1
1705627	60951086	1.1344	chip2
1733894	61000559	1	chip2
1720027	61000910	1.7167	chip2
1706653	61005590	1.5128	chip2
1730707	61049905	0.9503	chip2
1758241	61051770	0.6067	chip2
1718367	61052186	1.4979	chip2
1723922	61052297	0.5327	chip2
1688922	61068600	0.9363	chip2
1749927	61191426	0.9949	chip2
1750348	61207054	1.2432	chip1
1672331	61336117	0.8569	chip1
1672497	61341047	0.6009	chip1
1756124	61365591	0.5626	chip2
1679875	61385483	0.6044	chip1
1681361	61387929	0.908	chip1
1743549	61445689	1.3684	chip2
1662813	61500402	1.3357	chip1
1662929	61500553	1.0992	chip1
1668091	61524978	1	chip1
1724752	61567683	0.678	chip2
1721202	61610594	0.6142	chip1
1726599	61722202	1.1586	chip1
1651869	61779744	1.0007	chip1
1682538	61834173	1.3759	chip2
1713238	61962177	0.7445	chip1
1642186	61999328	1.9828	chip1
1643777	62001337	1.3967	chip1
1742403	62099217	1.2524	chip2
1721397	62100208	1.4019	chip2
1673502	62171485	1	chip2
1758249	62193951	0.7984	chip2
1684320	62205274	0.9967	chip2
1734614	62270240	1.373	chip2
1692049	62424144	1.5651	chip1
1693281	62424589	0.9463	chip1
1707549	62570778	1.1501	chip2
1695017	62649963	0.6937	chip2
1727396	62690114	1.6665	chip1
1729173	62714104	0.9011	chip1
1729293	62714224	1	chip1
1712321	62926989	1.0208	chip2
1650303	63287488	0.8254	chip1
1664666	63359030	0.5489	chip2
1722270	63599131	1.0987	chip2
1721944	63633104	0.8074	chip2
1646129	63638524	1.2617	chip1
1736679	63658431	1.1744	chip2
1692833	63775690	3.114	chip1
1696317	63803230	1.5314	chip1
1696673	63817519	1	chip1
1696799	63818078	0.8004	chip1
1740381	64018475	0.6777	chip2
1752709	64126403	1.5786	chip2
1730276	64183608	1.1635	chip2
1751162	64220003	1.5958	chip1
1751266	64220250	0.5677	chip1
1663444	64238853	0.6167	chip2
1741983	64239300	0.6572	chip2
1653447	64267270	0.8969	chip1
1745820	64310238	1.5529	chip2
1714399	64401976	1	chip1
1714578	64402527	1	chip1
1741651	64485226	0.5169	chip2
1669113	64495859	1	chip2
1744925	64513423	1.0006	chip2
1654026	64629063	0.7204	chip1
1654146	64629324	1	chip1
1726016	64658022	0.8143	chip2
1665930	64686907	1.4103	chip2
1699602	64694597	1.0212	chip1
1746424	64715523	0.9127	chip2
1740527	64715542	1.1956	chip2
1753422	64822005	1.2001	chip1
1689865	64846313	0.7889	chip2
1648459	64927196	1.4999	chip1
1743780	65021394	0.5792	chip1
1706311	65040877	1.0928	chip2
1664518	65040901	1.0578	chip2
1750759	65083141	1.1821	chip2
1658482	65099425	1.7813	chip2
1753989	65111860	1.1567	chip2
1712659	65118365	1.153	chip2
1741034	65150337	1.3243	chip1
1741266	65152676	0.9521	chip1
1740775	65176215	1.32	chip2
1756735	65219215	1	chip2
1748179	65281877	1.2059	chip2
1675313	65416229	1	chip2
1717982	65447188	1.0426	chip1
1643901	65510668	1.7788	chip1
1656372	65606703	1.6271	chip1
1696349	65632144	1.6027	chip1
1703412	65678272	1.2237	chip1
1708495	65694008	1.6856	chip1
1708587	65694344	1.8776	chip1
1748494	65744428	1	chip1
1718359	65780384	1	chip2
1685812	65796629	0.7719	chip2
1755707	65801304	0.7686	chip1
1755807	65802025	1.1204	chip1
1713508	65806172	0.5671	chip2
1654903	65808191	1.5919	chip2
1677854	65808334	0.5679	chip2
1647179	65850029	0.9501	chip1
1648350	65851694	0.8031	chip2
1648781	65857673	1.2021	chip1
1687159	65866615	1.1619	chip1
1694850	66164180	1	chip1
1694477	66191347	1.0669	chip2
1738686	66254147	1	chip1
1697925	66274746	1	chip2
1681559	66413596	1.0726	chip1
1681825	66415655	0.8302	chip1
1724882	66418974	1	chip2
1727680	66438234	0.842	chip1
1727774	66438517	1	chip1
1653415	66567317	1.7974	chip1
1653617	66567635	1.7862	chip1
1653743	66567837	0.8255	chip1
1693289	66577067	1	chip1
1659864	66601133	1.4017	chip2
1681724	66613910	1.6268	chip2
1751951	66615540	1.7267	chip2
1695779	66656636	1	chip2
1668490	66672637	1.123	chip2
1732279	66672868	0.8002	chip2
1685921	66784528	1	chip1
1687267	66784567	1.161	chip1
1692559	66811757	1.2644	chip1
1696413	66881693	1.3074	chip1
1689604	66908161	0.6753	chip2
1735530	66908777	1.3781	chip2
1741548	66909768	0.7073	chip1
1700374	66920100	1	chip2
1755010	66965366	2.0456	chip2
1757139	66993372	1.4177	chip2
1645064	67063042	0.9514	chip2
1692165	67164289	1.7422	chip1
1692287	67164600	1.8022	chip1
1735040	67236901	0.8155	chip2
1691570	67274263	0.6091	chip2
1746249	67278521	0.8696	chip1
1684001	67399889	1.0101	chip1
1729845	67442600	0.9583	chip1
1660530	67519790	1.1905	chip1
1660646	67520080	1.1547	chip1
1710874	67553921	1.6461	chip2
1666081	67566377	1.2024	chip1
1747425	67648593	1.0412	chip2
1672931	67656901	1	chip1
1674714	67669717	0.9311	chip1
1694540	67719223	0.7173	chip1
1652954	67760012	1.422	chip2
1705132	67793927	1.1264	chip1
1739429	67830437	1.0668	chip2
1748236	67836478	0.7957	chip1
1739161	67844767	0.8967	chip2
1728941	67856783	1.5349	chip2
1742309	67858832	1.1566	chip2
1729930	67859182	0.8001	chip2
1696830	67859259	1.2801	chip2
1734674	67864311	0.9379	chip2
1683261	67876852	1.0478	chip1
1683369	67877228	0.6675	chip1
1684635	67877685	1.4457	chip1
1739054	67928430	0.7932	chip1
1739192	67928959	0.8985	chip1
1706485	67942847	1.0766	chip2
1749282	67955329	1	chip1
1680598	67958782	0.9453	chip2
1715071	67959012	1	chip2
1751452	67962776	0.7026	chip1
1741891	67966469	1	chip2
1692936	67966716	0.5427	chip2
1738046	67968113	1.033	chip2
1746841	68011473	1.4363	chip2
1690817	68011638	0.8252	chip2
1708645	68012226	0.7787	chip2
1703665	68038830	1.9003	chip2
1677751	68207622	0.9386	chip1
1686594	68224387	0.9361	chip2
1657564	68234052	1.2125	chip2
1712643	68261280	1.7049	chip2
1732066	68279029	0.7583	chip1
1732392	68282545	0.8878	chip1
1734039	68287654	1.0736	chip1
1645616	68337482	1.7665	chip2
1741946	68527051	0.9205	chip1
1674050	68545028	0.9181	chip2
1726662	68545956	0.6844	chip2
1718231	68548138	1	chip2
1679815	68649182	1	chip1
1685371	68722216	0.5843	chip1
1750363	68725499	0.8184	chip2
1691630	68780316	1.137	chip2
1689624	68783807	0.8181	chip2
1732320	68793963	1.5922	chip1
1643942	68800098	1	chip2
1740988	68893022	1	chip1
1674111	69023413	1	chip1
1675947	69035076	1	chip1
1677661	69070843	1	chip1
1744623	69082246	1.2083	chip2
1662690	69136099	1.6452	chip2
1743843	69213184	1	chip2
1660545	69302470	1.4251	chip2
1747465	69332571	0.9294	chip2
1705761	69332599	0.5505	chip2
1676733	69350055	1	chip1
1676953	69351194	1.8795	chip1
1719080	69367415	1	chip1
1642589	69390817	1	chip2
1726373	69401607	1	chip1
1756254	69415023	1	chip2
1644150	69415390	0.5308	chip2
1684358	69415913	0.7273	chip2
1732683	69430841	0.5946	chip1
1656894	69441856	1.9613	chip1
1663921	69471026	0.6938	chip1
1756747	69477937	0.8239	chip2
1665917	69477995	0.8051	chip1
1667293	69478558	1.0484	chip1
1699251	69527000	1.4494	chip2
1692942	69653686	0.7343	chip2
1660071	69653762	0.6353	chip2
1655767	69690793	1.9249	chip2
1725475	69695631	1.1499	chip1
1647503	69696544	0.7932	chip1
1647611	69696608	2.0887	chip1
1647917	69696883	1.0948	chip1
1664956	69708689	1.1423	chip2
1737079	69708893	0.679	chip2
1675727	69739107	0.7595	chip1
1677503	69746050	1.6711	chip1
1681123	69764500	1.3987	chip1
1689844	69793594	1.1929	chip1
1690008	69794407	0.9003	chip1
1698449	69796987	0.542	chip2
1669810	69906623	1	chip1
1669950	69907141	0.9832	chip1
1647896	69908454	1	chip2
1675398	69961665	0.6417	chip1
1677047	69973340	1.2361	chip1
1677391	69978320	1.0822	chip1
1678731	69981510	1	chip1
1659955	70056040	0.9416	chip2
1724919	70079169	1.4731	chip1
1728412	70120662	1.3966	chip1
1665671	70352841	0.9485	chip1
1645498	70397903	1.5608	chip2
1718608	70544251	1	chip1
1722139	70573082	1.1875	chip1
1725777	70616103	2.1484	chip1
1669691	70648118	1	chip2
1721852	70650846	0.8497	chip2
1742203	70662896	0.7597	chip2
1708864	70786157	1.2838	chip1
1661143	70800829	1.3395	chip2
1709395	70865006	0.9338	chip2
1717820	70866557	1.1702	chip1
1717711	70909026	1.7555	chip2
1722892	70926450	0.7481	chip2
1677792	71202934	2.0188	chip2
1705990	71225675	1.1839	chip1
1706106	71225901	1.5961	chip1
1707722	71248519	1	chip1
1731272	71343855	1.0074	chip1
1731368	71343997	1.8185	chip1
1670505	71439227	0.884	chip1
1670845	71452378	1	chip1
1672658	71509758	1.0485	chip2
1710505	71534580	0.3713	chip2
1681327	71617713	0.8597	chip1
1758962	71720771	0.9385	chip2
1730704	71772276	1.3406	chip1
1731946	71776874	0.8593	chip1
1715458	71912671	1.0017	chip1
1715572	71913008	2.0322	chip1
1715748	71913817	0.7311	chip1
1719456	71930673	0.6038	chip1
1734954	71934297	0.7855	chip2
1653389	72011684	1.8081	chip1
1653467	72012246	0.6248	chip1
1665949	72121091	1	chip1
1726316	72130383	0.9987	chip2
1642378	72252601	1	chip1
1712505	72360960	1.7319	chip2
1678007	72788283	0.9935	chip1
1705556	73838761	0.3664	chip1
1645377	73921656	1.4379	chip1
1697614	73996350	1	chip1
1648144	74041524	1	chip2
1746237	74063484	1	chip1
1713790	74180722	1.8028	chip2
1667540	74290350	0.7895	chip2
1698770	74308825	1.0743	chip1
1698982	74309095	1	chip1
1725599	74365817	0.6444	chip1
1726925	74366145	1	chip1
1727352	74374542	0.7009	chip1
1733816	74389267	0.8648	chip2
1674323	74483823	1.2303	chip2
1673126	74518127	1.55	chip2
1664931	74526126	2.0304	chip1
1666669	74531868	0.8263	chip1
1670322	74543758	0.8403	chip1
1675286	74561160	0.8484	chip1
1675434	74561298	0.6104	chip1
1717420	74587810	0.9116	chip1
1645190	74618291	0.8305	chip2
1706441	74697086	0.8817	chip2
1717299	74790621	0.6757	chip2
1746909	74818985	1	chip2
1743375	74820989	1.658	chip2
1718431	74943954	1.3857	chip2
1721953	75030377	1	chip1
1658526	75189799	0.7467	chip2
1654378	75199244	1.0251	chip1
1654490	75199512	0.9856	chip1
1660008	75259926	1.2723	chip1
1731355	75293482	0.576	chip2
1710262	75412758	1.1591	chip1
1714143	75444737	1.6565	chip1
1735232	75509164	1.0292	chip2
1753051	75509523	0.8363	chip2
1680124	75510082	0.6874	chip2
1648709	75558094	1.2305	chip1
1648879	75559058	1.3451	chip1
1697612	75643722	1.9278	chip1
1689304	75660604	1.5122	chip2
1708853	76076030	0.6801	chip2
1674613	76091791	1	chip2
1696350	76217217	1.1386	chip2
1721695	76250541	2.0313	chip1
1657306	76352533	0.5994	chip1
1672800	76393676	1.4187	chip2
1644533	76529809	1.1171	chip1
1653353	76601101	1.4508	chip1
1678652	76606208	1.8203	chip2
1658175	76628275	1.4085	chip1
1701940	76665596	1.2885	chip1
1702060	76665846	0.8071	chip1
1707603	76743861	0.7633	chip2
1725658	76765419	0.8115	chip2
1713894	76768056	1.0809	chip2
1728955	76833546	0.472	chip2
1758576	76834340	1.4675	chip2
1653694	76893275	1.0721	chip2
1693531	76960955	0.7217	chip2
1699899	76968674	0.9094	chip2
1751424	76970802	1.1052	chip1
1705437	76974397	1.3003	chip2
1754288	76975333	0.8251	chip2
1641903	76976210	1.4762	chip2
1679238	76977187	1.0867	chip2
1746078	77044219	1	chip2
1671356	77044236	1.1217	chip2
1683618	77061101	0.9733	chip2
1712826	77134426	0.6527	chip1
1725493	77211623	1.2834	chip1
1657871	77273165	0.9922	chip1
1659525	77274773	0.9974	chip1
1701268	77291934	1.004	chip1
1686284	77332899	1.1839	chip2
1755785	77371072	1.0036	chip1
1688104	77376229	1.2565	chip2
1645188	77384303	1.7018	chip2
1648565	77404564	0.9216	chip1
1653819	77424162	0.9638	chip1
1698806	77462356	1.2174	chip1
1681336	77483756	1.051	chip2
1749338	77542342	0.883	chip1
1749430	77542659	1.2291	chip1
1751338	77548286	0.8487	chip1
1753032	77560114	1	chip1
1668696	77604171	0.7714	chip2
1693779	77607812	0.5197	chip2
1646181	77610208	1.1371	chip1
1651072	77612795	1.0288	chip2
1705127	77613127	0.5973	chip2
1689299	77625440	0.4847	chip1
1651754	77626966	1.1295	chip2
1733920	77627103	1	chip2
1728297	77659668	1.2252	chip2
1740282	77678805	1.1208	chip1
1747571	77694156	1.0547	chip2
1717065	77694832	1.0138	chip2
1750788	77704802	1.6816	chip1
1752216	77705211	1.1676	chip1
1752320	77705433	0.9494	chip1
1754054	77711483	1.544	chip1
1754271	77711769	1.7889	chip1
1754501	77714470	0.8174	chip1
1754697	77715278	1.6026	chip1
1752639	77852274	1.5772	chip2
1758377	77852392	0.7449	chip2
1658517	77859875	1.283	chip1
1651840	77883926	1.114	chip2
1745264	77884146	1.1717	chip2
1749185	77885735	1.466	chip2
1675203	77886632	0.9448	chip2
1758419	77908215	1.7667	chip2
1742469	77922772	1	chip2
1672234	77923184	0.6495	chip2
1751875	77923517	1	chip2
1663704	77942037	1.6108	chip2
1718377	77953652	1.1897	chip2
1649085	77995219	0.8477	chip1
1686816	78108006	0.7394	chip2
1704862	78160743	0.6668	chip1
1688800	78164507	0.7119	chip2
1682222	78168391	1.5162	chip2
1733496	78179744	1	chip2
1657239	78180114	0.63	chip2
1746742	78193051	0.5689	chip1
1748462	78204268	1.6223	chip1
1686804	78216264	1.3944	chip2
1643674	78367393	0.9187	chip2
1745652	78368329	1.214	chip2
1738834	78370985	0.5909	chip1
1730851	78371562	0.5542	chip2
1750860	78414963	1	chip1
1735396	78430614	0.8293	chip2
1751211	78517997	0.7713	chip2
1687432	78518870	1.1889	chip2
1709451	78521152	0.8605	chip2
1720709	78521229	0.935	chip2
1709959	78613458	0.9339	chip2
1693559	78760488	0.3696	chip2
1670683	78786397	1.1766	chip1
1672421	78797170	1.2352	chip1
1715159	78811231	1.0634	chip2
1675269	78849767	0.4767	chip2
1719239	78855648	1.2405	chip2
1708903	78864525	2.0006	chip2
1698782	78871932	1.1846	chip1
1698990	78872538	0.8835	chip1
1728203	78877711	1	chip2
1699315	78885162	0.9886	chip2
1753228	78971366	1.1901	chip1
1649284	79026767	1	chip2
1707083	79059127	2.8211	chip2
1649367	79089321	1.5771	chip1
1689635	79128502	1.6692	chip1
1665198	79137794	1.0357	chip2
1730004	79140345	1.4253	chip2
1740855	79161506	2.5131	chip2
1656493	79164772	0.8384	chip2
1743291	79214362	1.4378	chip2
1757327	79330462	1.4581	chip2
1731829	79330524	1.4573	chip2
1693490	79632208	1.2565	chip1
1739413	79678612	1	chip2
1739344	79691434	1	chip1
1739434	79691464	1	chip1
1673788	79723090	0.6179	chip2
1664946	79768620	0.621	chip2
1686806	79769005	1.4518	chip2
1689661	79800433	1.7564	chip2
1683879	79826783	1.3388	chip1
1664421	80043132	1.5374	chip1
1655127	80105754	0.9729	chip2
1751677	80106365	0.8247	chip2
1686498	80106823	1.0886	chip2
1746375	80236961	0.6601	chip1
1749864	80255705	1.031	chip1
1750068	80256811	1.7752	chip1
1684683	80360888	1	chip1
1685550	81052129	0.7525	chip2
1670348	81144053	1.1744	chip1
1724270	81244685	1.2244	chip2
1758037	81244842	0.8373	chip2
1673064	81609276	0.9547	chip2
1691200	81633484	0.6952	chip2
1716918	81818542	1.7502	chip1
1731625	81943266	0.9748	chip2
1656488	81959475	1.6106	chip1
1658327	81971211	0.6844	chip1
1661743	81992067	1.3109	chip1
1650042	82004960	1.4433	chip2
1646748	82042076	0.859	chip2
1667648	82045643	1	chip2
1709271	82143780	0.9956	chip2
1743527	82342399	1.1211	chip2
1674852	82354035	0.7942	chip1
1675022	82355139	1	chip1
1676016	82373744	0.8379	chip2
1652122	82380617	1.7426	chip2
1733104	82381914	0.7248	chip2
1710794	82382579	0.8286	chip2
1673622	82382679	0.9538	chip2
1727752	82407336	0.6323	chip1
1715945	82467859	0.7059	chip2
1680724	82497465	1.6468	chip2
1748401	82519887	1	chip2
1665876	82520393	0.7051	chip2
1668728	82570742	0.7777	chip1
1669226	82575861	1	chip1
1706757	83149176	0.6948	chip2
1649641	83162981	0.7468	chip1
1643810	83170581	1.2973	chip2
1652997	83180282	1.5404	chip1
1665309	83382393	0.6083	chip1
1703626	83425660	0.6805	chip1
1703718	83425735	1	chip1
1714319	83462510	1.2516	chip1
1683769	83639906	1.3804	chip1
1736316	83709406	0.7319	chip1
1720481	83720237	0.5831	chip2
1698941	83763068	1.8458	chip2
1642623	83763714	1.1003	chip2
1669404	83785033	0.4752	chip1
1670637	83785187	1.1414	chip1
1697130	83811349	1.034	chip2
1662584	83812354	1.0937	chip2
1698899	83825288	0.6841	chip2
1678219	83841398	0.6115	chip1
1726846	83879690	0.5712	chip2
1695317	83881629	1.1806	chip2
1730580	83890008	0.6732	chip1
1732406	83902979	0.9153	chip1
1666364	83905761	0.6386	chip2
1734286	83905918	1.0331	chip2
1657735	83915146	1.2936	chip1
1658305	83920460	0.8261	chip1
1663431	83929645	1	chip1
1663527	83929721	1.3386	chip1
1651134	83933012	1	chip2
1710314	83962569	0.7185	chip1
1731081	83966900	1.2088	chip2
1712630	83971259	0.9935	chip1
1664596	83974385	2.0062	chip2
1723129	83999565	0.7973	chip1
1747207	84021752	1.4596	chip2
1652135	84024101	0.9817	chip1
1654264	84030610	0.946	chip1
1655750	84030894	2.1844	chip1
1655890	84030935	1.5737	chip1
1656010	84031006	0.9505	chip1
1656118	84031033	0.6293	chip1
1657793	84034855	0.8548	chip1
1679248	84149393	0.7975	chip2
1646285	84159205	0.5156	chip1
1700125	84170349	1.2393	chip2
1688802	84170434	0.7408	chip2
1732808	84170652	1.1999	chip2
1726778	84170955	0.8785	chip2
1660041	84171745	1.4051	chip2
1732668	84172266	1.3931	chip2
1663154	84183192	1.3617	chip2
1749137	84183928	0.9676	chip2
1670961	84191767	1	chip1
1671063	84191867	1.3106	chip1
1683540	84206708	2.1013	chip2
1678143	84229261	1.5134	chip1
1747427	84322487	1.7674	chip2
1654103	84330672	1.1048	chip2
1721608	84387340	1.4944	chip2
1661849	84407894	1.0309	chip1
1665299	84419700	0.8166	chip1
1753295	84451335	0.8855	chip2
1748143	84463426	1.7605	chip2
1706227	84463968	1.2517	chip2
1716002	84477875	1.1598	chip1
1650536	84479679	1.0164	chip2
1717476	84481778	0.8651	chip1
1721338	84502120	1.5299	chip1
1723147	84509342	1.3247	chip1
1677612	84563328	1.178	chip2
1652423	84570270	0.9	chip1
1653755	84570747	1.2086	chip1
1653893	84570820	1.1497	chip1
1661102	84608546	1.5755	chip1
1661237	84608765	0.6738	chip1
1661471	84609350	1	chip1
1662745	84610811	0.8339	chip1
1715501	84616500	1.9911	chip2
1757831	84618201	0.673	chip2
1666687	84622660	1.6493	chip1
1711795	84644249	1	chip1
1715654	84657715	1.2168	chip1
1715780	84657820	0.975	chip1
1645019	84691378	1	chip1
1690463	84696423	1.165	chip2
1650179	84701996	1.2962	chip1
1650289	84702054	1	chip1
1650691	84708371	1.5613	chip1
1652736	84722099	0.7361	chip2
1741287	84722117	1.0945	chip2
1733980	84728201	0.6765	chip2
1699122	84736924	1	chip1
1739083	84738767	0.9115	chip2
1704514	84751810	1.484	chip1
1704658	84751834	2.0524	chip1
1706054	84752366	0.9066	chip1
1658934	84773613	1.286	chip2
1711587	84779366	0.6622	chip1
1711725	84779592	1	chip1
1711853	84779759	1.3319	chip1
1712036	84780388	1.6932	chip1
1732175	84793316	0.6261	chip2
1705591	84796273	0.6531	chip2
1728125	84796536	0.8548	chip2
1684060	84796625	1.6743	chip2
1697386	84796717	0.7895	chip2
1707970	84796753	1.0781	chip2
1726950	84800402	0.5949	chip2
1646693	84802737	1	chip1
1716021	84805798	0.8651	chip2
1747037	84806274	1.7211	chip2
1708014	84806533	1.0799	chip2
1651907	84828318	1.0775	chip1
1694966	84863177	1.0343	chip1
1660347	84866687	1	chip2
1748345	84884126	1.481	chip2
1720072	84932031	1.5285	chip1
1720244	84932266	1	chip1
1758397	84967706	1.395	chip2
1741929	84968615	1.2934	chip2
1658149	84993863	1.2488	chip1
1722566	84996921	2.0345	chip2
1672336	85045670	0.9472	chip2
1660873	85053554	1.4013	chip2
1652972	85054538	0.8085	chip2
1656729	85072963	0.3946	chip2
1730779	85096695	1.0559	chip2
1725350	85131947	1.3731	chip2
1666036	85135185	0.8935	chip2
1663943	85147853	1.7833	chip1
1665941	85153480	0.9727	chip1
1709570	85184989	1	chip1
1709670	85185010	0.796	chip1
1709842	85185181	1.1738	chip1
1709968	85185317	1	chip1
1716848	85201101	0.8403	chip1
1654657	85203410	1.2531	chip2
1711278	85213283	1.1037	chip2
1649487	85238873	1	chip1
1653379	85262941	1.4775	chip1
1694601	85342066	0.7414	chip2
1645031	85392690	0.8676	chip1
1668152	85394802	0.9894	chip2
1683652	85396128	0.6253	chip2
1655251	85396309	0.893	chip2
1653696	85397761	1.095	chip2
1650297	85418531	0.8363	chip1
1744451	85419597	0.9183	chip2
1688701	85428116	1.7429	chip1
1689029	85429462	1.2404	chip1
1685168	85472750	0.5571	chip2
1701350	85477204	1	chip1
1703050	85481241	0.6612	chip1
1704604	85484534	1.3783	chip1
1704724	85485214	1.6442	chip1
1748100	85509827	1.0311	chip1
1713984	85517804	0.5993	chip2
1694573	85521715	1.5857	chip2
1750719	85562683	1.5584	chip2
1688048	85567775	1.5023	chip2
1733539	85700134	1	chip1
1659539	85729504	0.684	chip1
1687770	85744289	1.0291	chip2
1664697	85747931	0.797	chip1
1666231	85754073	1	chip1
1758583	85761406	0.9747	chip2
1728233	85788521	1.9146	chip2
1645160	85814952	1.5203	chip2
1660210	85865129	1	chip1
1665669	85887415	0.9944	chip1
1665790	85907453	1	chip2
1707636	85910263	1	chip1
1709564	85915598	0.4803	chip1
1710853	85915676	1.1532	chip1
1662244	85927133	0.8117	chip2
1721986	85927295	0.6482	chip2
1754472	85927488	0.9534	chip2
1670081	85927717	0.5779	chip2
1747871	85935265	1	chip2
1661468	85936034	1.7337	chip2
1642204	85958968	1.5752	chip1
1680610	86130105	1.6273	chip2
1649483	86135284	1	chip1
1654406	86160186	0.8409	chip1
1755507	86262610	1.7285	chip1
1735184	86276893	0.5948	chip2
1698767	86281755	1.3932	chip2
1688633	86319499	0.7955	chip1
1648188	86334493	1	chip2
1692061	86343913	1	chip1
1737289	86347520	1.2116	chip2
1697257	86367621	0.7261	chip1
1674395	86390384	0.9851	chip2
1670363	86391497	1.4876	chip2
1717185	86418725	1.2266	chip2
1708060	86419041	1.0757	chip2
1723943	86434782	1.3356	chip1
1737633	86510642	0.8832	chip2
1668593	86536314	1.4004	chip1
1743847	86586302	0.6562	chip2
1719576	86590382	0.6782	chip1
1682678	86665911	0.5134	chip2
1758464	86668310	1	chip2
1672320	86669305	1.1742	chip2
1704474	86738287	1.2542	chip1
1711413	86851632	0.9904	chip1
1741245	87203243	1.2644	chip2
1698383	87203600	1.4322	chip2
1722540	87203900	1.5318	chip2
1724236	87203929	1.1034	chip2
1694944	87216251	1.0973	chip1
1661986	87278229	0.6803	chip2
1749373	87279642	0.8525	chip2
1752192	87338956	1	chip1
1757899	87381303	0.857	chip2
1647275	87402313	1.5257	chip1
1719651	87412164	1.0443	chip2
1693908	87434944	1.1164	chip1
1694044	87435300	0.9161	chip1
1694264	87436272	1.1617	chip1
1666906	87453556	0.6272	chip2
1746045	87495167	1	chip1
1647914	87536252	0.4628	chip2
1757957	87586815	0.7914	chip2
1665449	87621012	1.7555	chip1
1693184	87621518	0.8464	chip2
1646106	87670333	0.6202	chip2
1663652	87670609	1	chip2
1758032	87670670	1.0996	chip2
1712667	87670737	1	chip2
1671982	87821192	1	chip2
1659690	87824056	1.0851	chip2
1700955	87870512	1.2211	chip2
1739821	87870536	1	chip2
1646579	87909765	0.7126	chip1
1650118	87938329	0.9829	chip2
1756905	87952320	0.7986	chip2
1725182	88076454	1.1115	chip2
1645922	88226006	1.0488	chip2
1724194	88240757	0.7132	chip2
1683441	88264727	2.1506	chip1
1690907	88329016	1	chip1
1692153	88330488	1	chip1
1722308	88435351	0.8285	chip2
1709448	88720337	1.6492	chip1
1709606	88721170	0.717	chip1
1758568	88750181	1.164	chip2
1644574	88751362	1.3945	chip2
1657844	88752520	1.2602	chip2
1718374	88768753	1.3127	chip1
1645583	88796475	0.9416	chip1
1733576	88798433	1.2956	chip2
1645801	88799068	1.2038	chip1
1656244	88844769	1.2535	chip1
1706047	88943889	0.7327	chip2
1698949	88944257	1.1773	chip2
1664918	88944442	1.5295	chip2
1737027	88944724	0.7535	chip2
1641829	88953349	0.6584	chip2
1690359	88954944	0.9751	chip2
1703474	88955475	1.0912	chip1
1686855	89310596	1.0011	chip1
1688619	89322158	1	chip1
1690158	89324040	1.0152	chip1
1690496	89326322	0.9237	chip1
1647054	89332156	1	chip2
1678929	89496905	0.744	chip1
1744441	89505496	1.7772	chip2
1753329	89505655	1.059	chip2
1746152	89505786	1	chip2
1675624	89526599	0.5455	chip2
1669461	89526986	1.2557	chip2
1646896	89585011	1	chip2
1694387	89586297	1.2031	chip2
1745315	89624441	1.4561	chip1
1676607	89650358	0.8262	chip1
1683397	89675287	0.8444	chip1
1687059	89686018	1.3132	chip1
1663406	89701629	1.0487	chip2
1730208	89869946	1.0438	chip2
1734770	90246877	0.5417	chip2
1662324	90282753	0.7244	chip2
1642287	90336085	0.9335	chip2
1701577	90381386	1.1588	chip2
1756829	90387143	0.9736	chip2
1707264	90512987	1.4363	chip1
1745663	90518434	1.4396	chip1
1749234	90521604	0.7625	chip1
1749350	90522481	1.1607	chip1
1755936	90537319	1	chip2
1671082	90537376	1	chip2
1723416	90542466	1.0737	chip2
1724190	90575317	0.5516	chip2
1646666	90575627	0.5427	chip2
1655181	90575750	0.5993	chip2
1749073	90600001	1.8037	chip2
1678970	90625872	1.4364	chip2
1737917	90635589	1.0489	chip1
1719983	90672784	0.4948	chip2
1752072	90688998	0.9495	chip1
1710351	90696461	0.635	chip2
1729662	90766425	0.8241	chip2
1737514	90786010	1.1564	chip1
1750409	90825051	0.7847	chip2
1650006	90851970	1.862	chip2
1734345	90912591	0.6042	chip1
1734447	90912611	1.0551	chip1
1663620	90917475	0.9964	chip2
1717907	90944877	0.6535	chip2
1661454	90949811	1.3605	chip2
1702368	91001456	1	chip1
1749602	91022600	1.6149	chip1
1751120	91023058	1.367	chip1
1751230	91023075	0.5858	chip1
1642014	91034256	1.7624	chip1
1642152	91034328	0.7894	chip1
1744509	91046006	1.09	chip2
1717497	91046103	1.0593	chip2
1704361	91068340	1.0744	chip2
1745114	91292021	1.2932	chip1
1745219	91292504	1.4854	chip1
1653602	91339434	1.966	chip2
1737872	91339655	0.9984	chip2
1661852	91415131	1.6666	chip2
1684610	91435728	0.9124	chip2
1737420	91446830	0.6871	chip1
1676790	91454585	1	chip2
1668383	91489466	1	chip1
1650612	91490197	1.3088	chip2
1758380	91500831	0.6925	chip2
1718039	91502231	1.3635	chip2
1669889	91560217	0.7824	chip2
1726593	91597282	0.9156	chip1
1731798	91611056	0.5021	chip1
1733299	91611413	1.5344	chip1
1715027	91670604	1.0755	chip2
1750533	91670679	0.617	chip2
1727468	91700530	1	chip1
1741174	91706837	1.1415	chip1
1699333	91710213	1.1516	chip2
1673000	91710697	1.1392	chip2
1738659	91721653	1	chip2
1745754	91721996	1	chip2
1717267	91722342	1	chip2
1740827	91731875	1.0991	chip2
1672726	91731895	1.025	chip2
1672788	91744779	0.6018	chip2
1687895	91772404	1.498	chip1
1738866	91808040	1.1172	chip1
1739144	91809485	0.7463	chip1
1740316	91809517	1.473	chip1
1740422	91810159	2.1157	chip1
1740512	91810188	0.8423	chip1
1648890	91830620	0.6911	chip2
1688450	91864299	0.8282	chip2
1726638	91873308	0.7477	chip2
1717329	91873970	1.9923	chip2
1682426	91874069	1.2564	chip2
1656721	91874710	0.8749	chip2
1694401	91874783	1.1467	chip2
1657359	91875035	1.036	chip2
1682253	91875494	0.6381	chip1
1734659	91943094	1.1902	chip1
1667369	92011649	1.4173	chip1
1653732	92045475	1	chip2
1676193	92053519	1	chip1
1694973	92054258	0.8465	chip2
1721045	92055352	1.8023	chip2
1677843	92060450	0.6721	chip1
1730507	92156214	0.5634	chip2
1728916	92192576	0.819	chip1
1732146	92200790	1.7674	chip1
1666789	92388421	1.4627	chip1
1758932	92392850	0.7685	chip2
1708624	92414429	1	chip1
1739617	92424820	0.5953	chip2
1719616	92468876	1.4286	chip1
1752421	92469518	1.9437	chip2
1698207	92469600	0.5417	chip2
1664206	92542716	1	chip2
1675152	92599518	2.1643	chip1
1678714	92653560	0.6415	chip2
1726046	92653724	1.089	chip2
1737849	92677584	0.7089	chip1
1743189	92708692	1.5001	chip2
1674254	92709908	0.9203	chip1
1675829	92713540	1.0234	chip1
1676151	92714647	1	chip1
1749275	92743085	1.2741	chip2
1755402	92743820	1.926	chip2
1724993	92745859	1.5056	chip1
1725107	92746035	0.7512	chip1
1653224	92749710	0.477	chip2
1715565	92750054	0.8485	chip2
1728656	92760413	1.7362	chip1
1729010	92762249	0.7347	chip1
1726460	92769047	2.0524	chip2
1734131	92787872	0.4508	chip1
1734271	92787935	1.9131	chip1
1735553	92788092	0.941	chip1
1661707	92817873	1.0935	chip1
1652950	92859607	0.6976	chip2
1642933	92859932	1	chip2
1731979	92894161	1.1279	chip2
1649644	92894776	1.9096	chip2
1715574	92902531	1.5232	chip1
1696154	92914243	1.1355	chip2
1719326	92915007	0.8499	chip1
1721050	92915407	2.7183	chip1
1721174	92915650	1.1446	chip1
1756995	92917093	1.4893	chip2
1653657	92945386	1.1484	chip1
1653847	92946537	0.6345	chip1
1654088	92946958	0.8211	chip1
1676900	92955335	0.9493	chip2
1668039	93008795	0.9599	chip1
1718992	93053671	1.1329	chip1
1731115	93063543	2.011	chip2
1666444	93071471	0.6738	chip2
1725826	93071736	0.5931	chip2
1661552	93071847	1.8348	chip2
1673990	93072268	0.9761	chip2
1749173	93072408	1.0295	chip2
1717001	93072876	1.4466	chip2
1649699	93073154	0.841	chip1
1649877	93073924	1.3917	chip1
1731371	93077655	1.018	chip2
1740517	93078914	0.7724	chip2
1660364	93180495	1.1002	chip1
1660454	93180541	1.1935	chip1
1750833	93183152	1.4026	chip2
1659048	93183231	0.5208	chip2
1715811	93183267	1.0959	chip2
1725626	93231969	1.3263	chip2
1739075	93233429	0.7637	chip2
1657868	93233505	0.7182	chip2
1742220	93411252	0.7934	chip1
1742320	93412015	0.9529	chip1
1742444	93412261	1.3091	chip1
1666673	93443680	0.7631	chip1
1723056	93467652	0.6655	chip2
1679089	93484651	1.8675	chip1
1679217	93485231	0.6768	chip1
1750281	93486643	1.6621	chip2
1679164	93486715	0.4646	chip2
1719292	93492443	1	chip1
1652610	93493606	1.0361	chip2
1721499	93501509	1.6584	chip1
1724941	93521150	1.2088	chip1
1658873	93556365	1.4626	chip1
1697757	93572828	1.6914	chip2
1686758	93573265	1	chip2
1721217	93596769	1.7211	chip2
1667997	93607138	0.7035	chip1
1673305	93625432	0.7159	chip1
1673453	93625941	1.5115	chip1
1711367	93625970	1.016	chip1
1712817	93627801	0.6843	chip2
1715412	93651765	1.4758	chip1
1715532	93652103	1	chip1
1717054	93652965	0.5715	chip1
1743443	93718004	2.4444	chip2
1727943	93728732	1.2875	chip2
1752831	93728826	1.6535	chip2
1665637	93809535	0.5567	chip1
1665741	93809869	1	chip1
1713668	93813053	1	chip2
1705376	93817458	1	chip1
1705606	93818448	1	chip1
1705692	93818549	1.6408	chip1
1709276	93829618	0.5337	chip1
1709472	93830715	1	chip1
1711107	93833895	1.7982	chip1
1720368	93874551	3.4089	chip1
1645695	93891156	0.4899	chip1
1645831	93891749	1.2175	chip1
1661322	93900867	1.1979	chip2
1682972	93909857	1.3631	chip2
1727823	93910483	1.1158	chip2
1677960	93923253	1.9034	chip2
1648942	93927418	1.0171	chip2
1697866	93942871	0.5697	chip1
1664500	93952044	0.5696	chip2
1699984	93952918	1.3174	chip1
1700188	93957372	0.7874	chip1
1700288	93957420	1	chip1
1700461	93959602	1.5848	chip1
1727126	93980748	1.1284	chip2
1716847	93983234	1.504	chip2
1752785	93984042	2.1162	chip2
1663480	93990267	1.3246	chip2
1709265	93991458	0.6788	chip2
1716103	93991486	0.6302	chip2
1695737	93991535	1.135	chip2
1752742	93998261	1.2034	chip1
1754411	94001434	1.5778	chip1
1754531	94002035	0.8812	chip1
1645263	94026225	0.752	chip1
1666397	94096108	0.8328	chip1
1683978	94138505	1.1414	chip2
1678891	94173633	0.8544	chip1
1709175	94204314	1.0304	chip2
1668306	94204439	0.9141	chip2
1650712	94204791	0.7786	chip2
1685274	94214047	0.7581	chip2
1685262	94231638	0.6917	chip2
1732003	94275795	0.7272	chip2
1753665	94276377	0.7684	chip2
1696222	94312467	1.0369	chip2
1696964	94319988	1.8787	chip2
1676158	94320114	1	chip2
1663438	94320445	1	chip2
1671734	94321136	1	chip2
1755032	94344078	1.7229	chip2
1649710	94353256	0.7775	chip2
1661882	94361791	0.665	chip2
1725338	94374146	0.9997	chip2
1656963	94374511	0.7196	chip2
1756673	94376048	0.6979	chip2
1651087	94434880	0.9527	chip1
1654214	94445469	1.5576	chip1
1656066	94448770	2.0497	chip1
1656166	94448797	0.8962	chip1
1656282	94449252	0.761	chip1
1654565	94450872	0.6307	chip2
1708038	94452193	1.0048	chip2
1658243	94455808	0.935	chip1
1658371	94456300	0.7483	chip1
1751233	94456392	2.082	chip2
1744425	94456637	0.6537	chip2
1752775	94465711	1.4996	chip2
1729744	94465874	1.948	chip2
1661829	94469438	0.7989	chip1
1650906	94565788	2.0672	chip2
1698791	94614251	0.9793	chip2
1661998	94749239	0.6624	chip2
1697161	94910507	0.7992	chip1
1710251	95078636	1.1696	chip2
1705968	95157352	1	chip1
1719791	95199381	1.334	chip2
1682304	95267841	1.322	chip2
1665248	95268599	1.5849	chip2
1733018	95268693	1.0523	chip2
1701983	95268906	1.5758	chip2
1728835	95271990	1.1526	chip2
1714591	95272025	2.1936	chip2
1727737	95272807	1.5137	chip2
1642452	95276261	1.6594	chip1
1697422	95303615	1.6502	chip2
1687897	95347357	0.7705	chip1
1689343	95349129	0.5909	chip1
1647038	95363762	1.5999	chip2
1642495	95363906	0.4202	chip2
1758230	95364282	1.1026	chip2
1738378	95533593	1	chip1
1739974	95546239	1.274	chip1
1721788	95660482	1.7221	chip2
1729430	95732484	1.7325	chip2
1650380	95771967	0.5611	chip2
1758094	95848626	1.4128	chip2
1685352	95849267	0.5759	chip2
1732685	95943634	1.0066	chip1
1693931	95944662	1.0983	chip2
1646882	96032301	0.4386	chip2
1648665	96081322	1	chip1
1699915	96117717	2.9657	chip2
1659143	96143399	1.0471	chip1
1735174	96162993	0.8715	chip2
1677204	96163064	1.2882	chip2
1754144	96274642	1.2576	chip2
1716620	96316044	1.4127	chip1
1716874	96317626	0.7444	chip1
1754695	96323042	1.0738	chip1
1710115	96446163	1.3973	chip2
1708945	96446213	1.2809	chip2
1708094	96543225	1.2354	chip2
1739205	96543362	0.7234	chip2
1723256	96543545	1.9655	chip2
1662848	96543742	1.5547	chip2
1704952	96589992	1.3501	chip1
1705056	96590158	0.7899	chip1
1750396	96618609	1.8354	chip1
1750506	96618779	0.7969	chip1
1666934	96622820	1.6358	chip2
1645381	96693981	1.0581	chip1
1660996	96713649	1.3473	chip1
1667010	96719695	1.013	chip2
1653964	96800150	0.7702	chip2
1720786	97084049	0.6819	chip1
1658050	97096569	1.6798	chip2
1722555	97097777	1.136	chip1
1722937	97101441	1.5718	chip1
1729515	97152145	1.3495	chip1
1729631	97152577	1.2597	chip1
1653726	97482559	1.2421	chip2
1667518	97636843	1.3135	chip2
1755397	97836905	1.1964	chip1
1747251	97912248	0.5694	chip2
1666456	98022441	1.4983	chip2
1703900	98125911	0.5549	chip1
1668264	98174958	0.5889	chip2
1685507	98222073	1.6861	chip1
1685601	98222154	1	chip1
1718091	98401579	1	chip2
1685564	98401609	1	chip2
1682520	98401685	0.831	chip2
1680902	98403160	0.6393	chip2
1667450	98403238	1.1061	chip2
1728795	98403314	1	chip2
1650054	98566644	1.1714	chip2
1705740	98686663	0.8213	chip1
1673586	98747167	1.0957	chip2
1657257	98762847	1	chip2
1691728	98767132	1.1983	chip2
1665856	98791776	1.6028	chip2
1714772	98791838	1.2414	chip1
1654661	98855992	1.4152	chip2
1696101	98927879	1.3378	chip1
1728287	98947950	1.7985	chip2
1755345	99123536	0.8905	chip1
1686439	99344619	0.7221	chip1
1665450	99376659	1.3958	chip2
1678647	99551603	0.9815	chip1
1691964	99686574	1.0846	chip2
1647762	99686708	1.6368	chip2
1642687	99720860	1.0447	chip2
1682068	99730276	1.0055	chip2
1746734	99773203	0.6701	chip1
1748098	99773242	1	chip1
1662790	99870157	1.1325	chip2
1700643	99922217	1.0993	chip1
1651294	99923316	1.4569	chip2
1647533	100155950	0.9704	chip1
1647827	100158363	0.7524	chip1
1697645	100169952	0.7249	chip2
1698703	100181766	1	chip2
1715425	100182183	0.9434	chip2
