Probe_Set	Phy_position	CPA	chiptype
1751708	450509	0.5559	chip1
1692698	451209	0.6512	chip2
1738064	451728	1.0657	chip2
1695707	451977	1.2089	chip2
1754765	457457	1.0628	chip1
1754869	457906	0.9447	chip1
1754987	457940	0.6371	chip1
1688778	560251	0.6087	chip2
1697783	561244	0.713	chip2
1752055	666202	0.9964	chip2
1716810	825901	0.58	chip1
1698493	895040	0.8674	chip2
1665886	895321	2.1383	chip2
1656950	906971	2.0864	chip1
1705294	953196	0.8809	chip1
1759020	1051470	1.3583	chip2
1653957	1226945	1.5638	chip1
1654242	1228614	1	chip1
1703006	1380508	1.3207	chip1
1684711	1734371	1	chip1
1689024	1944194	1.061	chip2
1698522	1945519	1	chip1
1658075	2144252	1.4898	chip1
1658171	2144387	1.0946	chip1
1663165	2180755	0.7441	chip1
1708902	2283817	0.8924	chip1
1654899	2339117	1.3056	chip2
1710765	2340069	0.8655	chip1
1643014	2492223	1.9812	chip1
1703076	2966475	1.1059	chip1
1729872	3043058	1.5929	chip2
1645058	3112396	1.2697	chip2
1667776	3155100	1.0187	chip2
1679460	3157118	1.0186	chip2
1656647	3157589	0.8457	chip2
1689950	3158660	0.9374	chip1
1690076	3159529	0.5503	chip1
1655163	3184608	1.038	chip2
1743289	3185739	1	chip2
1742063	3195221	0.6436	chip2
1647739	3239516	1.1834	chip1
1647857	3240088	0.857	chip1
1684942	3252191	1.3066	chip2
1730108	3252484	1	chip2
1684690	3267156	2.2005	chip2
1661993	3281195	1.0357	chip1
1711929	3299883	0.7799	chip2
1711104	3309819	1.0769	chip2
1716048	3356638	0.7132	chip1
1701006	3446119	1.3603	chip1
1701104	3446202	0.7898	chip1
1701322	3446942	1.5056	chip1
1750130	3477002	1.3236	chip1
1695089	3565047	1.3861	chip2
1710211	3565280	1	chip2
1745822	3890292	0.8434	chip2
1682459	3902351	1	chip1
1689548	3922824	1.3143	chip2
1660937	3925017	1.4214	chip2
1733470	3955569	0.9757	chip2
1752402	4016484	1.9656	chip1
1752512	4016764	1	chip1
1653048	4056773	1.1993	chip2
1662114	4358578	0.7628	chip2
1753506	4388058	1.1071	chip1
1744396	4937501	0.7881	chip1
1735048	4972892	0.9574	chip2
1678817	5025487	1	chip1
1724543	5145454	0.7712	chip1
1726761	5180020	0.72	chip1
1661183	5239120	1.0821	chip2
1754301	5251867	0.6103	chip1
1756257	5255680	0.9593	chip1
1756376	5255813	1.5195	chip1
1705051	5265130	0.6556	chip2
1702223	5265560	1.12	chip2
1701232	5373129	0.7879	chip1
1701368	5373392	1.0858	chip1
1746357	5456464	0.9008	chip1
1746539	5457995	1.6517	chip1
1720723	5466433	1.6505	chip2
1642333	5589744	1	chip2
1737430	5627297	1.2231	chip1
1671375	5652674	0.7518	chip1
1671545	5653022	1.4088	chip1
1676839	5670462	0.5187	chip1
1676955	5670841	1.0547	chip1
1677085	5670943	1.2947	chip1
1680541	5693513	0.8067	chip1
1735148	5744799	1.2337	chip2
1704841	5762150	1	chip2
1728727	5762373	1.3271	chip2
1725492	5763625	1.562	chip2
1686614	5806239	1.04	chip2
1729948	5807009	0.9066	chip2
1653998	5864832	1.8865	chip2
1727511	5872967	1.5845	chip2
1719067	5896013	1.0522	chip2
1727057	5967291	1.3851	chip1
1657305	5999210	0.9381	chip2
1731964	6054729	0.5424	chip1
1697994	6176952	0.8869	chip1
1646822	6211340	1.5491	chip2
1679556	6227250	1.2817	chip2
1658064	6242286	0.7674	chip2
1689066	6362173	0.4653	chip2
1688725	6383366	1.2595	chip1
1690080	6383968	0.838	chip1
1743191	6414077	0.8252	chip2
1732916	6414383	0.8682	chip2
1684390	6415615	1.0909	chip2
1720525	6416166	0.9182	chip2
1742464	6467489	1.1005	chip1
1742550	6468330	1.4362	chip1
1684528	6498311	1.1494	chip2
1709025	6498735	0.8788	chip2
1664416	6499281	1.1582	chip2
1713370	6515839	1	chip2
1726669	6545432	0.8294	chip1
1670885	6680353	0.9349	chip1
1668492	6736372	0.8966	chip2
1730432	6847295	0.6956	chip1
1719313	6872864	1	chip2
1661623	6898309	1.4767	chip1
1735316	6907775	0.9564	chip2
1743359	6915690	1.6349	chip2
1668515	6942302	0.7782	chip1
1735944	7486446	0.9707	chip1
1723220	7523808	1	chip2
1675233	8031808	0.7246	chip2
1724869	8161157	1.2907	chip1
1660418	8288114	1	chip1
1725736	8498333	0.7237	chip2
1752043	8523450	0.7789	chip2
1697915	8524543	1.1603	chip2
1657831	8571121	1.1833	chip1
1648513	8791713	1	chip1
1688936	8829083	1	chip2
1714951	8883455	1	chip2
1681554	8884654	1.4277	chip2
1758937	8967535	1	chip2
1699627	9053828	0.9158	chip2
1666775	9097967	1.3203	chip1
1675695	9173838	1.3961	chip1
1727952	9277095	1.1416	chip1
1728036	9277189	1.8727	chip1
1680648	9323928	1.0886	chip2
1659277	9349334	1.5715	chip1
1660542	9349369	0.7732	chip1
1745182	9385044	1.5668	chip2
1708055	9456502	0.505	chip1
1709876	9503271	1.095	chip1
1731323	9512325	1.8855	chip2
1720746	9579730	1	chip1
1710383	9681965	0.6135	chip2
1722248	9705256	1.4941	chip2
1646627	9732840	1.1454	chip1
1672054	9756951	0.7746	chip2
1652010	9808904	1	chip2
1726736	9828100	0.9057	chip2
1645352	9876974	0.7825	chip2
1649952	9904211	1	chip2
1677700	9945918	0.7544	chip2
1692148	9945970	1.6925	chip2
1671362	9966550	1.001	chip2
1642955	9988337	0.9022	chip2
1758148	10020882	1.663	chip2
1674935	10021106	0.9274	chip2
1664261	10095073	1.5536	chip1
1711439	10136850	1.3001	chip1
1711659	10139656	1.4938	chip1
1718445	10151479	0.857	chip2
1675972	10165009	0.5883	chip2
1730052	10179905	1	chip2
1667586	10302994	0.5946	chip2
1707681	10303471	0.6948	chip2
1757384	10483908	0.5517	chip1
1749339	10484854	0.9913	chip2
1688503	10519701	0.7723	chip1
1733346	10558389	1.1213	chip2
1669793	10558528	0.9255	chip2
1753049	10559917	0.601	chip2
1702372	10577855	1.2396	chip1
1702802	10581686	1	chip1
1675561	10658814	1.3998	chip2
1753062	10711005	0.9639	chip1
1753530	10716262	0.6723	chip1
1754847	10716539	1.2873	chip1
1716267	10814277	1	chip2
1746941	10822723	0.6857	chip2
1657638	10822776	1.258	chip2
1730087	10833375	0.9525	chip1
1644366	10839178	0.7632	chip2
1671832	10839468	1	chip2
1645164	10864097	0.6879	chip2
1665871	10874193	1	chip1
1665989	10874259	1	chip1
1666215	10875893	1	chip1
1738060	10880619	0.8862	chip2
1644746	10884111	0.7472	chip2
1651707	11054857	0.7381	chip1
1719081	11063899	0.7197	chip2
1662092	11076318	1.2402	chip2
1756741	11076427	1.1438	chip2
1658185	11091618	1	chip1
1661775	11108695	1.0753	chip1
1661937	11109150	1	chip1
1662307	11117694	1.2367	chip1
1663641	11117925	1	chip1
1650732	11168833	0.6715	chip2
1732389	11169314	1.0868	chip2
1719591	11175344	2.0528	chip2
1664134	11190645	0.6168	chip2
1714080	11265003	1.1722	chip2
1757795	11265025	1.1002	chip2
1667726	11268186	1.6149	chip2
1644954	11268341	0.9371	chip2
1701314	11291436	0.7635	chip1
1704832	11306969	1	chip1
1695595	11310562	1.229	chip2
1650972	11332366	0.584	chip2
1716316	11477189	0.5859	chip1
1723685	11514642	1	chip1
1729113	11563678	1.4158	chip1
1730442	11565234	0.9618	chip1
1657991	11597190	0.8359	chip1
1658095	11597370	0.578	chip1
1663496	11614463	1	chip2
1708536	11628867	1	chip2
1751577	11659314	1.1132	chip2
1653452	11659412	0.5734	chip2
1713674	11660397	1.15	chip2
1693218	11660482	1.3139	chip2
1642421	11680056	1.2686	chip2
1724611	11806187	0.9989	chip1
1648681	11866838	0.6095	chip1
1652101	11917225	0.9116	chip1
1657254	11978777	1.5489	chip1
1674261	12100286	1.8156	chip2
1715094	12118231	0.7916	chip1
1706023	12136005	1	chip2
1654790	12245760	0.7187	chip1
1699892	12269756	1.0092	chip1
1700062	12270501	0.7702	chip1
1717225	12271548	0.7807	chip2
1657117	12302785	1.5832	chip2
1748674	12308551	1.3561	chip1
1712223	12320880	1.2042	chip2
1706917	12322611	1.3229	chip2
1670906	12340442	1.3185	chip2
1680402	12345780	0.6585	chip2
1685073	12364037	0.717	chip1
1753575	12377210	1.8994	chip2
1692774	12392079	0.7261	chip2
1672706	12400669	0.7958	chip2
1718533	12472708	1.2045	chip2
1744454	12474944	0.9895	chip1
1744574	12475200	0.7713	chip1
1745915	12475681	0.8147	chip1
1711524	12490201	1.7305	chip2
1655168	12527057	0.9534	chip1
1655278	12527321	1.2724	chip1
1653568	12530152	0.7518	chip2
1681504	12530596	1.7979	chip2
1728997	12544787	1.6344	chip2
1657982	12549702	1.1659	chip2
1673766	12549844	0.9856	chip2
1711236	12549877	0.9044	chip2
1688808	12550006	1.207	chip2
1656583	12550196	0.9798	chip2
1677682	12566303	1.042	chip2
1692384	12566651	0.7681	chip2
1730433	12654141	0.6023	chip2
1689108	12656242	1.2953	chip2
1654016	12755289	1.3179	chip1
1697644	12796444	1.2039	chip1
1697858	12799874	1.2379	chip1
1701276	12806076	1	chip1
1694763	12809385	0.7663	chip2
1746759	12809867	1.3511	chip2
1703012	12810826	1.8657	chip1
1689376	12814112	0.6801	chip2
1714455	12859705	1.0573	chip2
1753726	12874468	0.7323	chip1
1754030	12875644	1.1568	chip1
1649568	12934094	1.1133	chip2
1652103	12936829	0.9625	chip1
1652221	12937303	1	chip1
1697193	12966928	0.9284	chip1
1724848	12980517	0.9052	chip2
1719505	13038215	1.338	chip2
1660069	13039174	0.533	chip2
1711076	13069868	1.4107	chip2
1753493	13070369	0.9404	chip2
1685394	13108765	1	chip2
1745706	13110425	1.7038	chip2
1736235	13110583	1.6614	chip2
1689127	13120459	1.274	chip1
1689371	13122109	1.2567	chip1
1694642	13144168	1	chip1
1690529	13149401	1	chip2
1738600	13162885	1.4302	chip1
1740719	13219981	1.745	chip2
1679581	13239585	1.2609	chip1
1679755	13240288	1	chip1
1752119	13265015	1.2718	chip2
1688829	13273768	1.2951	chip1
1688937	13273853	0.9101	chip1
1689019	13274059	0.7895	chip1
1704498	13286179	1.1676	chip1
1704648	13286296	0.6406	chip1
1704768	13286398	0.7541	chip1
1710482	13305015	0.9637	chip1
1713227	13316297	1.2193	chip2
1713937	13316913	0.9003	chip1
1715808	13326894	1.341	chip1
1715912	13326987	1.2271	chip1
1717454	13328968	0.7472	chip1
1684580	13354366	0.9647	chip2
1669263	13377283	1.3818	chip2
1708757	13377612	1.4884	chip2
1655396	13392090	2.0217	chip1
1655544	13392554	1.1778	chip1
1655802	13394685	1	chip1
1657603	13397446	0.6023	chip1
1700792	13431890	1.1095	chip1
1696420	13441121	0.9509	chip2
1704412	13455247	0.7242	chip1
1749608	13480529	0.9342	chip1
1753564	13499805	1.195	chip1
1753742	13500824	0.6498	chip1
1695118	13586891	0.852	chip1
1702314	13611893	0.8319	chip1
1758929	13630703	1.1291	chip2
1745733	13631479	1.1746	chip1
1747196	13631777	0.5576	chip1
1688502	13668116	1.1598	chip2
1753649	13669327	0.8634	chip2
1702485	13669400	1.0002	chip2
1642022	13672493	1	chip1
1642158	13672867	0.85	chip1
1642282	13673151	1.3971	chip1
1680661	13678277	1.007	chip1
1680843	13678577	1.1435	chip1
1743201	13731107	0.9355	chip2
1723028	13739354	0.7659	chip2
1739723	13784914	1	chip2
1734921	13786166	0.7167	chip1
1735023	13787320	1.5234	chip1
1641915	13793379	0.6467	chip2
1741520	13808603	1.0416	chip1
1741886	13812167	1	chip1
1673031	13859406	0.9387	chip1
1676543	13883728	1	chip1
1676651	13885018	0.8141	chip1
1649194	13918889	1.4522	chip2
1683609	13921375	0.459	chip1
1746773	13954919	0.903	chip2
1663514	14045982	1.2354	chip2
1677082	14046599	0.8515	chip2
1757400	14059029	1.1581	chip1
1653255	14115073	0.8889	chip1
1695390	14161817	0.6136	chip1
1695518	14162015	1.7346	chip1
1715029	14234734	1.4609	chip2
1750962	14251838	0.8457	chip1
1642404	14277705	1.0283	chip1
1719413	14295654	1.3043	chip2
1656337	14295958	1.9502	chip2
1670758	14296699	1	chip2
1681948	14296893	1.4015	chip2
1679008	14304290	1.2259	chip2
1756401	14304391	1.6634	chip2
1701231	14304430	1	chip2
1692865	14307016	1	chip1
1692967	14307108	1	chip1
1671852	14307663	0.7915	chip2
1702891	14325784	1	chip2
1740212	14345391	0.5682	chip1
1711126	14350482	0.7904	chip2
1718793	14350891	1.6574	chip2
1746826	14360780	0.9486	chip1
1747132	14361301	1.0656	chip1
1748608	14361547	0.6829	chip1
1748712	14362054	0.8373	chip1
1753998	14391502	1.1535	chip1
1754307	14398725	0.9356	chip1
1733624	14418408	1.1239	chip2
1685127	14427236	0.6426	chip1
1748075	14432937	1.7001	chip2
1701465	14433113	0.7005	chip2
1674465	14462826	0.7429	chip2
1686348	14463676	0.8467	chip2
1732622	14515065	2.6671	chip2
1726400	14515369	0.4858	chip2
1686181	14544432	1.6094	chip1
1686343	14545131	0.69	chip1
1724921	14549996	1	chip1
1725043	14550600	0.7808	chip1
1742681	14563202	1.802	chip2
1730303	14576135	1	chip1
1730394	14576185	0.9338	chip1
1730494	14576236	0.8522	chip1
1730606	14576266	1.5249	chip1
1660043	14586627	0.4906	chip2
1646136	14619184	1.0589	chip2
1732105	14619228	1.0828	chip2
1658488	14655026	1.5841	chip2
1675250	14669589	1.6204	chip1
1642725	14671928	0.7151	chip2
1738208	14685366	1	chip2
1691396	14691500	0.6815	chip2
1694524	14699799	1.0733	chip1
1697962	14709659	1.0964	chip1
1701646	14730011	0.6596	chip1
1703374	14745432	0.7068	chip1
1703482	14746126	0.955	chip1
1745535	14771373	1	chip1
1749018	14791411	1.6368	chip1
1749216	14791705	0.7649	chip1
1752646	14796744	1.0925	chip1
1672652	14833469	0.7571	chip2
1753399	14839198	1.1278	chip2
1688933	14850437	1.3617	chip1
1688860	14857829	1.4155	chip2
1750731	14871533	0.7385	chip2
1680923	14998216	0.5532	chip1
1681345	14999716	0.7572	chip1
1681475	15000001	1.4358	chip1
1681605	15000043	1	chip1
1710077	15012320	1.1913	chip2
1686367	15014085	1.0712	chip1
1686483	15015006	0.7369	chip1
1651318	15037881	1.5511	chip2
1740223	15045841	1.1891	chip2
1743075	15053463	1	chip2
1727777	15053487	1.0066	chip2
1704219	15054160	0.6399	chip2
1642027	15078331	1.5056	chip2
1739364	15084904	1.3977	chip1
1682290	15108700	1.5195	chip2
1706787	15132646	1.6388	chip2
1671883	15137262	1.5389	chip1
1682211	15166368	0.6126	chip1
1682357	15166737	1.9464	chip1
1682507	15166978	0.5986	chip1
1735106	15237661	1.1843	chip2
1717787	15240070	0.5953	chip2
1703689	15241034	1.7298	chip2
1669059	15272242	0.9462	chip2
1723088	15277806	0.9624	chip2
1737309	15299391	1.0798	chip2
1671009	15323513	0.5998	chip1
1673189	15340462	0.9722	chip1
1747790	15421342	1	chip1
1747962	15421834	0.6237	chip1
1748133	15503045	1.2895	chip2
1740408	15524081	0.8001	chip1
1748896	15559348	0.625	chip1
1722556	15620326	1.5111	chip2
1675051	15739320	0.7097	chip2
1668522	15741139	1.1667	chip2
1681021	15751287	1.6984	chip1
1730019	15824952	0.6983	chip1
1730137	15825286	1.2189	chip1
1700358	15849497	1.7881	chip2
1753605	15930738	0.6127	chip2
1662623	15984376	1.032	chip1
1674637	15997167	0.885	chip2
1720420	16157713	1.2634	chip1
1678446	16283538	1.2259	chip2
1720849	16284495	0.8995	chip2
1727704	16297811	1.2995	chip1
1653007	16323738	1	chip1
1692690	16364823	1	chip2
1731341	16366419	1	chip2
1645614	16383189	1	chip2
1660282	16395636	1	chip1
1663747	16450642	1.3216	chip1
1671388	16475319	1.0764	chip2
1668810	16729576	1	chip1
1683438	16776778	1.425	chip2
1700863	16918535	1.5178	chip2
1653885	17028605	1.0773	chip1
1662921	17111810	1	chip1
1713723	17215123	1.3266	chip1
1687242	17350285	0.8953	chip2
1756785	17918080	1.0847	chip2
1680702	18353884	1.0541	chip2
1659463	18507389	1	chip1
1662618	18772157	1.8903	chip2
1742165	19211040	0.7059	chip2
1669862	19301803	1.0012	chip1
1694189	19339815	0.3604	chip2
1720748	19430388	1.1034	chip1
1722465	19436070	1.6488	chip1
1731072	19459213	1	chip1
1731270	19496568	1.8982	chip1
1731364	19499687	1.4688	chip1
1732659	19500060	1.2945	chip1
1732779	19500215	1.3366	chip1
1655398	19519465	0.716	chip1
1672170	19615696	0.6302	chip2
1749409	19639950	0.7619	chip2
1659377	19789186	1.3548	chip1
1713685	19963701	1.1383	chip1
1757260	20055907	1	chip1
1646389	20079682	1	chip1
1728557	20092265	1	chip2
1653279	20128620	1.4009	chip1
1653387	20128766	1.0478	chip1
1699691	20147237	1	chip2
1755627	20463036	1.0561	chip1
1755750	20564580	1.5576	chip2
1748834	20576955	1.42	chip1
1683657	20675387	1.502	chip1
1685559	20683212	1.4241	chip1
1661366	20865212	0.5507	chip2
1676288	20872252	0.8676	chip2
1694049	20874347	1.5928	chip2
1694768	21631187	0.9468	chip1
1727710	21950207	0.8574	chip1
1691408	22048100	1.1795	chip2
1671026	22436842	1.6803	chip2
1661032	22460118	1.8854	chip1
1661160	22460799	0.7923	chip1
1664619	22470516	2.1194	chip1
1734562	22483000	1.3933	chip2
1700440	22483188	1.1841	chip2
1691956	22511266	1.2571	chip2
1759032	22687706	1.1919	chip2
1678222	22760245	1.3464	chip2
1736507	22760442	1.9941	chip2
1646452	22782819	1.4002	chip2
1731413	22802254	1	chip2
1681041	22850255	0.9445	chip1
1672678	23026451	0.6689	chip2
1662222	23092917	1.3109	chip2
1722667	23293052	1.0747	chip1
1724223	23316031	1.1154	chip1
1735619	23333545	1.5755	chip2
1651014	23493500	1	chip2
1647890	24028830	1.713	chip2
1661405	24116077	1	chip1
1664579	24185264	1.5422	chip1
1717130	24385509	1.1382	chip1
1735046	24399965	1.2891	chip2
1665754	24488142	1.0011	chip2
1644371	24620332	0.5205	chip1
1646653	24631388	1.1284	chip1
1708643	24720497	0.4338	chip2
1655420	24753327	0.7977	chip1
1705659	25122345	1.3594	chip2
1688824	25405267	1.6562	chip2
1679189	25744867	0.8609	chip1
1673106	25755541	0.5462	chip2
1724689	25817443	1	chip1
1726807	25836246	1.6743	chip1
1695427	25884459	1.0171	chip2
1688570	25955997	1.052	chip2
1745410	26138589	0.8514	chip2
1740963	26228927	0.7145	chip2
1650371	26518119	1.1836	chip1
1689008	26540239	0.7744	chip2
1660907	26624690	1.8396	chip2
1706002	26663716	0.4804	chip1
1699087	26677010	1	chip2
1698647	26892568	0.727	chip2
1748427	26933541	1.4005	chip2
1689777	26952196	1.6662	chip2
1662205	27011628	1	chip1
1667281	27045434	1.0497	chip1
1667437	27046466	1.0235	chip1
1648384	27086973	1	chip2
1669087	27117396	1	chip2
1659740	27126398	0.4684	chip2
1735268	27126748	0.8657	chip2
1672184	27126902	1.0685	chip2
1690892	27138320	0.5533	chip2
1652573	27152230	0.9828	chip1
1657845	27217068	3.0403	chip1
1659697	27243613	0.5996	chip1
1701556	27350473	0.8504	chip1
1755870	27354222	1.4249	chip2
1745602	27470097	1.4675	chip2
1704392	27885978	0.8821	chip1
1706288	27895689	1	chip1
1707644	27895953	1.3079	chip1
1746159	27901771	0.5276	chip1
1700739	27906240	1.0622	chip2
1695185	27916467	0.6072	chip2
1671714	27973945	1	chip2
1692789	28024929	0.8594	chip1
1692320	28060812	1.0045	chip2
1686798	28060878	1	chip2
1654321	28097106	0.7264	chip2
1654529	28109086	1.0145	chip2
1721869	28131958	0.6265	chip1
1676508	28143275	1.2017	chip2
1728906	28189171	0.7935	chip1
1654330	28226096	1.2455	chip1
1657741	28263442	1.2786	chip1
1657857	28263758	1	chip1
1682324	28297991	1	chip2
1721512	28299118	1.7065	chip2
1706310	28313357	1	chip1
1646353	28368662	0.9993	chip1
1697119	28405931	0.8074	chip1
1705766	28475533	1.8289	chip1
1670462	28493054	0.5242	chip2
1710945	28512603	1	chip1
1711193	28513111	1.574	chip1
1712782	28513863	1.0306	chip1
1707978	28551621	1	chip2
1752779	28592265	0.7524	chip2
1744894	28657314	1.7647	chip1
1703827	28681721	1.3069	chip2
1690089	28681788	0.7811	chip2
1730294	28710395	1.0775	chip2
1688094	28712566	1	chip2
1714979	28713731	0.7829	chip2
1688261	28744753	1.4193	chip1
1712905	28813215	1.7677	chip2
1649393	28843327	0.7753	chip1
1649629	28877062	1.0857	chip1
1650927	28877088	0.7549	chip1
1651041	28877187	1.4049	chip1
1651441	28879193	1	chip1
1654634	28884929	1	chip1
1661845	28912238	1.9011	chip1
1661995	28912637	1	chip1
1663391	28912992	1.0304	chip1
1663543	28913490	0.9849	chip1
1663661	28913767	1.1528	chip1
1663781	28914067	0.8428	chip1
1709154	28942170	1.0972	chip1
1732021	28942222	1.4246	chip2
1709308	28942452	1.0464	chip1
1756039	28973182	0.5838	chip1
1756181	28973892	0.852	chip1
1721237	28991573	1.3937	chip2
1647623	28996244	1.4796	chip1
1650871	29007054	0.89	chip1
1651025	29008008	0.6997	chip1
1651219	29008615	0.7196	chip1
1654788	29024203	0.5377	chip1
1758647	29038230	1.0006	chip2
1694812	29046433	0.6804	chip1
1705328	29089168	1.0834	chip1
1705452	29090113	0.6152	chip1
1705580	29090186	1.0036	chip1
1730621	29123858	1.1615	chip2
1737946	29130281	1.0911	chip2
1757550	29132773	1.389	chip1
1647369	29149275	0.5415	chip1
1686791	29157998	1.0638	chip1
1686971	29158407	0.8329	chip1
1688871	29163921	0.987	chip1
1710509	29183029	0.4873	chip2
1666962	29183632	0.7246	chip2
1698061	29184848	1.8507	chip2
1676082	29209931	0.9871	chip2
1686982	29210144	0.572	chip2
1650058	29210162	1.4543	chip2
1720241	29273402	0.8197	chip2
1689700	29292134	1	chip1
1726468	29335141	1.8307	chip2
1739689	29335160	0.8286	chip2
1743468	29410322	0.7582	chip1
1685490	29421275	0.8163	chip2
1748996	29429370	0.7428	chip1
1749118	29429832	1.3056	chip1
1673051	29474258	0.8885	chip1
1676565	29481312	2.2495	chip1
1677061	29482962	1	chip1
1678361	29483133	1	chip1
1644950	29499510	1.0529	chip2
1700040	29523172	1.0169	chip1
1701416	29525887	0.6928	chip1
1708638	29570617	1.1504	chip1
1708876	29571333	1.5827	chip1
1720687	29572630	1.248	chip2
1648668	29573055	0.9364	chip2
1709829	29573139	1	chip2
1710446	29573469	1.1142	chip1
1675225	29615779	1.1609	chip2
1653705	29638538	0.7211	chip1
1742545	29641550	1.4181	chip2
1682048	29641700	0.988	chip2
1692481	29652449	1.839	chip1
1700976	29671657	1.5673	chip1
1644288	29699585	1.0063	chip2
1750275	29699909	0.8569	chip2
1681210	29706619	1.3391	chip2
1708409	29707671	1	chip1
1644080	29710323	1.1458	chip2
1723390	29720280	1	chip2
1746956	29786153	1	chip1
1676535	29799165	0.8578	chip1
1642631	29831026	0.7201	chip2
1671504	29850474	1.7753	chip2
1751835	29850687	0.6325	chip2
1736358	29852639	0.8106	chip1
1737861	29854583	1.5742	chip1
1724264	29857275	0.9918	chip2
1742708	29880015	1.4611	chip1
1702797	29883720	0.7333	chip2
1711460	29901059	0.9562	chip2
1730131	30017045	1	chip1
1711394	30028246	1.1717	chip2
1736840	30039109	1.0475	chip1
1726868	30140356	1.3364	chip2
1750629	30154422	0.7601	chip2
1707425	30155847	0.6078	chip2
1697654	30162658	0.8873	chip1
1726418	30172860	0.9027	chip2
1693811	30228133	0.7183	chip2
1744478	30229998	1.7056	chip1
1678844	30241315	0.7549	chip2
1732612	30268152	1	chip2
1690333	30403780	1.6644	chip2
1721149	30416198	0.4153	chip2
1756871	30416800	0.7394	chip2
1675852	30539277	0.9182	chip2
1750708	30540707	1.928	chip1
1750814	30541028	1.7045	chip1
1673371	30563550	0.6326	chip1
1716943	30587907	0.774	chip2
1676967	30591570	1.8397	chip1
1680651	30625065	0.6044	chip1
1655343	30646887	0.9041	chip2
1687289	30666063	1.628	chip1
1735314	30688157	0.7542	chip2
1732936	30711529	0.8354	chip2
1653656	30742190	0.9155	chip2
1715523	30770687	1.6999	chip2
1660851	30770914	0.5802	chip2
1665875	30794915	0.5447	chip1
1665999	30795317	0.8861	chip1
1667247	30797067	0.7394	chip1
1667357	30797135	0.9019	chip1
1729536	30798272	1.8916	chip2
1652116	30798378	0.6999	chip2
1672773	30851189	1.4904	chip1
1673023	30871139	1	chip1
1673157	30872832	1	chip1
1684366	30897885	0.6601	chip2
1676583	30900242	0.7981	chip1
1739543	30908917	0.7744	chip2
1731028	30964328	1.7923	chip1
1703781	30968886	1.9989	chip2
1705821	30969545	0.871	chip2
1739583	30970694	1.067	chip2
1723228	30978640	0.9465	chip2
1661985	30993520	0.513	chip1
1663257	30993949	0.5388	chip1
1663533	30995048	1.093	chip1
1666831	31008104	1.1087	chip1
1758560	31017527	0.9403	chip2
1701931	31017589	1.437	chip2
1644562	31041457	0.9154	chip2
1658100	31064899	0.4964	chip2
1743921	31067090	0.8128	chip2
1758682	31067497	0.9399	chip2
1693271	31077952	0.7559	chip1
1700409	31168573	0.6972	chip1
1702216	31182839	0.8035	chip1
1702322	31183770	0.9897	chip1
1740700	31206454	0.6865	chip1
1747744	31272061	0.7812	chip1
1751618	31309506	1.2949	chip1
1651870	31310858	1.9882	chip2
1753234	31313721	1	chip1
1680947	31338999	1.0432	chip1
1731649	31413531	1.8592	chip2
1676327	31449476	1.0317	chip1
1679717	31454449	0.6581	chip1
1710640	31462117	0.5749	chip2
1673520	31463252	1.6768	chip2
1688932	31463472	0.9271	chip2
1690763	31503652	0.6573	chip2
1740499	32062557	1.1975	chip2
1711453	32115735	1.0883	chip1
1711553	32115831	0.8594	chip1
1696858	32120085	1	chip2
1714976	32131330	0.7621	chip1
1687375	32203435	1.4091	chip1
1665902	32302701	1.3413	chip2
1669165	32302744	1.2941	chip2
1735570	32312094	0.8044	chip2
1674911	32323630	1	chip2
1708510	32324262	0.8859	chip2
1690968	32518846	1.3516	chip2
1671918	32518877	1.1864	chip2
1716045	32534523	1.1925	chip2
1746390	32565666	1.2333	chip2
1739288	32569855	1	chip1
1678758	32624529	0.639	chip2
1744022	32625062	0.5284	chip1
1744214	32626940	0.6105	chip1
1754001	32651463	0.7654	chip2
1709489	32663038	1.1622	chip2
1747906	32663451	0.6645	chip1
1736638	32917163	0.9588	chip1
1705605	32963644	1.0773	chip2
1672495	33054938	1.2598	chip1
1682922	33100448	1.6074	chip2
1676377	33106536	1.3506	chip1
1723579	33137798	1	chip1
1730878	33170413	2.3115	chip1
1666556	33216095	0.6415	chip2
1740071	33229868	2.362	chip2
1757409	33244656	1.1799	chip2
1681450	33248878	0.7021	chip2
1684071	33297438	1	chip1
1684171	33297642	0.5768	chip1
1684315	33298139	1	chip1
1648358	34175722	1.3634	chip2
1744267	34176036	1.1485	chip2
1724991	34404031	0.8776	chip1
1682916	34693022	1.0964	chip2
1721938	34706820	0.8023	chip2
1655959	34707143	1.5425	chip2
1685066	34715169	0.7946	chip2
1671474	34805514	2.3227	chip2
1720794	35097385	1.204	chip1
1738376	35229995	0.782	chip1
1732134	35511772	1	chip1
1653800	35542587	1	chip2
1731414	35990905	1.2995	chip1
1731522	35991224	0.567	chip1
1714515	36073767	1.9748	chip2
1669518	36086677	1.8455	chip1
1669618	36086722	0.9112	chip1
1670923	36087770	1.6219	chip1
1671019	36088662	1.462	chip1
1726648	36091265	0.898	chip2
1681436	36095188	0.5736	chip2
1648158	36095487	1.1504	chip2
1706273	36137973	0.9909	chip2
1722101	36144689	1.3606	chip1
1699129	36149026	0.7057	chip2
1758919	36157773	1.9075	chip2
1645294	36157928	0.8611	chip2
1643103	36159003	1.2597	chip2
1644216	36181982	1	chip2
1693987	36182069	1.6789	chip2
1736199	36182300	1.2263	chip2
1645794	36205780	1.1093	chip2
1735532	36210528	0.9843	chip2
1741973	36257986	1.154	chip2
1739635	36259480	0.7326	chip2
1706753	36259516	0.9562	chip2
1661597	36264327	0.9841	chip1
1716895	36304787	1.799	chip2
1696594	36330142	1.5536	chip2
1710980	36330194	1.0673	chip2
1645275	36357068	0.7725	chip1
1652160	36364446	1.288	chip2
1756403	36376323	1.4431	chip2
1758545	36376768	1.3412	chip2
1753681	36376943	1.9085	chip2
1720281	36391251	1.1588	chip2
1671611	36393255	0.6807	chip1
1676793	36403883	0.9622	chip1
1676907	36403969	1.0081	chip1
1677025	36404115	2.3536	chip1
1677127	36404138	0.729	chip1
1678953	36406898	1	chip1
1680393	36407768	1.006	chip1
1680507	36408189	1.4188	chip1
1680653	36408289	1.0266	chip1
1694571	36410913	1.2701	chip2
1686396	36411903	1.2871	chip2
1726305	36418407	0.8086	chip1
1726499	36419679	1.444	chip1
1728506	36428785	1.5213	chip1
1663046	36439324	0.7086	chip2
1750129	36440451	1.3765	chip2
1700227	36446323	1.7378	chip2
1662227	36547570	1	chip1
1709147	36576801	1	chip2
1737910	36662596	1.0051	chip2
1710259	36695515	0.9821	chip2
1694463	36724157	1.4845	chip2
1746885	36741043	0.4593	chip2
1663177	36757185	0.7013	chip1
1668319	36786623	1.4911	chip1
1668557	36787562	1.4938	chip1
1701579	36815436	1.1617	chip2
1704706	36851709	1.813	chip1
1704508	36852260	1.0468	chip1
1704368	36852348	0.7259	chip1
1701096	36862543	0.724	chip1
1701002	36864436	1.5364	chip1
1700904	36864507	0.4564	chip1
1700802	36864604	0.6264	chip1
1683002	36892433	1.6688	chip2
1648922	36893129	1.0229	chip2
1754640	36902470	1.1443	chip2
1753440	36959553	1	chip1
1753310	36959665	1	chip1
1753174	36960112	1	chip1
1710736	36964372	1	chip2
1713553	37926265	0.7355	chip1
1702629	38035609	1	chip2
1658657	38217430	1.4265	chip1
1672638	38399053	1	chip2
1751656	38718247	1.2663	chip1
1755095	38748600	1	chip1
1746751	39007602	1.0793	chip2
1757956	39115918	1.0231	chip2
1707267	39171292	0.6077	chip2
1711800	39224665	1.4198	chip2
1713274	39305365	1	chip1
1642975	39462291	1	chip2
1729944	39463877	1.1568	chip2
1684517	39876004	1	chip1
1696429	40108332	1	chip1
1696623	40108916	1	chip1
1674823	40203620	1.1829	chip2
1715316	40523389	1.9157	chip1
1673024	41065198	1	chip2
1706257	41085215	1	chip2
1658840	41089766	1	chip2
1671704	41090087	1	chip2
1689271	41118038	1	chip1
1689405	41118377	1	chip1
1664764	41128323	1	chip2
1715435	41128868	1	chip2
1694345	41128907	1	chip2
1713738	41129031	1	chip2
1732165	41157478	1	chip2
1675481	41158754	1	chip2
1741892	41166142	1	chip1
1735770	41306766	1	chip1
1735976	41307507	1	chip1
1741100	41325573	1	chip1
1730200	41388634	1	chip2
1709519	41388781	1	chip2
1735242	41391205	1	chip2
1715381	41391544	1	chip2
1655555	41406176	1	chip2
1698781	41412603	1	chip2
1696725	41412669	1	chip1
1732478	41419081	0.9597	chip2
1665942	41419230	1	chip2
1657710	41420045	1	chip2
1675427	41472797	1	chip2
1655227	41473244	1	chip2
1668891	41475485	1	chip2
1756935	41491195	1	chip2
1687221	41520916	1	chip1
1712011	41539399	1	chip2
1697828	41550514	1	chip1
1697938	41550614	1	chip1
1736709	41562424	1	chip2
1690575	41563664	1	chip2
1752147	41578112	1	chip2
1661984	41619742	1	chip2
1744776	41644356	1	chip1
1657435	41704075	1	chip2
1751828	41720606	1	chip1
1752254	41724181	1	chip1
1724489	42147815	1.2138	chip1
1712697	42155230	1.2417	chip2
1728204	42164086	0.8912	chip1
1671088	42233432	1.7542	chip2
1703045	42342260	2.0548	chip2
1740111	42345644	1	chip2
1704004	42389001	0.8499	chip1
1704136	42389020	1.1047	chip1
1749832	42418348	1.7521	chip1
1668166	42450677	1.151	chip2
1684178	42457412	0.6271	chip2
1647184	42521055	0.9951	chip2
1710918	42521125	0.9584	chip2
1744881	42619379	1.3202	chip2
1688753	42692948	1.0994	chip1
1671738	42697128	0.8742	chip2
1730518	42709492	0.7724	chip1
1732571	42719806	1.0471	chip1
1740968	42799867	0.5724	chip1
1668295	42858538	0.4154	chip1
1668427	42859869	0.5018	chip1
1668938	42873192	1	chip1
1730261	43110809	0.8555	chip1
1733779	43167123	1.0805	chip1
1752921	43227928	1.8867	chip2
1715461	43235747	1.095	chip2
1682894	43244839	1.1813	chip2
1716610	43303411	2.0354	chip1
1666840	43340413	1.3536	chip2
1751910	43475766	1	chip1
1752140	43477124	1	chip1
1753412	43477269	1.472	chip1
1717443	43505860	0.5787	chip2
1713606	43601702	0.7163	chip2
1695060	43606390	0.7131	chip1
1695350	43607501	1	chip1
1719097	43615365	1.0476	chip2
1726898	43615441	0.7452	chip2
1673462	43615673	0.9456	chip2
1740730	43658557	2.2265	chip1
1742278	43666934	0.94	chip1
1743772	43671233	1.2753	chip1
1657021	43677603	1	chip2
1749160	43692572	1.1419	chip1
1749354	43692924	1	chip1
1755042	43718786	1.0747	chip2
1678949	43727572	1	chip1
1658114	43753351	0.7475	chip2
1651504	43766499	0.4928	chip2
1669342	43965878	0.8046	chip1
1659505	44303217	0.9719	chip1
1724509	44553242	0.6418	chip1
1724703	44563075	0.6511	chip1
1705175	44724301	0.7486	chip2
1683671	44932838	0.8794	chip1
1656489	44953295	1.3118	chip2
1694462	45043525	1.655	chip1
1722156	45093545	0.8841	chip2
1674003	45315481	1.0423	chip1
1682715	45345729	0.573	chip1
1673319	45531843	1.3886	chip1
1699377	45629290	1.1919	chip2
1742819	45630291	0.4907	chip2
1718017	45647724	0.8694	chip2
1648718	45713446	1.5922	chip2
1714053	45817955	1	chip1
1717926	45828852	1	chip1
1737011	45953174	0.6314	chip2
1729422	45953278	0.7733	chip2
1687249	46061156	1	chip1
1687361	46061819	0.6335	chip1
1744474	46196038	1.1353	chip1
1672873	46279464	0.959	chip1
1674636	46295421	0.6438	chip1
1727440	46406850	1.3305	chip1
1643409	46428530	1.0225	chip2
1730347	46430037	1.368	chip1
1735644	46491637	1.0627	chip1
1735776	46494029	2.0534	chip1
1735518	46574446	1.2775	chip2
1665752	46623926	1.0737	chip2
1715757	46654293	1.778	chip2
1694735	46703563	1	chip2
1648938	46849574	0.866	chip2
1723626	46849645	1.3456	chip2
1642583	46849808	1.5336	chip2
1664107	46888811	0.777	chip1
1665925	46909101	1	chip1
1667351	46910821	0.9057	chip1
1744661	46943249	1.2183	chip2
1665058	46943732	0.7263	chip2
1714900	47033915	1.5668	chip1
1720500	47066649	0.9257	chip1
1720626	47066725	1.4843	chip1
1722193	47068204	0.948	chip1
1689534	47069220	1.4646	chip2
1714539	47069272	1.516	chip2
1644315	47073273	0.7388	chip1
1644547	47073759	1.2527	chip1
1653019	47090041	1.6444	chip1
1649178	47096140	1.0649	chip2
1752447	47097141	0.8042	chip2
1710778	47097172	0.7049	chip2
1674546	47115727	0.8205	chip1
1674652	47116932	1	chip1
1641845	47146174	1.061	chip2
1644102	47167537	0.9875	chip2
1721826	47171471	0.9167	chip2
1747281	47180432	1.6958	chip2
1743513	47189683	1.1636	chip2
1737664	47210983	0.7666	chip1
1739038	47211727	0.884	chip1
1701281	47212755	1.4677	chip2
1668229	47241051	0.5754	chip1
1671873	47260598	0.8981	chip1
1672069	47260695	1.0476	chip1
1678737	47294128	1.2554	chip1
1662560	47366427	1.1592	chip2
1670129	47366768	0.6933	chip2
1706269	47382241	1.7857	chip2
1662603	47387766	0.6646	chip1
1677380	47396100	0.6922	chip2
1737049	47402561	2.221	chip2
1716542	47441595	1.5007	chip1
1718307	47454461	0.765	chip2
1722499	47470403	2.5082	chip1
1755260	47491588	0.9495	chip2
1705121	47528183	1.0823	chip2
1756527	47529075	1.0413	chip2
1648136	47559455	1.6693	chip2
1711626	47561329	1.0974	chip2
1744955	47607396	1	chip2
1708567	47610487	0.6623	chip1
1712110	47637833	1.2858	chip1
1758512	47640433	2.1267	chip2
1649312	47654020	0.5534	chip2
1742195	47654808	0.8814	chip2
1652916	47655029	1	chip2
1726254	47659318	1.5911	chip2
1754394	47659558	1.5167	chip2
1719362	47664700	1.1233	chip1
1719562	47665244	0.8149	chip1
1742119	47683456	1.3945	chip2
1697264	47709557	2.1	chip2
1713578	47714643	1.585	chip2
1699157	47730596	1.2442	chip2
1652211	47732156	1.2973	chip1
1657154	47748376	0.7379	chip1
1657326	47750538	1.0293	chip1
1699440	47799404	1.2387	chip1
1699584	47799430	0.5527	chip1
1699694	47799514	1.0984	chip1
1702662	47805685	1.1132	chip1
1728511	47810325	0.7346	chip2
1697605	47849612	1.4133	chip2
1711501	47874978	1.2361	chip1
1711599	47875159	1.7483	chip1
1688140	47885212	1.027	chip2
1665328	47885327	1.4824	chip2
1724881	47885747	1.1913	chip1
1726461	47887343	1	chip1
1714545	47896444	0.7119	chip2
1649456	47932943	1.2501	chip2
1705105	47934054	1.1021	chip2
1648976	47934217	0.8752	chip2
1656813	47934288	1.3948	chip2
1749715	47935088	0.9454	chip2
1736992	47936735	1.3282	chip1
1664387	47949167	1.195	chip1
1672500	47975717	0.6963	chip2
1660165	47980428	0.6051	chip2
1720547	47983524	1	chip2
1660871	47983984	1.6098	chip2
1725591	48017537	1.3384	chip1
1647650	48021562	0.7724	chip2
1730714	48035265	0.8536	chip1
1661919	48074916	0.9766	chip1
1678320	48076070	1	chip2
1666845	48084450	0.8514	chip1
1708808	48102272	0.6204	chip1
1714405	48117652	1.05	chip1
1717556	48121473	0.7689	chip1
1725227	48155324	1.5962	chip1
1725359	48155819	1	chip1
1737237	48161244	0.955	chip2
1643718	48168557	1.2176	chip2
1719213	48169092	1.1806	chip2
1659645	48189149	1.4646	chip1
1660944	48190082	1	chip1
1661072	48190536	1.8115	chip1
1701376	48205748	1.7106	chip1
1706530	48225948	1.2524	chip1
1710072	48243428	1.2011	chip1
1710194	48243948	2.2368	chip1
1710514	48250170	1	chip1
1713927	48260042	1	chip1
1715680	48362233	1.7756	chip1
1715850	48362648	1.1228	chip1
1715962	48362677	0.8719	chip1
1716070	48362755	1.0766	chip1
1643200	48387270	0.8223	chip1
1723184	48416422	1.5213	chip2
1751655	48416713	0.7524	chip2
1648987	48427911	1.429	chip1
1649161	48428506	0.9298	chip1
1694052	48453741	0.5755	chip1
1739141	48457680	0.734	chip2
1649894	48457920	1.1507	chip2
1697393	48462356	1	chip1
1704425	48468998	1	chip2
1699706	48470911	0.6275	chip1
1699810	48471320	1	chip1
1711364	48473172	0.9774	chip2
1747153	48497919	1.1864	chip2
1663238	48498517	0.9891	chip2
1694497	48536878	0.6851	chip2
1664090	48539891	0.6738	chip2
1719971	48552584	1.2242	chip2
1739701	48558837	1.332	chip2
1646617	48573909	0.8521	chip1
1648397	48580522	0.9389	chip1
1757818	48608764	1.564	chip2
1664802	48626625	1.4384	chip2
1710273	48722205	0.7067	chip2
1659770	48730410	1.3209	chip2
1656472	48732019	0.6483	chip1
1659665	48746578	1.0651	chip1
1659773	48746606	1	chip1
1732780	48824655	1.0381	chip2
1723083	48859319	0.8968	chip1
1715883	48882749	0.8092	chip2
1652776	48883840	1.6844	chip2
1655622	48909767	1.5632	chip1
1655756	48909861	0.4837	chip1
1657018	48910399	1.3334	chip1
1657458	48915868	1	chip1
1741985	48933977	0.6061	chip2
1702438	49004170	0.8066	chip1
1702580	49004409	0.6267	chip1
1721203	49006526	1.7028	chip2
1649536	49031055	0.932	chip2
1675802	49047083	0.7985	chip2
1750091	49048233	0.4626	chip2
1753933	49048733	1	chip2
1753653	49089762	1.5221	chip2
1677844	49089844	0.8158	chip2
1657788	49090065	1.3768	chip2
1757923	49128109	0.6997	chip2
1646101	49129716	0.748	chip1
1646227	49129918	0.8567	chip1
1651139	49171954	1	chip1
1696521	49234587	0.6763	chip1
1667440	49253052	0.6497	chip2
1698991	49278846	0.608	chip2
1736395	49328658	1.1745	chip2
1753926	49366410	1.5508	chip1
1755911	49390971	1.9064	chip1
1647702	49402318	0.8905	chip2
1739059	49427482	1.1227	chip2
1681656	49430816	0.6034	chip2
1650078	49440832	0.6011	chip2
1668989	49440942	0.8379	chip2
1723920	49470618	1.4195	chip2
1693932	49471762	1.3932	chip1
1699530	49491360	1	chip1
1728807	49511543	1	chip2
1722709	49582464	0.5974	chip1
1722931	49582757	1	chip1
1723041	49582892	0.8684	chip1
1749391	49583384	0.9079	chip2
1680562	49584853	1	chip2
1734520	49585177	1.0096	chip2
1742327	49585468	0.6192	chip2
1728338	49599985	1.0535	chip1
1655646	49633272	1.7856	chip1
1718837	49668269	0.8202	chip2
1666003	49670947	1.2173	chip1
1729091	49672556	0.7453	chip2
1679070	49734684	0.7565	chip2
1718432	49781222	0.9135	chip1
1718600	49781582	1.186	chip1
1702491	49811546	1.3757	chip2
1670938	49879620	0.8274	chip2
1755696	49905876	0.7963	chip2
1654792	49921273	1.2961	chip1
1656330	49922818	1.0532	chip1
1699956	49961987	0.5933	chip1
1725434	49999557	0.9177	chip2
1708844	50005980	1.3563	chip1
1652270	50007384	1.3093	chip2
1755823	50034111	1.5145	chip1
1755929	50034470	0.7955	chip1
1692664	50043228	0.6356	chip2
1732466	50052312	0.8708	chip2
1727303	50052572	0.9229	chip2
1642647	50089530	1.1807	chip2
1697516	50103405	0.8666	chip1
1699258	50109373	1.147	chip1
1699430	50109419	0.7042	chip1
1699632	50109556	1.9921	chip1
1706083	50112891	0.8816	chip2
1737311	50123509	0.7683	chip2
1742576	50131118	1	chip1
1742698	50131304	1.8197	chip1
1657984	50200349	1.1296	chip2
1682969	50218320	0.7612	chip1
1690028	50235076	1.3188	chip1
1648302	50236682	1.2781	chip2
1682962	50236763	1	chip2
1690771	50237163	1.2231	chip2
1677070	50237599	1	chip2
1710247	50273901	0.7048	chip2
1757867	50304038	1.5719	chip2
1654424	50319056	1.6517	chip1
1658043	50325684	0.4594	chip1
1659467	50326693	0.8716	chip1
1659639	50327246	1.2465	chip1
1751615	50329379	0.7391	chip2
1646832	50330822	0.6349	chip2
1717440	50431798	1.3691	chip1
1757366	50462431	0.7134	chip1
1757496	50462918	1.4207	chip1
1684018	50495426	1.2796	chip2
1731245	50496000	0.576	chip2
1652223	50521322	0.6464	chip1
1652333	50521650	1.3898	chip1
1693684	50532566	0.5092	chip1
1697195	50544682	1.0583	chip1
1702834	50556929	1.1861	chip1
1644432	50566712	0.9503	chip2
1681916	50567052	1.9557	chip2
1709832	50574958	2.3739	chip1
1737507	50585721	1.4168	chip2
1753040	50592958	0.9242	chip1
1753340	50594139	2.0809	chip1
1753458	50594239	1.1758	chip1
1644259	50615471	1	chip1
1723926	50618206	1.7494	chip2
1655715	50618719	0.5843	chip2
1656431	50660240	1.0615	chip2
1748187	50661600	0.8072	chip2
1696537	50664576	0.8513	chip1
1700210	50688570	1	chip1
1690151	50774714	1.8685	chip2
1756299	50787781	0.6313	chip1
1687387	50868573	0.9935	chip1
1687479	50868820	0.9676	chip1
1694935	50869531	2.2808	chip2
1745346	50881678	0.6393	chip2
1692513	50912628	0.6375	chip1
1736526	50944412	1.1229	chip1
1676361	51049771	1	chip1
1754292	51051401	1.2788	chip2
1735697	51051927	1	chip2
1675467	51052413	1	chip2
1749343	51053062	1	chip2
1654057	51066592	1.5522	chip2
1671038	51066909	1.0998	chip2
1679787	51067886	1.5321	chip1
1684617	51089023	0.9631	chip1
1684755	51089175	0.7671	chip1
1684929	51089583	1.967	chip1
1685071	51090120	0.8978	chip1
1704296	51121253	2.0315	chip1
1704488	51122255	1.1668	chip1
1693343	51124602	1.5416	chip2
1711891	51154776	1	chip1
1712008	51155184	1	chip1
1756345	51164164	1.3476	chip2
1756980	51182562	1.1899	chip1
1747803	51195832	1.0781	chip2
1646511	51209140	1.6344	chip1
1690842	51210645	1.9397	chip2
1648469	51240116	1.6252	chip1
1685674	51292515	1	chip2
1698594	51318831	0.9248	chip1
1698772	51319222	1.5076	chip1
1698874	51319462	1.1589	chip1
1698984	51319556	1.0859	chip1
1657940	51403088	0.9685	chip2
1749410	51422765	0.5662	chip1
1751122	51430466	0.9513	chip1
1731353	51454698	0.6025	chip2
1756716	51455128	0.8044	chip1
1673468	51466103	1.1335	chip2
1646145	51468013	1.2466	chip1
1684043	51469847	0.5508	chip1
1684197	51470724	1.5301	chip1
1684405	51470916	1.1992	chip1
1685953	51472491	1.1413	chip1
1686059	51473353	1	chip1
1686171	51473536	1.5698	chip1
1758446	51479991	1.7481	chip2
1702683	51480301	1.3967	chip2
1753747	51501862	1.9964	chip2
1694882	51508333	0.8543	chip1
1696689	51512068	0.7009	chip1
1709309	51515705	0.8497	chip2
1691640	51523461	1.1036	chip2
1740194	51532820	1.1433	chip1
1745675	51552706	1	chip1
1744263	51569167	0.8689	chip2
1734998	51570809	1.0412	chip2
1665008	51576678	0.7281	chip2
1688993	51646611	1.3911	chip1
1692413	51659055	0.9255	chip1
1655977	51689731	0.5564	chip2
1742660	51725516	1	chip1
1670730	51763082	1	chip2
1663708	51804675	1.3433	chip2
1711682	51839988	1.6814	chip2
1733525	51903007	1	chip1
1737128	51914296	0.6286	chip1
1738988	51923826	1.563	chip1
1641995	51932026	2.233	chip2
1698497	51933919	1.5147	chip2
1715749	51967444	1	chip2
1694504	52050400	1	chip1
1698376	52059854	0.5683	chip1
1698500	52060037	0.503	chip1
1748768	52099010	1	chip1
1748940	52099116	0.986	chip1
1752699	52113556	0.5394	chip2
1692037	52147750	1.4444	chip1
1701921	52197554	0.5798	chip2
1749804	52218447	1.4563	chip1
1655469	52254944	0.7024	chip2
1684151	52281337	0.722	chip1
1684535	52287299	0.7992	chip1
1675211	52301193	0.7231	chip2
1666119	52424031	1.0259	chip1
1757968	52483547	1.5132	chip2
1647458	52489524	2.3182	chip2
1678183	52519635	1.2275	chip1
1678405	52520226	0.9179	chip1
1695253	52536345	0.6063	chip2
1695591	52537316	1.5284	chip2
1655301	52572722	2.0831	chip2
1663495	52703200	0.8835	chip1
1755216	52714004	0.8533	chip2
1689880	52781864	1.1583	chip1
1705421	52855063	0.8294	chip2
1660199	52861620	0.8063	chip2
1756398	52909731	1.1421	chip1
1695731	52910998	1	chip2
1678873	52914447	1	chip1
1674707	53083762	1.0948	chip2
1729692	53128805	0.7095	chip2
1686615	53148943	1	chip1
1724875	53149218	1.2656	chip1
1663011	53194185	1	chip1
1664791	53201876	1.2656	chip1
1666125	53202255	0.8676	chip1
1725810	53211049	1	chip2
1741157	53266996	1.3347	chip2
1668606	53267127	0.693	chip2
1735068	53267969	1.2484	chip2
1727840	53360955	1	chip1
1727932	53360991	1	chip1
1728080	53367550	1.333	chip1
1752035	53546007	1.8666	chip2
1710927	53562730	0.5192	chip1
1704909	53669702	0.839	chip2
1647303	53788447	0.9012	chip1
1663812	53836943	0.7608	chip2
1643077	53839256	1.3736	chip2
1690837	53845988	1	chip1
1725284	53906138	1	chip2
1746832	54041453	1.0269	chip1
1750282	54053826	0.7245	chip1
1681335	54119017	1	chip1
1663538	54157140	0.7575	chip2
1692222	54157457	1	chip2
1716713	54157692	1.6388	chip2
1691829	54202944	0.5087	chip1
1740610	54624210	1.7563	chip1
1744159	54792947	1.6768	chip2
1680807	54857610	0.8271	chip1
1686264	54881493	1	chip2
1729853	54930812	2.241	chip1
1665731	55055019	1	chip1
1672989	55102202	1	chip1
1673125	55102321	1.0728	chip1
1668378	55171539	1.5541	chip2
1749671	55172479	1	chip2
1678355	55177136	0.7947	chip1
1653176	55207996	1.8488	chip2
1700666	55243974	1.6233	chip2
1727281	55270795	1	chip1
1730696	55289777	1.283	chip1
1665339	55387230	0.4693	chip1
1687894	55495402	0.6357	chip2
1746865	55495735	0.7623	chip2
1645978	55501691	1.0207	chip2
1754232	55522267	0.9472	chip2
1665738	55523104	1.0957	chip2
1674736	55680650	1.4607	chip1
1678485	55716056	1.0118	chip1
1679955	55764416	1.0503	chip1
1679514	55913993	1	chip2
1707055	55939707	1	chip2
1738127	55991245	2.2131	chip1
1661904	56433516	0.6882	chip2
1677323	56453122	1	chip1
1677805	56459655	2.1193	chip1
1677935	56460501	0.7299	chip1
1679435	56464067	0.713	chip1
1682911	56505015	1.3464	chip1
1722119	56523132	1	chip1
1700287	56600056	1.1335	chip2
1737208	56630068	1	chip1
1737330	56630269	1.1664	chip1
1717475	56635816	0.6933	chip2
1744815	56637995	1.6284	chip2
1719008	56798830	0.7096	chip1
1708615	56999347	0.7772	chip2
1710757	57020199	0.5571	chip1
1710875	57020523	1	chip1
1711007	57020540	1.2282	chip1
1711185	57020676	0.8209	chip1
1744349	57029085	1.7145	chip2
1714576	57033739	1.1979	chip1
1682738	57048050	1.0915	chip2
1677910	57048700	1.3745	chip2
1643924	57049420	1.9226	chip2
1708098	57083246	0.7187	chip2
1755416	57159092	0.6657	chip2
1713209	57230707	0.8471	chip2
1745869	57232732	0.6549	chip1
1746223	57237913	2.6099	chip1
1648208	57269697	0.727	chip2
1677177	57323782	1.0689	chip1
1758346	57379173	1	chip2
1680779	57400077	1.6626	chip1
1682611	57432634	0.7636	chip1
1683057	57463823	1	chip1
1683472	57532286	0.7031	chip2
1726729	57580234	1.1486	chip1
1738581	57767783	1.5123	chip2
1680331	57783857	1	chip1
1660252	58018093	1	chip1
1662083	58047700	0.6596	chip1
1747847	58154920	0.8866	chip2
1677494	58282086	0.6026	chip2
1669681	58356458	1.3178	chip2
1704216	58431706	1	chip1
1704314	58431756	1	chip1
1696900	58441292	2.0961	chip2
1711485	58507111	1.157	chip1
1717004	58558080	1	chip1
1735572	58614495	2.6976	chip2
1682954	58623570	0.9399	chip2
1644801	58642205	1	chip1
1755660	58656201	1.0349	chip2
1702021	58672929	1.3751	chip2
1648429	58680003	1	chip1
1650123	58695046	0.8019	chip1
1669440	58780430	0.7649	chip1
1751093	58795195	1.3755	chip2
1698565	59136652	0.9379	chip2
1643627	59307844	1.0923	chip2
1660514	59478730	1	chip1
1714176	59511039	0.9328	chip2
1695567	59511744	1.5388	chip2
1704681	59512051	1.2022	chip2
1724474	59512355	0.7114	chip2
1652427	59640322	1	chip1
1729566	59660493	1.0692	chip2
1752365	59677087	1	chip2
1731118	59925471	1.0149	chip1
1689217	59971771	1.8133	chip1
1643138	60369629	1	chip1
1699730	60490183	1	chip1
1699622	60490395	1	chip1
1695888	60531720	0.6908	chip1
1711253	60614155	1	chip1
1711129	60614811	1	chip1
1705664	60635492	0.6544	chip1
1710225	60637780	2.027	chip2
1668969	60710260	0.718	chip2
1710108	60806627	0.5691	chip1
1664522	60828059	1.1984	chip2
1688787	60844112	1.1666	chip1
1700515	61121279	1	chip1
1700399	61121381	1.1761	chip1
1646567	61202528	1.1955	chip1
1646437	61202553	0.9515	chip1
1644223	61207158	0.7017	chip1
1755259	61240351	1.2786	chip1
1749854	61299577	1.6664	chip1
1749722	61300838	0.7991	chip1
1747732	61317159	1.6325	chip1
1643768	61334433	1.1459	chip2
1707805	61344827	0.897	chip1
1707698	61344845	1.3701	chip1
1707594	61345212	1.9938	chip1
1702272	61374418	0.8687	chip1
1696891	61389020	0.4324	chip1
1696759	61389139	1.1109	chip1
1733214	61391136	0.5341	chip2
1690721	61394350	0.6488	chip2
1690733	61411403	1.2272	chip2
1650327	61412088	0.8305	chip1
1650157	61412579	1.1757	chip1
1642962	61431608	1.8682	chip1
1713341	61449680	1.4151	chip1
1713220	61450203	0.7827	chip1
1653917	61494122	1.7161	chip1
1672308	61578821	1.3506	chip2
1751161	61650712	0.8537	chip2
1642787	61670208	1.2569	chip2
1681608	61685021	0.9694	chip2
1662054	61700898	0.881	chip2
1674873	61745828	1.2453	chip2
1755420	61798509	1.0753	chip2
1751854	61827442	0.7651	chip1
1751714	61828086	0.6962	chip1
1751458	61829278	1	chip1
1713964	61872998	0.8022	chip2
1754347	61961349	0.7914	chip1
1754026	61965255	1.4727	chip1
1753844	61965362	1.4793	chip1
1752568	61965600	1.0237	chip1
1671572	61980381	1.5354	chip2
1702837	61982277	1.1836	chip2
1667012	62034036	1.7585	chip2
1707283	62047928	1.4271	chip2
1718392	62106521	2.3618	chip1
1717040	62106691	0.8186	chip1
1716922	62106842	1.3994	chip1
1709858	62133625	1.0445	chip1
1709714	62133841	1.2494	chip1
1709622	62134339	1.3365	chip1
1706815	62158093	0.6785	chip2
1711674	62176152	0.9727	chip2
1653775	62287922	0.723	chip1
1746198	62353118	1.0371	chip2
1745314	62360076	0.9392	chip2
1715756	62369473	1.239	chip1
1670402	62429465	1.1787	chip1
1732558	62512481	0.8154	chip2
1670948	62512579	1.2814	chip2
1723851	62642338	0.8915	chip1
1723737	62642504	1.9129	chip1
1682228	62852605	0.9636	chip2
1695264	62958431	1.3179	chip1
1745304	62984751	0.9609	chip2
1677296	62985156	0.6212	chip2
1653191	63038023	0.8312	chip1
1657818	63312421	0.7535	chip2
1740150	63663731	1	chip1
1677898	63666271	0.9429	chip2
1729634	63694336	0.8254	chip2
1701064	63832456	1.1625	chip1
1754877	63989613	1.5342	chip1
1754991	63990228	0.9826	chip1
1647735	64051030	1.1152	chip1
1647855	64051442	0.6993	chip1
1698082	64149529	1.4833	chip1
1698404	64150003	0.9671	chip1
1692776	64213939	1.1613	chip2
1651042	64265181	1	chip2
1702961	64266330	1.1631	chip2
1705763	64283896	0.761	chip2
1673558	64343315	0.5741	chip2
1734432	64346267	1	chip2
1691885	64358322	1	chip1
1694088	64377061	1.0236	chip1
1695522	64377178	0.5124	chip1
1696075	64386865	1	chip1
1738067	64412961	1.7556	chip1
1738179	64413279	1	chip1
1741242	64437518	0.8071	chip1
1738202	64445396	1	chip2
1677799	64531923	1	chip1
1682905	64552655	0.9575	chip1
1756539	64600537	1.037	chip2
1672810	64624830	1	chip2
1753133	64624957	1	chip2
1753499	64644947	0.4359	chip2
1697284	64661568	1.4591	chip2
1664301	64714126	2.0239	chip1
1666433	64731363	0.6231	chip1
1666599	64731692	1.1162	chip1
1667847	64731878	1	chip1
1667987	64732049	1.5752	chip1
1668121	64732118	0.9653	chip1
1668419	64732454	1.0356	chip1
1694836	64814036	1	chip1
1696515	64820634	1.4176	chip1
1696875	64826643	2.1241	chip1
1698292	64828157	1.5472	chip1
1700132	64832179	0.7193	chip1
1700228	64833093	0.9608	chip1
1665348	64914787	0.7063	chip2
1681876	64916545	0.8962	chip2
1670644	64993579	0.7829	chip2
1665974	64993909	1.5474	chip2
1673484	64993948	1.2939	chip2
1741036	65043983	1.2212	chip1
1744258	65056574	1.587	chip1
1751722	65081398	1	chip1
1680983	65144767	1	chip1
1646978	65148453	0.7951	chip2
1684641	65194861	1.6964	chip1
1727925	65225865	1.0298	chip2
1704951	65229689	1	chip2
1693404	65262284	1.3989	chip1
1737520	65314625	0.4706	chip1
1738946	65314774	0.6155	chip1
1694703	65321736	1.6675	chip2
1680710	65321997	1.712	chip2
1667792	65322249	1.7626	chip2
1743710	65352128	1.4054	chip1
1743814	65352438	0.686	chip1
1728345	65388241	1.285	chip2
1750679	65392975	1.8869	chip2
1755828	65393631	0.7608	chip2
1690191	65394494	1.5965	chip2
1716539	65394652	0.6425	chip2
1686372	65397858	1.9515	chip2
1750061	65402975	1.8245	chip2
1680641	65410097	1.2565	chip1
1682427	65417631	1.2447	chip1
1673606	65427210	1.884	chip2
1706535	65429811	0.6943	chip2
1714082	65435673	1.6855	chip2
1665655	65484267	1.3679	chip1
1667543	65489965	1.2541	chip1
1667667	65490477	1.4941	chip1
1669240	65500419	0.6687	chip1
1671463	65532376	1.4009	chip1
1672458	65537616	1.4277	chip2
1647420	65577710	1	chip2
1732400	65602210	0.3364	chip1
1732511	65602725	1.4264	chip1
1667560	65639854	1	chip2
1651212	65640495	1	chip2
1647356	65646355	1	chip2
1743929	65669435	0.6957	chip2
1683638	65669843	1.4336	chip2
1750765	65689360	0.9351	chip2
1694421	65706641	1.247	chip2
1660835	65710728	1.1774	chip2
1696967	65736687	0.6211	chip1
1697147	65736884	0.9001	chip1
1698926	65741304	0.9149	chip1
1738858	65747520	2.6018	chip1
1686212	65749265	0.566	chip2
1657439	65754141	0.8608	chip2
1752965	65762031	1.9162	chip2
1659528	65762135	0.8331	chip2
1730657	65787127	0.8937	chip2
1661238	65788911	0.7352	chip2
1674994	65791032	1.1216	chip1
1646982	65799800	1.9541	chip2
1742337	65799923	0.6967	chip2
1682071	65805629	1.5375	chip1
1682247	65806183	0.944	chip1
1682493	65806836	0.8092	chip1
1727625	65820915	1.2966	chip2
1644516	65837933	1.3618	chip2
1644706	65849559	1.02	chip2
1677841	65926590	1.1279	chip1
1679591	65932841	1	chip1
1657778	65942534	1.0801	chip2
1699319	65942588	0.5624	chip2
1746687	65942621	0.5155	chip2
1688096	65958781	1.101	chip2
1722333	65976412	0.9268	chip1
1723635	65976513	1.0539	chip1
1650578	65997283	0.7829	chip2
1730988	66005903	1.681	chip1
1714328	66052347	0.8665	chip2
1758984	66103561	0.775	chip2
1741221	66103923	1.1656	chip2
1713657	66108545	1.3418	chip1
1713849	66110309	1.188	chip1
1670844	66114858	0.5842	chip2
1681380	66151294	1.6081	chip2
1653619	66169419	1	chip1
1667449	66207154	1.6466	chip1
1667549	66207181	0.6458	chip1
1703521	66217618	1.7486	chip2
1691921	66220219	0.8513	chip1
1692448	66291628	1	chip2
1704294	66296221	1	chip1
1741051	66301946	1.4749	chip2
1746109	66311564	1.6408	chip1
1746305	66311723	0.5036	chip1
1746421	66311791	0.9187	chip1
1723610	66313271	0.5686	chip2
1689390	66313534	1	chip2
1751610	66336679	1.3057	chip1
1675525	66337079	0.7014	chip2
1654315	66337220	1.0561	chip2
1686542	66337237	0.8824	chip2
1669335	66337388	1	chip2
1705849	66337604	0.8877	chip2
1753560	66342354	0.9361	chip1
1753678	66342693	1.2388	chip1
1642848	66371889	1.3774	chip1
1642954	66372120	0.7748	chip1
1644407	66372284	0.9947	chip1
1666914	66390349	0.7564	chip2
1688249	66398039	0.7822	chip1
1695112	66429473	1	chip1
1695216	66429776	0.9123	chip1
1695360	66429892	1.0737	chip1
1693743	66441030	0.9281	chip2
1739202	66449189	1.3176	chip1
1739390	66450255	0.9044	chip1
1724538	66467656	0.583	chip2
1747976	66494639	1	chip1
1682189	66544068	0.6984	chip1
1686007	66554532	1.157	chip1
1686117	66554920	1.2641	chip1
1707353	66573542	0.509	chip2
1703003	66633015	1	chip2
1674456	66654402	0.9788	chip1
1743319	66656212	0.8343	chip2
1678696	66657008	1.5448	chip2
1734253	66735791	1.2126	chip1
1659789	66750402	1.5904	chip1
1661565	66756392	1.0388	chip1
1661783	66757330	0.7172	chip1
1663483	66763060	1	chip1
1663655	66763113	1	chip1
1663775	66763149	1	chip1
1670270	66785564	0.9595	chip1
1716102	66836296	0.9275	chip1
1717816	66843227	0.6298	chip1
1717934	66843328	0.8693	chip1
1712869	66848285	0.4982	chip2
1747239	66889868	2.0277	chip2
1730590	66891355	0.7148	chip1
1730680	66891394	0.8266	chip1
1742208	66891676	1.0023	chip1
1664286	66898019	1	chip2
1746763	66898383	1.0343	chip2
1757041	66898546	1.1886	chip2
1754858	66898936	0.3099	chip2
1745909	66907039	0.8261	chip1
1746185	66908159	1.0773	chip1
1726822	66940099	0.9383	chip2
1680957	66947258	1.3286	chip1
1681047	66947404	1.1215	chip1
1743113	66952872	0.8589	chip2
1752939	66992127	0.957	chip2
1705567	67001639	0.8533	chip2
1710922	67002468	1.2653	chip2
1752075	67002698	0.7097	chip2
1696992	67002774	1.8868	chip2
1708935	67023694	1.3966	chip2
1746988	67140144	1	chip1
1716437	67172662	1.3727	chip2
1651802	67172747	1	chip2
1686538	67178098	1.176	chip2
1708386	67178148	1.3137	chip2
1676559	67200704	1.0751	chip1
1682091	67243676	1.456	chip1
1685429	67269285	1	chip1
1688899	67295451	1.8572	chip1
1749109	67342903	1.0733	chip2
1749085	67343029	0.651	chip2
1735845	67343638	0.7271	chip2
1677394	67400128	1.4134	chip2
1748833	67408110	1.3282	chip2
1684140	67409605	1.2604	chip2
1659305	67570467	1	chip1
1667823	67642487	1.6082	chip1
1669940	67650988	1.1573	chip1
1734754	67676973	0.7433	chip2
1720460	67720267	0.7573	chip1
1722439	67732688	1.1176	chip1
1726057	67770257	0.6466	chip1
1702345	67801683	1.0201	chip2
1651499	67804357	0.6582	chip1
1696876	67816882	0.6445	chip2
1673370	67823321	1.5546	chip2
1745964	67843260	0.8629	chip2
1734200	67874385	0.9203	chip2
1685434	67926672	1.2498	chip2
1715059	67936240	1.7275	chip2
1751539	67936742	2.0547	chip2
1714497	67974440	0.6122	chip2
1693002	68095922	0.4774	chip2
1747748	68111519	0.735	chip1
1682641	68219669	0.6001	chip1
1683867	68220096	0.7804	chip1
1728034	68263039	1.6733	chip1
1735111	68314184	0.9687	chip1
1666129	68391155	1.1445	chip1
1725544	68436446	0.9813	chip2
1734842	68438051	1.1754	chip2
1723336	68473767	1.1697	chip2
1732355	68475515	1.4668	chip2
1693054	68475624	1	chip2
1736967	68475682	0.6502	chip2
1656067	68491882	0.9697	chip2
1702119	68497686	0.9273	chip2
1662934	68575821	0.6849	chip2
1732232	68576994	0.8932	chip1
1748071	68676887	1.3008	chip2
1669863	68676913	0.6551	chip2
1715796	68735562	1.509	chip1
1715900	68735613	0.7705	chip1
1646675	68758486	1.2382	chip1
1729770	68935600	1.3496	chip2
1752443	69011846	0.7982	chip2
1737751	69173224	0.8107	chip1
1673723	69240908	1.1375	chip1
1740291	69271555	1.8326	chip2
1659285	69391769	1.3685	chip1
1659101	69394186	1.2662	chip1
1733447	69416477	1	chip1
1756134	69490564	1.0364	chip2
1662629	69512021	1.1583	chip1
1707288	69951819	0.8172	chip1
1732660	70034819	0.9454	chip2
1741501	70034854	0.7795	chip2
1666062	70160557	0.714	chip2
1733414	70160715	0.978	chip2
1671996	70211428	1.9508	chip2
1701129	70276810	2.0373	chip2
1674114	70285770	0.8645	chip2
1754342	70313301	1.2927	chip2
1730987	70324574	2.023	chip2
1728452	70527397	1	chip1
1731544	70547388	1.3624	chip1
1731654	70549727	0.6631	chip1
1656243	70734460	1.224	chip2
1669488	70767942	0.9033	chip1
1669578	70768040	1.1578	chip1
1669680	70768498	0.6728	chip1
1722323	70880595	1.82	chip1
1722543	70881017	1.2003	chip1
1730719	70905054	1.2574	chip2
1726189	70916132	1.0672	chip1
1643268	71210275	0.276	chip1
1696624	71232751	1.2647	chip2
1683736	71232960	0.9669	chip2
1695520	71304620	1.3512	chip1
1749483	71453745	0.5551	chip2
1643013	71660673	0.8536	chip2
1687903	71682585	0.5124	chip1
1691459	71722647	0.7002	chip1
1691625	71722803	1	chip1
1692919	71723439	1.0195	chip1
1693003	71723464	0.8612	chip1
1645998	71723977	1	chip2
1693279	71725541	1	chip1
1723649	71859722	1	chip1
1664897	72085727	1	chip1
1665085	72086421	1.4026	chip1
1686032	72121089	0.6705	chip2
1706365	72151125	1.3033	chip2
1650249	72252586	1	chip1
1713640	72327280	0.6268	chip2
1652713	72497067	0.8253	chip1
1702936	72587259	0.9255	chip1
1703170	72587334	0.8535	chip1
1703484	72587665	0.9187	chip1
1748786	72663612	0.6044	chip1
1738409	72790118	1.4235	chip2
1703799	73084146	0.917	chip2
1663467	73107707	1	chip1
1715580	73182855	1	chip1
1719574	73246106	1.4715	chip1
1751240	73434152	1.1933	chip1
1753162	73473108	1.2462	chip1
1677354	73524449	1.5531	chip2
1745023	73915579	1.0566	chip2
1681980	74014050	0.9226	chip2
1755839	74075906	0.6371	chip1
1733216	74205146	1.1864	chip2
1671310	74409070	1.3475	chip2
1748055	74635209	0.7552	chip2
1652696	74635244	0.5017	chip2
1741767	74671746	1.2431	chip2
1656605	74687946	0.574	chip2
1651966	74843041	1.4271	chip2
1677874	75247558	1	chip2
1683281	75564609	1	chip1
1717593	75681212	0.8343	chip2
1671619	76224983	1	chip1
1671992	76399520	1.9483	chip2
1753675	76771146	1	chip2
1756387	76861200	0.8639	chip2
1743752	76937676	0.5706	chip1
1699035	78166561	1.1661	chip2
1755526	78181864	0.9285	chip2
