Probe_Set	Phy_position	CPA	chiptype
1699137	205160	1.4139	chip2
1670051	925718	0.9235	chip2
1741112	927372	1.4197	chip1
1675615	985385	1	chip1
1675817	985839	1.6084	chip1
1642177	1543577	1.2548	chip2
1707139	1844240	0.7864	chip2
1661709	1847559	1.0117	chip1
1676421	2681813	1.0525	chip1
1706415	2747264	0.622	chip2
1714070	2887015	1.0833	chip2
1659615	2903262	1.4581	chip1
1659719	2903318	1.5065	chip1
1659905	2903811	1	chip1
1702141	3165870	1	chip2
1755880	3166870	1.3526	chip2
1732380	3214858	0.9479	chip1
1734181	3222469	1	chip1
1742766	3256608	2.3082	chip1
1742860	3257037	1.1663	chip1
1666748	3331087	0.9618	chip2
1715677	3332054	0.9935	chip2
1684265	3365326	0.647	chip1
1714102	3395080	0.8713	chip2
1743637	3395248	1.5595	chip2
1673328	3560928	1	chip2
1724113	3580275	0.6101	chip1
1663485	3735293	1.4845	chip1
1712432	3796446	1.2335	chip1
1719488	3864938	2.4932	chip1
1662012	3997134	1.8884	chip2
1644025	4094852	1.3205	chip1
1665315	4138046	0.7398	chip1
1669036	4155013	1.7525	chip1
1727473	4160265	1	chip2
1719867	4223830	1	chip2
1660475	4488993	1	chip2
1743355	4489227	1.1162	chip2
1681120	4491506	1	chip2
1751177	4493193	1	chip2
1714994	4498616	0.7176	chip1
1700518	4858327	1.1704	chip2
1692028	4858366	1.453	chip2
1677676	4859254	0.7243	chip2
1647539	5263898	1.4371	chip1
1705635	5301884	0.8687	chip2
1758300	5305421	1.295	chip2
1656915	5305647	0.5849	chip2
1708489	5331541	1	chip1
1646799	5427620	1.2133	chip1
1647706	5435969	1.037	chip2
1693199	5486780	1	chip1
1713398	5488619	1.1772	chip2
1687704	5514273	1.3627	chip2
1758966	5577100	1.4655	chip2
1744063	5627504	1.0213	chip2
1679624	5628146	2.2751	chip2
1716233	5628376	0.8397	chip2
1690095	5688792	1.3909	chip2
1683951	5747582	0.8502	chip1
1684049	5747879	1.0272	chip1
1750945	5771031	1.1158	chip2
1696616	5771292	1.8072	chip2
1736602	5796152	1.1363	chip1
1747479	5810607	1.0865	chip2
1667263	5830572	1.0045	chip1
1667577	5834783	1.2923	chip1
1644504	5850764	1.1904	chip2
1713528	5851288	1	chip2
1650398	5867236	0.8198	chip2
1758816	5867583	1	chip2
1743981	5926666	0.8832	chip2
1711090	5926704	0.5814	chip2
1650708	5926936	1.3777	chip2
1656239	5927352	0.9804	chip2
1747401	5991144	1	chip2
1695123	6002554	0.5442	chip2
1718896	6003442	1.7627	chip1
1687828	6046869	1.3652	chip2
1654667	6050548	1.0908	chip2
1731385	6050692	1.3921	chip2
1651650	6051074	1.1184	chip2
1718685	6103801	1.0414	chip2
1753983	6104479	0.9706	chip2
1642132	6121016	0.9304	chip1
1642254	6121345	1.4621	chip1
1643546	6121808	0.6002	chip1
1643671	6121852	1.1923	chip1
1654394	6160217	0.7874	chip1
1666816	6162708	0.472	chip2
1656180	6165652	1	chip1
1718337	6167471	1	chip2
1709235	6181184	0.8379	chip2
1648842	6195417	2.1962	chip2
1696940	6214615	0.6401	chip2
1686085	6237506	1.3852	chip1
1725057	6243870	1.2753	chip1
1725167	6243977	0.7169	chip1
1725291	6244212	1.5266	chip1
1726623	6244357	2.2317	chip1
1735356	6254863	1	chip2
1730402	6262379	1.0269	chip1
1642175	6304280	1.1701	chip2
1643670	6304562	0.6984	chip2
1711977	6304633	1.2342	chip2
1689250	6304936	1.4622	chip2
1705001	6305028	1.0939	chip2
1658880	6305748	1.035	chip2
1677057	6327956	1	chip1
1678359	6328211	0.7406	chip1
1678521	6328401	0.7762	chip1
1721840	6339838	0.7799	chip2
1722887	6348916	0.8211	chip1
1660090	6381869	2.4245	chip1
1660220	6381909	0.64	chip1
1660322	6381936	1.5528	chip1
1674028	6435492	1.0598	chip2
1721715	6452139	1	chip1
1722003	6452530	0.6103	chip1
1722225	6453029	1.3389	chip1
1723971	6458164	1	chip1
1724055	6458290	1.1576	chip1
1708062	6458669	2.0292	chip2
1696818	6459496	1	chip2
1656600	6482926	1.1993	chip1
1730870	6598056	1.0467	chip1
1721627	6676476	0.6314	chip1
1702849	6679703	1.368	chip2
1729005	6679934	1.1905	chip2
1722926	6680030	0.5226	chip2
1758383	6680263	0.5533	chip2
1673818	6685600	1.4785	chip2
1728730	6686746	0.9697	chip1
1657292	6698381	0.8638	chip1
1659493	6702652	1.2188	chip1
1661148	6703217	0.659	chip1
1675938	6721004	1	chip2
1652448	6721831	1	chip2
1758469	6722304	0.7512	chip2
1720944	6741808	1.9526	chip1
1722403	6742328	0.5464	chip1
1722519	6742379	1	chip1
1696216	6841399	0.5767	chip2
1758267	6841514	0.3859	chip2
1709863	6859985	1.4172	chip2
1709010	6910381	0.9559	chip1
1752688	6970310	2.4482	chip1
1656645	6982533	0.5643	chip2
1648392	7009057	0.7422	chip2
1660331	7010644	0.7912	chip2
1695718	7041977	1.508	chip1
1695832	7042286	1	chip1
1701076	7048171	1.1079	chip1
1701236	7048510	1.2169	chip1
1701370	7049010	0.6191	chip1
1750040	7073000	1.6903	chip1
1750212	7073249	1.2663	chip1
1750324	7073334	1	chip1
1682752	7081211	0.9852	chip2
1657996	7081396	1	chip2
1712591	7096383	0.6102	chip2
1664031	7106949	1.4984	chip1
1671189	7128324	0.8704	chip1
1671309	7128547	1.4068	chip1
1685728	7170502	1.3156	chip2
1744469	7170644	1	chip2
1652912	7171413	1.3004	chip2
1711963	7178775	0.8343	chip2
1663327	7191808	1.3056	chip1
1715195	7226822	0.8191	chip2
1642313	7244261	0.8055	chip2
1683954	7244531	1.7755	chip2
1722086	7246858	0.8326	chip2
1650621	7268160	1	chip1
1650789	7269808	1.0573	chip1
1643053	7296556	1.0594	chip2
1723098	7319340	1	chip2
1649622	7330454	1.2844	chip2
1708219	7368424	0.5649	chip1
1751514	7394497	1.555	chip1
1656325	7398194	0.5465	chip2
1687538	7398330	1.4375	chip2
1648866	7399348	0.865	chip2
1673124	7399615	1.4057	chip2
1687631	7431239	1.0426	chip1
1691095	7436376	0.8494	chip1
1680862	7448959	1	chip2
1746990	7480927	1	chip1
1747320	7482357	0.9687	chip1
1757634	7501460	0.7501	chip1
1680121	7511293	1.4351	chip1
1680243	7511356	1.1701	chip1
1715117	7537224	0.6316	chip2
1739793	7545424	1	chip2
1712207	7553178	0.8194	chip2
1723151	7574643	1	chip1
1724343	7574873	1	chip1
1698513	7604103	0.7709	chip2
1756555	7608397	1.1744	chip2
1651256	7609001	1.5172	chip2
1702885	7609132	1.4956	chip2
1701619	7609595	1.4988	chip2
1656986	7614377	1.4839	chip1
1702468	7635013	0.9373	chip1
1702732	7636438	1.0957	chip1
1729398	7638065	1.2984	chip2
1705720	7640470	0.7846	chip1
1664900	7652322	0.7638	chip2
1642467	7652417	0.8326	chip2
1714856	7656357	0.6855	chip1
1715034	7657122	1.2435	chip1
1715154	7657329	1.4726	chip1
1746338	7664138	0.6993	chip2
1756690	7666758	0.7882	chip1
1689426	7669222	1.7801	chip2
1644139	7675551	1.2291	chip1
1644447	7675936	1	chip1
1708918	7714366	1.2381	chip1
1709036	7714640	0.9287	chip1
1709148	7715267	1.5982	chip1
1709306	7715812	1.0469	chip1
1709398	7716125	0.7572	chip1
1643729	7743018	1.1038	chip1
1643921	7744149	1	chip1
1652892	7817055	1.0028	chip2
1665162	7963246	0.832	chip2
1678386	7970814	1.2254	chip2
1741492	7987959	0.4462	chip1
1669977	8042614	1.5265	chip2
1733532	8043158	0.7531	chip2
1682691	8078258	1.4628	chip1
1693163	8130902	0.5666	chip1
1739277	8138663	1.4262	chip2
1652914	8139827	0.7569	chip2
1647395	8196805	0.8586	chip1
1716157	8241009	2.0071	chip2
1741187	8241135	0.9525	chip2
1670275	8241184	0.8824	chip2
1755241	8269328	0.9101	chip1
1755353	8269391	1.3786	chip1
1644727	8281757	0.8521	chip1
1644909	8281934	0.5274	chip1
1645115	8282172	0.9126	chip1
1731151	8339273	0.7836	chip2
1701016	8340585	1.029	chip1
1745811	8358048	1	chip1
1749490	8371534	1.2328	chip1
1749654	8371849	0.5926	chip1
1749782	8372143	0.8771	chip1
1725200	8375146	2.1195	chip2
1751725	8376015	1.4857	chip2
1645320	8388579	1.3441	chip2
1657245	8388641	1.2734	chip2
1673090	8423425	1.4038	chip2
1694033	8423477	1.2254	chip2
1745780	8423521	0.7144	chip2
1700021	8423776	0.7543	chip2
1748245	8423860	1.091	chip2
1702273	8423922	0.7732	chip2
1654159	8435529	0.5764	chip2
1736858	8439203	1	chip1
1736966	8439436	2.2653	chip1
1748848	8609137	0.838	chip1
1678487	8650584	1	chip1
1681919	8656315	1	chip1
1683597	8664197	1	chip1
1690788	8688523	0.9295	chip1
1729207	8689737	1	chip1
1729667	8691018	1.0597	chip1
1729759	8691099	1	chip1
1647449	8956611	1.2241	chip1
1698044	9190012	0.6354	chip1
1704785	9195954	1.1654	chip2
1710015	9214168	1.2253	chip2
1745072	9236731	1.5365	chip1
1704291	9272701	0.7167	chip2
1686661	9306793	1.4991	chip1
1688063	9307225	1	chip1
1676084	9346193	2.0194	chip2
1734782	9375830	1.2934	chip2
1680397	9427428	1.5712	chip1
1653084	9473575	1.5182	chip2
1728577	9499204	1.8082	chip2
1711406	9505692	1	chip2
1668808	9516007	0.9414	chip1
1669014	9516309	1.1419	chip1
1669132	9516380	1.2275	chip1
1718057	9561557	0.5256	chip2
1676032	9592486	1.3975	chip2
1746029	9593261	1.0088	chip1
1747506	9593844	1.0356	chip1
1652878	9601177	1.8059	chip2
1751636	9604834	0.6586	chip1
1758899	9615769	2.279	chip2
1752479	9729142	1.2922	chip2
1681521	9776259	1	chip1
1758604	9792528	0.7945	chip2
1742686	9868380	0.5181	chip1
1678803	9914249	1	chip1
1674347	9944975	0.9729	chip2
1730155	9986625	1	chip1
1730247	9986709	0.7999	chip1
1738325	10010407	0.7542	chip1
1738464	10010470	1.0286	chip1
1738570	10010559	0.9201	chip1
1644276	10015170	0.8615	chip2
1671333	10032547	1.14	chip1
1671495	10032977	1.3332	chip1
1684064	10064582	0.7665	chip2
1726872	10072023	1	chip2
1712065	10072531	1	chip2
1711452	10072788	1	chip2
1669233	10072820	1	chip2
1728171	10076257	1	chip2
1728153	10076563	1	chip2
1656596	10138409	0.9228	chip1
1646074	10156361	0.9974	chip2
1665401	10168481	1.1009	chip1
1686266	10171451	1.1692	chip2
1733324	10187517	1.4636	chip2
1696609	10220263	1	chip1
1738822	10237758	1	chip1
1730649	10252103	0.8041	chip2
1660467	10344522	0.8485	chip2
1732565	10414482	1.628	chip1
1677745	10591047	0.8398	chip1
1677871	10591252	1	chip1
1663015	10722989	0.638	chip1
1726217	10952434	1.141	chip1
1727598	10952779	1.046	chip1
1727692	10953094	1	chip1
1727782	10953220	0.6939	chip1
1681214	11051710	0.871	chip2
1678765	11215600	0.4981	chip1
1642415	11303851	0.8089	chip2
1684144	11728955	0.8385	chip2
1726918	11729145	0.7414	chip2
1740237	11729209	0.8081	chip2
1666732	11753732	0.5865	chip2
1661088	11778586	1.0131	chip1
1661217	11778728	1	chip1
1712020	11869173	1	chip1
1712132	11869359	0.7957	chip1
1703738	11988043	0.7306	chip1
1647944	12065401	0.6876	chip2
1733084	12065713	0.7878	chip2
1657966	12120319	0.9438	chip2
1742900	12215381	1.1981	chip1
1673945	12270536	1.0927	chip1
1674101	12270805	1.8215	chip1
1674226	12270901	0.8511	chip1
1676041	12282076	1	chip1
1676175	12282229	1.0605	chip1
1678017	12294777	0.6036	chip1
1678133	12294972	0.927	chip1
1679687	12304579	0.5534	chip1
1679959	12308586	0.9474	chip1
1729036	12343442	0.9249	chip1
1729151	12343960	1.0019	chip1
1731041	12357279	1.341	chip2
1718623	12368918	1.1268	chip2
1723424	12370229	1.9454	chip2
1736140	12370275	0.9178	chip1
1734486	12403366	1.1575	chip2
1722626	12459293	2.3607	chip2
1721256	12509416	1.1046	chip1
1736793	12528237	0.839	chip2
1667238	12528330	1.2952	chip2
1738879	12544921	0.9638	chip2
1663370	12547301	1.0077	chip2
1684304	12547351	1.1678	chip2
1727274	12566356	1.2243	chip2
1712858	12573409	0.9697	chip1
1645132	12575090	1	chip2
1696198	12575290	1.7587	chip2
1647901	12612012	0.9715	chip1
1663990	12614880	1.0413	chip2
1684756	12615795	1.177	chip2
1703183	12616051	0.7075	chip2
1720555	12616094	0.8277	chip2
1752371	12616182	0.3129	chip2
1652693	12617973	1	chip1
1682242	12621613	0.7588	chip2
1753143	12621895	0.8277	chip2
1751693	12621954	1	chip2
1660058	12622680	1.0749	chip1
1661651	12622981	0.6285	chip1
1703792	12636088	0.8056	chip1
1703886	12636118	1	chip1
1705254	12636372	1.5272	chip1
1705378	12636641	1.2526	chip1
1714151	12662704	1.0508	chip1
1729062	12681010	1.456	chip1
1665490	12750711	1.0784	chip2
1675868	12781401	1.0232	chip2
1675244	12867674	0.7983	chip1
1675609	12868621	1.0024	chip1
1678787	12876079	0.8365	chip1
1649502	12935425	0.8411	chip2
1654973	13026366	1.1644	chip2
1651174	13044160	0.9616	chip2
1674454	13067253	1	chip1
1741571	13082490	0.8321	chip2
1717233	13104174	0.7256	chip2
1720128	13106359	0.627	chip1
1745124	13118209	1.4942	chip2
1651351	13138369	0.7947	chip1
1657861	13154856	1.0094	chip1
1739135	13180182	0.9448	chip2
1646651	13227655	1.2557	chip1
1646765	13227729	1	chip1
1646965	13228282	0.8507	chip1
1648371	13228527	1.9858	chip1
1757009	13241312	0.9937	chip2
1657032	13252073	1.2175	chip1
1719857	13263250	1	chip2
1692012	13264188	0.5903	chip2
1659199	13264829	1.2006	chip1
1700699	13271756	1.2023	chip1
1730705	13275694	1	chip2
1668120	13278343	2.8176	chip2
1645612	13390626	0.7148	chip2
1651471	13401453	1	chip1
1720641	13401842	1.4896	chip2
1650520	13402053	1.3206	chip2
1665425	13419812	0.8713	chip1
1723291	13470903	1	chip1
1723399	13471269	1	chip1
1692088	13472716	1.4102	chip2
1673304	13473075	2.1216	chip2
1704083	13489378	0.4637	chip2
1664410	13489413	0.8318	chip2
1645574	13489807	1.7349	chip2
1661307	13528783	1.2848	chip1
1661483	13528936	1.0798	chip1
1711561	13572443	1.1872	chip1
1706749	13586182	1.2627	chip2
1715292	13588434	0.8424	chip1
1695651	13626360	1.2996	chip2
1672708	13626414	0.7983	chip2
1726702	13627018	0.7673	chip2
1722819	13628884	1.7536	chip1
1663294	13643413	0.6084	chip2
1704757	13658195	1.5804	chip2
1658706	13658225	1.821	chip2
1655514	13680100	0.8443	chip1
1656900	13681330	0.6726	chip1
1714383	13735970	0.8702	chip1
1714933	13737517	1	chip2
1755802	13737730	0.6057	chip2
1756195	13752678	0.6827	chip1
1645815	13773915	1	chip1
1652923	13801757	1	chip1
1653031	13801918	0.7428	chip1
1664112	13803734	1	chip2
1654802	13808490	0.8079	chip1
1734798	13840964	1.3686	chip2
1748313	13841242	1	chip2
1656779	13841566	0.7379	chip2
1757459	13848853	0.4554	chip2
1722408	13850193	1	chip2
1696212	13859828	1.2555	chip2
1752178	13866318	1.3272	chip1
1752241	13879529	1.55	chip2
1737137	13918395	1.0789	chip2
1730298	13927883	1	chip2
1702394	13935460	1	chip1
1702654	13935880	1	chip1
1665041	14088891	1.3287	chip1
1690613	14186982	0.9927	chip2
1710348	14216640	1.1371	chip1
1710583	14220534	1.1784	chip1
1714401	14240580	1.9773	chip1
1716036	14247571	1	chip1
1719752	14262162	0.873	chip1
1730168	14263266	1.0196	chip2
1661790	14562095	1	chip2
1753350	14814159	1	chip1
1753220	14814243	1	chip1
1648368	15062399	1.1534	chip2
1690288	15509121	0.8348	chip1
1686812	15597222	1.164	chip2
1740928	15715178	1.6799	chip1
1744305	15772690	1.104	chip2
1686018	15783972	1.0877	chip2
1650085	15812734	1.4518	chip1
1713740	16003138	1.0028	chip2
1660847	16003453	1.0972	chip2
1699959	16082531	0.9804	chip2
1673272	16595784	1	chip2
1669365	16848739	0.9716	chip2
1708522	16856153	1.0023	chip2
1751105	16885036	1.2174	chip2
1672285	16913349	0.8682	chip1
1668729	17031650	0.8818	chip2
1740225	17031937	0.7857	chip2
1726446	17051902	1.1392	chip2
1728389	17122311	0.9871	chip2
1659548	17214162	1.2794	chip2
1672482	17241872	0.8919	chip2
1737894	17242000	0.6363	chip2
1649260	17252224	1	chip2
1747068	17257003	0.8151	chip1
1749371	17376995	0.8505	chip2
1698233	17740780	0.555	chip2
1685983	17817790	1.2632	chip1
1694761	17820087	1.2437	chip2
1673714	17822090	0.7786	chip2
1660769	17822257	1.4056	chip2
1753446	17948935	0.7811	chip1
1751336	17956211	1.2781	chip1
1745917	17976966	2.0122	chip1
1745791	17977049	0.9984	chip1
1656929	18006808	1	chip2
1659580	18633998	1	chip2
1701469	18728692	0.8834	chip2
1734174	18728914	0.6671	chip2
1669514	19094675	1.5073	chip1
1683420	19119432	1.105	chip2
1659626	19137163	0.9505	chip2
1648110	19200485	0.6283	chip2
1756963	19200519	1.2692	chip2
1678410	19200542	0.8564	chip2
1677556	19200909	1.4966	chip2
1741071	19239066	1.2151	chip2
1642491	19255422	1	chip2
1758236	19255692	1.8505	chip2
1680991	19263248	0.6801	chip1
1684525	19273412	1.7526	chip1
1685865	19274084	1.9354	chip1
1750017	19358691	1	chip2
1747102	19424522	0.8173	chip1
1730038	19452919	1	chip2
1660633	19454858	1.1087	chip2
1676433	19459217	1.705	chip1
1727372	19507906	0.9683	chip1
1732641	19527311	1.4346	chip1
1742199	19621383	1.2849	chip2
1671975	19682770	1	chip1
1674158	19718951	1	chip1
1713159	19735049	1	chip2
1683412	19794974	1	chip2
1704717	19927042	1.4733	chip2
1644398	19953169	0.5347	chip2
1653817	19959079	1.3185	chip1
1662677	19995005	0.9923	chip1
1736151	19997255	0.8459	chip2
1706351	19998146	1.0049	chip2
1667671	20029979	1.3416	chip1
1669474	20051592	1.0895	chip1
1669624	20052140	1.3549	chip1
1743093	20392371	0.8091	chip2
1728976	20406898	1.4137	chip1
1730662	20452661	0.7395	chip1
1693142	20558879	0.8089	chip2
1678978	20559524	1.1271	chip2
1681628	20574283	1.0186	chip2
1719043	20624650	0.9528	chip2
1724475	20639822	0.5425	chip1
1739593	20650973	0.7776	chip2
1705995	20662683	2.0712	chip2
1715241	20688695	0.726	chip2
1734829	20695685	1.414	chip1
1734923	20696353	1	chip1
1667484	20735811	1.5773	chip2
1677024	20753273	0.6333	chip2
1667523	20794271	0.8123	chip1
1711044	20808248	0.9664	chip2
1670889	20824258	0.6821	chip1
1676256	20943133	1.1349	chip2
1697342	20943327	1.802	chip2
1735969	21121472	1	chip2
1706844	21123534	1.3404	chip1
1680962	21134252	0.6745	chip2
1710288	21150938	0.7162	chip1
1710390	21151150	0.7778	chip1
1717432	21195086	1.2784	chip1
1721158	21211648	0.5388	chip1
1744075	21450136	0.5029	chip2
1724589	21565890	0.6582	chip1
1704395	21620244	0.5796	chip2
1754784	21890695	1	chip2
1728933	21931104	1.0036	chip2
1750589	21989226	0.9925	chip2
1657639	22013098	0.8586	chip1
1681706	22068787	0.8844	chip2
1701282	22114775	0.9057	chip1
1701604	22128305	1.5088	chip1
1681248	22132362	0.8787	chip2
1705462	22627867	2.0762	chip1
1679416	22652792	1.1572	chip2
1732118	22662055	1.1053	chip1
1670998	22665432	1.0875	chip2
1733781	22666848	0.9431	chip1
1733877	22667298	1.053	chip1
1698533	22672084	0.755	chip2
1735674	22675995	1	chip1
1721794	22705353	0.8468	chip2
1745787	22728560	1	chip1
1671959	22748993	0.8558	chip1
1672185	22749309	0.9695	chip1
1675589	22756701	1	chip1
1725059	22810521	0.633	chip1
1730011	22828353	0.982	chip1
1699411	22969131	0.7492	chip2
1744857	22969740	1.9496	chip2
1671772	22983911	1.0784	chip2
1718512	22986854	0.7522	chip1
1727642	23198310	0.8791	chip1
1727734	23198752	1.5985	chip1
1679214	23253207	1	chip2
1668912	23310532	0.8515	chip1
1712262	23328444	1.0731	chip1
1721228	23386036	0.7017	chip1
1641895	23557116	1	chip2
1667087	23885388	0.8548	chip1
1730835	23923602	1	chip2
1741647	23931528	1.2799	chip2
1704633	23968950	2.0178	chip2
1681027	23978645	0.818	chip1
1650746	23997254	1.1409	chip2
1732128	24061164	1	chip1
1668183	24122453	1.4315	chip1
1671781	24138950	1	chip1
1713582	24157344	0.8526	chip2
1717254	24164733	0.8062	chip1
1720554	24176678	0.9743	chip1
1682460	24212215	0.8077	chip2
1727853	24212481	3.042	chip2
1755086	24217457	1.7254	chip2
1705899	24217490	0.5692	chip2
1690505	24220269	0.6599	chip2
1654878	24247434	0.8041	chip1
1686058	24472760	0.5273	chip2
1647399	24504517	0.7535	chip1
1647495	24504671	0.5432	chip1
1713702	24623154	0.6971	chip2
1700984	24665428	1	chip1
1701424	24667464	0.9619	chip1
1658856	24701242	1.2074	chip2
1710346	24736679	1	chip1
1755545	24795643	1.1175	chip1
1755643	24795955	1.6027	chip1
1714270	24828689	0.9981	chip2
1645268	24919925	1.2337	chip2
1695265	24957363	1.0844	chip2
1677332	25070005	0.7063	chip2
1687136	25202852	0.7842	chip2
1758180	25257584	1.4141	chip2
1757349	25258019	0.5502	chip2
1755028	25340264	1.6424	chip2
1650177	25346572	1.681	chip1
1650283	25346611	1.1673	chip1
1651751	25346930	1.4802	chip1
1723844	25365920	0.6616	chip2
1706401	25380030	1	chip2
1664327	25385057	1.1124	chip1
1706052	25415095	0.7903	chip1
1706156	25415119	1.6326	chip1
1706270	25415155	0.999	chip1
1706438	25415385	1.0328	chip1
1708025	25417019	1.6955	chip1
1717062	25447506	1.8538	chip1
1739063	25536860	0.8525	chip2
1699829	25554613	1.0519	chip2
1748610	25565153	0.576	chip1
1748720	25565177	1	chip1
1757646	25623912	0.906	chip1
1665892	25628337	0.5898	chip2
1745586	25664089	0.838	chip2
1647363	25683532	1.2484	chip1
1692045	25807158	1.2727	chip1
1726230	25842322	0.8345	chip2
1747922	26186926	1.0187	chip1
1748032	26187725	0.9031	chip1
1694371	26189217	0.8363	chip2
1751932	26200507	0.9558	chip1
1753296	26201053	0.7662	chip1
1735022	26259126	0.6062	chip2
1689036	26259398	0.8956	chip2
1659002	26259883	0.6687	chip2
1732347	26288831	0.6651	chip2
1727339	26352329	1.1025	chip2
1716495	26360941	1.0224	chip2
1752109	26361825	0.8108	chip2
1642025	26362052	1.5164	chip2
1657740	26362243	0.7412	chip2
1736913	26412193	0.611	chip2
1660561	26433851	0.9818	chip2
1753357	26434120	1	chip2
1753714	26501105	0.6039	chip1
1662658	26502895	1.0179	chip2
1648379	26547215	0.8407	chip1
1648501	26547907	0.8268	chip1
1700609	26591012	0.6799	chip1
1700754	26591509	1.2635	chip1
1700854	26591585	0.479	chip1
1700972	26591646	1.2416	chip1
1646714	26677629	0.861	chip2
1684985	26783876	1.045	chip1
1737812	26797542	1.3266	chip2
1688197	26808047	1.5035	chip1
1704638	26882729	1	chip1
1758488	26941975	0.8302	chip2
1644403	27037656	0.7002	chip1
1685520	27267345	1.0235	chip2
1720191	27272954	0.8735	chip2
1734126	27303962	1.1554	chip2
1689907	27304096	1.2172	chip2
1697135	27310970	0.7583	chip1
1702488	27340236	0.4448	chip1
1694926	27519162	1	chip1
1739378	27841534	0.8441	chip1
1715223	27853539	0.9512	chip2
1755199	27865626	1.0432	chip1
1740509	28034213	1.0796	chip2
1747274	28036012	1.7948	chip1
1657812	28038467	0.6521	chip2
1752472	28047321	0.9228	chip1
1754157	28051643	1.0105	chip1
1756157	28063021	1.3403	chip1
1643705	28082909	0.8908	chip1
1751811	28107380	1.7496	chip2
1645445	28155166	1.0405	chip1
1682563	28504385	1	chip1
1666689	29045544	0.7806	chip1
1653480	29063506	1	chip2
1725342	29563594	1.4427	chip2
1729722	29563711	0.5609	chip2
1673711	30994830	1.0604	chip1
1647134	31637053	0.9319	chip2
1705117	31687619	1.1947	chip2
1660306	32411529	0.764	chip1
1697998	33443417	1.1919	chip1
1704587	34493676	1	chip2
1705212	34953675	1	chip1
1748512	35003380	1	chip1
1745037	45293764	1	chip2
1734013	45392441	1	chip1
1663401	45554058	1.895	chip1
1670066	45657182	1.5107	chip1
1743163	45704219	0.8633	chip2
1669317	45716367	0.512	chip2
1715788	45791880	1.2993	chip1
1728975	46068824	2.0479	chip2
1679126	46222649	0.9078	chip2
1657388	46233685	1.0025	chip1
1658999	46256217	0.8462	chip1
1655423	46288947	0.7744	chip2
1696880	46306307	0.8221	chip2
1664115	46313828	0.7547	chip1
1713377	46461498	0.9337	chip1
1647797	46706968	1	chip1
1733078	46716800	1	chip2
1710265	46723079	1	chip2
1669247	46754604	1	chip2
1661671	46803255	1	chip1
1660599	46827062	0.9324	chip2
1681878	46893998	1.1447	chip2
1647141	47094922	0.7214	chip1
1702718	47221515	1.1384	chip1
1702812	47221947	1.003	chip1
1709237	47282398	1.5335	chip2
1731160	47325232	1	chip1
1711284	47333869	0.7055	chip2
1652214	47334074	1.3943	chip2
1661838	47334428	1.5442	chip2
1714625	47381192	1.365	chip2
1663841	47388516	1.0945	chip1
1672275	47436954	1.5483	chip1
1705799	47463980	0.8226	chip2
1706945	47480724	1.1336	chip2
1753439	47484236	1.204	chip2
1724836	47532545	1.323	chip2
1758862	47539499	1.3692	chip2
1724340	47608227	1.9384	chip2
1660934	47615173	1	chip1
1645636	47636181	1.2639	chip2
1664741	47642092	0.9075	chip1
1711505	47673463	1.5412	chip1
1713631	47681019	0.4782	chip1
1713967	47682845	1.1707	chip1
1720864	47709620	1.1575	chip1
1658717	47812445	1.4444	chip1
1700621	47836021	1.4141	chip1
1705636	47852602	1	chip1
1668342	47881917	0.605	chip2
1712693	47885930	1	chip2
1754661	47912295	0.7382	chip1
1699754	47998175	1.7788	chip1
1643137	48277414	1.4176	chip2
1665066	48354035	0.6474	chip2
1726614	48354332	1.0226	chip2
1701616	48454181	1	chip1
1722356	48456843	0.9863	chip2
1745338	48498731	1.2442	chip2
1651845	48780089	1	chip1
1693652	48854559	1	chip1
1698828	48877218	1.245	chip1
1698986	48877496	1.5221	chip1
1645806	48948887	1.4038	chip2
1642013	49036146	0.6353	chip2
1736533	49073614	0.7855	chip2
1690804	49206787	1.1003	chip1
1678082	49313210	1.4981	chip2
1741384	49314382	1.0262	chip1
1688579	49452675	1.0033	chip1
1683390	49460830	1.157	chip2
1676192	49475346	0.6334	chip2
1705601	49487455	1.2943	chip2
1753199	49488693	0.9983	chip2
1703135	49515626	1.2148	chip2
1698320	49603589	1.3866	chip1
1644372	49621415	1.2016	chip2
1718209	49621584	1.0634	chip2
1725192	49648719	1.1512	chip2
1657786	49658997	1.329	chip2
1752212	49667140	0.7637	chip1
1664624	49687634	1	chip2
1678654	49687660	1.9007	chip2
1653114	49712544	1	chip2
1687734	49716211	1	chip2
1758371	49763320	1	chip2
1730393	49763326	1.2825	chip2
1695728	49775634	0.7528	chip1
1733350	49793422	1.77	chip2
1704308	49862622	1.2755	chip1
1704424	49862708	0.8624	chip1
1744562	49914711	1.3802	chip1
1744660	49914787	1	chip1
1745967	49914823	0.5513	chip1
1750158	49945338	1	chip1
1710093	49966235	0.787	chip2
1652392	49966351	0.7926	chip2
1703341	49966579	1.0303	chip2
1756850	49973923	0.7003	chip1
1642860	49989601	1	chip1
1686297	50015791	1.0869	chip1
1686535	50018372	1.3264	chip1
1687530	50026393	0.4893	chip2
1688501	50026710	1	chip1
1693310	50045634	1	chip1
1693500	50046243	1.3252	chip1
1751525	50058927	1.1676	chip2
1739248	50075307	0.7397	chip1
1661013	50119056	1.0763	chip2
1672394	50120031	0.5804	chip2
1687496	50124732	1	chip2
1699849	50136858	1.5886	chip2
1687513	50163869	0.833	chip1
1687623	50164501	1.2396	chip1
1687745	50164991	1	chip1
1731198	50176448	1.5446	chip1
1661930	50191797	2.2653	chip2
1758182	50210858	0.7668	chip2
1703631	50212580	1.7003	chip2
1684882	50258599	1.4788	chip2
1645600	50277148	0.9849	chip2
1757895	50277798	0.9747	chip2
1719463	50300556	1.0933	chip2
1666254	50308993	0.871	chip2
1735981	50309752	1.1596	chip2
1668288	50310587	1	chip2
1732718	50319100	0.9683	chip2
1741315	50322658	1.8104	chip2
1650546	50323508	1	chip2
1742877	50323578	1.7786	chip2
1702464	50344728	1.0331	chip1
1747477	50356237	1.3608	chip2
1673846	50388668	0.8722	chip2
1726684	50414873	1.7624	chip2
1706417	50432188	1.8813	chip2
1646251	50435924	0.8004	chip1
1649437	50441821	0.6437	chip1
1649521	50441885	1	chip1
1756805	50456820	1.569	chip2
1718673	50457305	0.8326	chip2
1702677	50457378	0.5436	chip2
1691427	50463043	2.0702	chip1
1743703	50464544	0.8789	chip2
1757952	50472148	1	chip2
1702507	50472475	0.7909	chip2
1717457	50472906	1	chip2
1696607	50483576	0.7421	chip1
1666174	50494734	0.5796	chip2
1716341	50508576	0.9328	chip2
1708663	50539852	0.7198	chip2
1666208	50540002	1.0414	chip2
1754115	50555041	0.8419	chip1
1755658	50574221	1.0797	chip2
1725618	50582189	0.9031	chip2
1691184	50583588	1.211	chip2
1655369	50595102	0.819	chip2
1672262	50596704	1	chip2
1755018	50608803	0.8886	chip2
1738026	50674510	2.2181	chip2
1734958	50674586	1	chip2
1744516	50680000	1.2834	chip1
1701959	50690687	0.7783	chip2
1671961	50695297	0.8114	chip1
1742715	50756911	0.77	chip2
1684427	50764161	1.0495	chip1
1684605	50764633	0.7906	chip1
1753835	50773239	2.8194	chip2
1688630	50778711	0.8116	chip2
1644894	50794864	1.1342	chip2
1679720	50795120	1.0997	chip2
1650506	50806163	0.6872	chip2
1741852	50806978	0.9481	chip1
1648602	50857756	0.7841	chip2
1671287	50863619	1.3862	chip1
1664800	50870133	1.0769	chip2
1736545	50880696	0.9494	chip2
1644724	50884503	0.6716	chip2
1724214	50965326	0.7556	chip2
1696241	50968756	0.7706	chip1
1697604	50968829	1.3461	chip1
1712241	50989894	0.8793	chip2
1729918	50995317	1.3759	chip2
1708755	51005605	1	chip2
1703423	51034364	0.558	chip2
1706805	51069957	0.5118	chip2
1757412	51078857	1.3967	chip1
1668973	51086348	1.6745	chip2
1675744	51121127	0.6154	chip2
1700259	51121452	0.8255	chip2
1688155	51151729	1.9885	chip1
1747195	51160634	1.1652	chip2
1687438	51166173	1	chip2
1711312	51201951	1.096	chip2
1646474	51202396	0.8823	chip2
1747520	51299759	0.88	chip1
1696850	51368754	1	chip2
1718383	51372909	1.0536	chip2
1739305	51373170	1	chip2
1742846	51464540	1.0248	chip1
1678051	51469110	0.8637	chip1
1660977	51671757	1.1977	chip2
1692612	51753543	1.453	chip2
1705237	51795754	1.8038	chip2
1682917	51807133	1.0457	chip1
1725479	51883426	1.3979	chip1
1725601	51884361	0.5992	chip1
1733827	51947943	1.1651	chip1
1711594	52028579	1	chip2
1703763	52028858	0.8259	chip2
1668371	52037709	1	chip1
1671581	52046691	1.6118	chip1
1720828	52120011	1	chip1
1720956	52120096	0.6954	chip1
1721068	52120477	0.9203	chip1
1721252	52120745	2.2713	chip1
1747046	52256216	1.223	chip1
1683633	52366748	1.2147	chip1
1730128	52422627	1.0199	chip2
1685966	52423202	0.7445	chip2
1662686	52423476	0.9669	chip2
1739482	52441905	1.8251	chip1
1742724	52465985	1	chip1
1742856	52466158	1.3325	chip1
1742990	52466686	1.1306	chip1
1694239	52469271	0.6676	chip2
1647630	52469967	1.2005	chip2
1754322	52491048	1.2683	chip2
1669045	52491473	2.0201	chip2
1658892	52532942	1.3413	chip2
1679285	52540250	1	chip1
1643175	52567046	1.3138	chip2
1732212	52599256	0.4843	chip1
1732322	52599280	0.7301	chip1
1733631	52599542	1.0802	chip1
1733753	52599587	0.5793	chip1
1733560	52621119	0.8906	chip2
1675466	52660267	1.8464	chip1
1678840	52675936	0.9536	chip2
1750639	52677393	1.3882	chip2
1681816	52677831	0.7078	chip2
1705975	52680890	1.3083	chip2
1758097	52680918	1.6308	chip2
1692968	52690401	1.544	chip2
1701337	52737411	0.543	chip2
1687436	52766357	0.7394	chip2
1674435	52774838	0.8637	chip2
1685328	52774858	1.918	chip2
1740993	52775221	1.3965	chip2
1719821	52797202	1.765	chip2
1671043	52801049	1.0848	chip1
1672557	52802421	1.3546	chip1
1672813	52803370	2.2608	chip1
1679038	52848961	1.3177	chip2
1721817	52857004	1.5994	chip1
1753687	52866686	1.6636	chip2
1654392	52912715	0.6987	chip1
1656172	52914552	1.0092	chip1
1656284	52914657	1	chip1
1661353	52942909	1.3748	chip1
1729718	52971785	1.2902	chip2
1751269	53017843	1.2501	chip2
1736832	53059449	0.6027	chip1
1736938	53059877	2.5867	chip1
1683972	53078197	0.6349	chip2
1730383	53078585	1.2675	chip2
1686128	53079118	0.6088	chip2
1692180	53079622	0.6453	chip2
1671511	53121148	0.6539	chip1
1676561	53135829	0.9879	chip1
1676757	53138814	0.9138	chip1
1716039	53184553	0.9276	chip2
1667774	53230696	1.1438	chip2
1673576	53238539	2.1827	chip2
1665303	53241395	1.3929	chip1
1653620	53268856	1.0108	chip2
1704125	53270192	1.1425	chip2
1674069	53286727	1.1799	chip1
1717778	53309308	1	chip1
1682790	53337871	1.5506	chip2
1734786	53420362	1.384	chip2
1691568	53636168	1.2391	chip2
1659307	53637557	0.8006	chip1
1743689	53656117	0.4379	chip2
1648556	53656487	0.9278	chip2
1718441	53656716	1.4978	chip2
1663101	53660347	1.2753	chip1
1697713	53660431	0.7701	chip2
1674175	53661200	1.0222	chip2
1710066	53700450	1.4263	chip1
1755466	53708091	1.1361	chip2
1666162	53708852	0.8861	chip2
1753377	53709255	1.4092	chip2
1664562	53716198	0.8303	chip2
1668032	53771594	0.5679	chip2
1656736	53779181	0.9227	chip1
1701912	53813323	0.4738	chip1
1647740	53814860	0.7543	chip2
1714379	53846275	1	chip1
1758233	53870395	0.9238	chip2
1669866	53898068	0.9713	chip1
1670246	53900410	1.1065	chip1
1717887	53907082	1	chip2
1729102	53907338	0.8621	chip2
1692056	53907669	1.7416	chip2
1675428	53911016	0.8756	chip1
1703165	53924904	1.3216	chip2
1743595	53929222	1.1746	chip2
1692642	53949133	1.2577	chip2
1665807	54007250	0.7313	chip1
1718462	54035961	1.2793	chip1
1719874	54036057	1.2563	chip1
1719998	54036202	1.2382	chip1
1720250	54037188	1.3861	chip1
1720372	54037319	1.1091	chip1
1720486	54037453	1.5105	chip1
1722167	54038722	1.0787	chip1
1660002	54079226	1.1306	chip1
1651546	54085392	1.4957	chip2
1696180	54085660	1.1816	chip2
1714265	54127098	0.7887	chip1
1712603	54129064	1.3529	chip2
1722204	54129326	1.4086	chip2
1748393	54133662	1.3855	chip2
1737221	54136937	0.9768	chip2
1695773	54137400	0.467	chip2
1687050	54166759	0.8745	chip2
1657648	54276319	1.2453	chip2
1698229	54277535	0.9256	chip2
1719289	54277959	0.6071	chip2
1648686	54297556	0.8123	chip2
1735835	54297655	0.6134	chip2
1756708	54317151	1.416	chip1
1749925	54325598	1.4398	chip2
1711758	54326141	1.0937	chip2
1732136	54550524	3.723	chip1
1733521	54550845	1	chip1
1733939	54555118	0.8341	chip1
1735389	54556195	1.9379	chip1
1657677	54577815	0.7072	chip1
1671537	54637426	0.7911	chip1
1650274	54655880	1.3631	chip2
1741863	54656433	0.7383	chip2
1715812	54669460	1.3997	chip1
1721138	54700266	1.6856	chip1
1722971	54703868	0.9422	chip1
1729658	54766582	2.1863	chip2
1696718	54803815	1.636	chip2
1664141	54813457	0.8771	chip1
1705828	54831387	0.7196	chip1
1705970	54832002	1.089	chip1
1667694	54841407	1.141	chip2
1697262	55160739	1.3779	chip2
1712124	55167876	1.2764	chip1
1712236	55168116	1.2342	chip1
1751998	55197206	1.403	chip1
1752100	55197301	0.6589	chip1
1757651	55233318	0.7029	chip2
1726240	55233389	1.0554	chip2
1650379	55376672	0.6727	chip1
1688849	55409812	0.8227	chip1
1692097	55426201	0.6691	chip1
1727436	55502228	1	chip1
1701037	55508777	1.3951	chip2
1753415	55666322	0.843	chip2
1728118	55668136	0.6462	chip1
1711462	55714536	0.7478	chip2
1664319	55741226	1.0699	chip1
1718553	55764138	1.4284	chip2
1652582	55844519	1	chip2
1722762	55990324	1.1989	chip2
1654502	56009666	0.5806	chip1
1700983	56036056	1.0545	chip2
1664977	56041368	1	chip1
1739777	56206869	0.9643	chip2
1686970	56207450	0.641	chip2
1660401	56247384	1.3026	chip2
1727569	56276284	1.1702	chip2
1701811	56409075	1.1027	chip2
1753157	56409197	0.7153	chip2
1739751	56562885	0.5973	chip2
1731292	56577668	0.8757	chip1
1664265	56708444	0.7617	chip1
1648146	56756704	1.9238	chip2
1720893	56757171	0.5846	chip2
1653810	56758474	0.5728	chip2
1729059	56759608	0.6332	chip2
1654757	56764704	1.6813	chip2
1711311	56767246	1.3682	chip1
1714316	56785484	1.0197	chip2
1727743	56792268	1.1446	chip2
1752465	56833286	1.0757	chip2
1652861	56859330	0.9658	chip1
1653021	56859774	1.404	chip1
1704898	56982469	1	chip1
1642045	57020140	0.8074	chip2
1721816	57044794	0.8949	chip2
1749198	57302918	1.3314	chip1
1750958	57311262	1.049	chip1
1651052	57434046	1.5537	chip2
1685821	57451090	1.4321	chip1
1691003	57481363	1	chip1
1691097	57481879	2.0811	chip1
1645502	57527012	1.4733	chip2
1722738	57527478	1.5872	chip2
1698496	57535751	0.6427	chip1
1682090	57542238	0.8292	chip2
1693405	57557588	0.5982	chip2
1729094	57626326	0.8773	chip2
1664686	57638754	0.8521	chip2
1670083	57768958	0.9306	chip2
1666413	57845828	0.8549	chip1
1677154	57861296	2.0511	chip2
1642521	57861955	0.9624	chip2
1707851	57862917	0.9786	chip1
1707985	57863486	1.9172	chip1
1744697	57889676	0.9256	chip2
1715112	57891542	0.9013	chip1
1646263	57934628	1.2248	chip1
1649871	57947984	0.4487	chip1
1712749	57965843	1.6339	chip2
1696621	58002279	1.0712	chip1
1696805	58003188	0.7669	chip1
1758433	58065639	2.4715	chip2
1667784	58075565	0.6279	chip2
1647150	58133987	2.1212	chip2
1650745	58146021	1.0025	chip1
1699496	58200953	0.549	chip1
1699642	58201055	1.2441	chip1
1701348	58206286	1.2696	chip1
1703168	58212353	1.2959	chip1
1731995	58227105	1	chip2
1689975	58228520	1.1898	chip2
1750302	58263356	2.3455	chip1
1750420	58263439	1.3247	chip1
1643230	58282102	1	chip1
1658830	58288238	0.8034	chip2
1672586	58292838	0.6479	chip2
1686975	58302507	1	chip1
1688395	58303277	1	chip1
1713462	58319193	0.7041	chip2
1695564	58345071	2.0063	chip1
1695682	58345331	1.1792	chip1
1736206	58371472	2.0181	chip1
1737799	58377438	0.9231	chip1
1739412	58388338	0.9403	chip1
1721067	58434432	1.0624	chip2
1666442	58464932	1.1576	chip2
1732313	58467976	1.3367	chip2
1653400	58469114	0.7768	chip2
1718929	58490508	1	chip2
1653285	58525067	1.6717	chip1
1691880	58547139	0.5522	chip2
1717685	58553352	0.8116	chip2
1752673	58643763	0.5245	chip2
1709437	58648680	0.963	chip2
1718851	58696417	0.8592	chip2
1703833	58735188	1.6134	chip2
1696118	58805643	1.8308	chip2
1655988	58809040	0.9098	chip1
1708199	58896364	0.959	chip1
1708367	58898054	0.696	chip1
1708479	58899485	1.4883	chip1
1751808	58934916	1.6217	chip1
1751914	58934992	1.1779	chip1
1752144	58937971	0.5346	chip1
1753968	58947394	1.8122	chip1
1719441	58984786	1.4034	chip2
1694381	58986064	1.1137	chip2
1728657	58986227	0.7148	chip2
1715671	58987461	0.7016	chip2
1688487	59003816	2.0992	chip1
1708080	59006987	1.2506	chip2
1707601	59011776	0.7233	chip2
1657896	59051755	1.334	chip2
1658430	59051846	2.0552	chip2
1716913	59064028	0.9722	chip2
1698814	59070127	0.6559	chip1
1750029	59098498	1.5758	chip2
1661520	59121696	1	chip2
1747478	59133539	1.381	chip1
1747958	59136861	1.829	chip1
1748060	59137083	1.557	chip1
1723816	59149051	0.8837	chip2
1712843	59149449	1.2924	chip2
1675277	59181638	0.6216	chip2
1735296	59181666	0.5672	chip2
1681091	59190058	0.8839	chip1
1748217	59203604	0.9146	chip2
1691492	59258140	0.9143	chip2
1674620	59340771	1	chip1
1674806	59341772	2.2954	chip1
1676637	59354900	0.5487	chip1
1678489	59362163	1	chip1
1680163	59372262	1.6161	chip1
1659172	59381622	1.4787	chip2
1688272	59382187	1.4108	chip2
1722912	59396277	1.496	chip2
1736233	59400989	1.0986	chip2
1664140	59401492	1.8039	chip2
1647046	59401731	1.0383	chip2
1677074	59401944	0.7951	chip2
1755550	59402209	0.6293	chip2
1661944	59402994	0.7717	chip2
1759017	59412626	1.1327	chip2
1712227	59426552	1.0585	chip2
1718537	59436112	0.8711	chip2
1705066	59451580	1.7887	chip1
1648240	59453486	1	chip2
1753818	59496094	0.5847	chip1
1645083	59527111	0.6666	chip1
1646683	59537110	0.8425	chip1
1648651	59543080	1.6122	chip1
1701341	59547577	1.2765	chip2
1650675	59567308	0.8149	chip1
1653861	59575994	1	chip1
1745260	59679485	1.144	chip2
1686069	59680648	1.6502	chip1
1686187	59681209	1.5994	chip1
1686293	59681310	0.6732	chip1
1687891	59692534	1	chip1
1691191	59712722	1	chip1
1691287	59713110	1	chip1
1696753	59809190	1	chip1
1740206	59869231	1	chip1
1721516	59874592	1	chip2
1648712	59882257	1	chip2
1748980	59993909	1	chip1
1754100	60025078	0.8643	chip2
1704771	60141739	1.2383	chip2
1663696	60141766	2.7421	chip2
1732485	60142165	1.3415	chip1
1684082	60153335	0.4351	chip2
1709409	60155360	0.4808	chip2
1709915	60156822	1.7375	chip2
1743042	60187711	1.4474	chip1
1642853	60188823	1	chip2
1691867	60189209	1	chip2
1666682	60192798	1	chip2
1756795	60200448	1.3325	chip2
1699569	60200717	1.0825	chip2
1673066	60235771	0.8178	chip2
1650638	60236597	0.5041	chip2
1755104	60259774	1.1901	chip2
1723489	60273883	0.8604	chip1
1723639	60274269	0.7864	chip1
1740983	60286073	0.7443	chip2
1737304	60325558	0.6786	chip1
1738732	60329072	1	chip1
1751104	60339754	1	chip1
1691098	60350965	0.8095	chip2
1693042	60351377	1.142	chip2
1675578	60425279	0.9156	chip2
1712265	60429880	1	chip2
1662362	60458410	1.9304	chip2
1731155	60487446	1.4672	chip2
1642365	60499508	0.5697	chip2
1723840	60500332	0.9505	chip2
1743014	60534950	0.7178	chip1
1743480	60538147	2.0088	chip1
1749679	60539744	0.8375	chip2
1703417	60567412	1.4539	chip2
1748169	60568918	1.0524	chip2
1752318	60587090	0.6865	chip1
1757712	60607440	0.9807	chip1
1681799	60736067	0.4051	chip1
1686687	60770539	1	chip1
1684532	60782638	1.3365	chip2
1741072	60864368	1.5198	chip1
1741178	60864394	1.4916	chip1
1648116	60866356	0.7315	chip2
1749470	60893955	1.2002	chip1
1746206	60897156	0.8111	chip2
1705219	60908705	0.5825	chip2
1677509	60928618	1	chip1
1717709	60928887	1	chip2
1663358	60944750	1.2412	chip2
1684481	60964494	1	chip1
1672288	61108982	0.9028	chip2
1707976	61138447	0.7527	chip2
1659376	61138773	0.9018	chip2
1718033	61138821	0.9601	chip2
1746492	61138890	1.4164	chip2
1711232	61139352	0.801	chip2
1742967	61196600	1.3015	chip2
1720288	61199482	0.6015	chip1
1663685	61257464	1	chip1
1743403	61294302	0.6662	chip2
1693297	61407078	1.4482	chip1
1698466	61423814	1	chip1
1698624	61424358	1.4109	chip1
1690643	61427634	1	chip2
1733796	61429646	1.2215	chip2
1700713	61430021	0.8108	chip1
1674951	61441223	0.8216	chip2
1742272	61449932	0.9537	chip1
1742380	61450816	0.8745	chip1
1758406	61506464	1.3076	chip2
1709473	61510632	1	chip2
1683346	61521954	1.0741	chip2
1734916	61522889	1.2504	chip2
1724694	61523022	1	chip2
1723640	61581641	1.5972	chip2
1738129	61635272	0.9473	chip1
1744620	61650435	1	chip1
1744858	61650677	1	chip1
1748566	61658519	1.5074	chip1
1680078	61674156	1	chip2
1673207	61676174	1	chip1
1676227	61682164	1.2418	chip1
1680083	61700535	0.7382	chip1
1659098	61814767	1.0225	chip2
1733930	61920061	1.5457	chip2
1757679	61920906	1.2222	chip2
1755478	61921218	0.6373	chip2
1678732	61921240	0.9711	chip2
1755542	61932798	1.3506	chip2
1679081	61955305	2.537	chip1
1729596	61958798	0.754	chip2
1657033	61960443	1.907	chip2
1719472	61969478	0.7795	chip1
1719584	61969798	0.8246	chip1
1677832	61987217	1	chip2
1725918	62019618	1	chip2
1647040	62019675	0.9914	chip2
1726130	62071933	1	chip2
1667620	62073509	1	chip2
1690403	62079445	1.3624	chip2
1741271	62090667	1.6374	chip2
1716613	62116021	1.1205	chip2
1740844	62194446	1.2197	chip1
1725996	62197881	1.5047	chip2
1747966	62255774	0.639	chip1
1751478	62270621	0.9611	chip1
1716563	62321023	2.313	chip2
1674102	62326733	1.907	chip2
1740003	62334388	1.1346	chip2
1689460	62374658	0.7992	chip2
1704641	62384830	1.0468	chip2
1667813	62424632	0.7099	chip1
1706481	62445740	0.703	chip2
1681759	62481134	1	chip1
1744987	62505930	0.7454	chip2
1684014	62528786	1.9049	chip2
1642927	62529198	1.1157	chip2
1723936	62547637	1.4425	chip2
1729501	62548163	0.7992	chip1
1734363	62567355	1.2938	chip1
1734527	62568916	0.9317	chip1
1736480	62581538	1	chip1
1665848	62584649	0.8273	chip2
1677114	62584935	0.9469	chip2
1744419	62585043	1.7522	chip2
1654133	62617865	1	chip2
1675844	62682725	0.6135	chip2
1754572	62684054	0.8144	chip2
1714600	62684552	0.8088	chip1
1714718	62684792	1.2479	chip1
1716046	62685068	1	chip1
1716200	62685365	1	chip1
1716290	62686715	1	chip1
1716570	62687627	1	chip1
1718042	62688803	0.9543	chip1
1718244	62689206	1	chip1
1718370	62689338	1	chip1
1720096	62704590	0.8755	chip1
1727316	62728585	1.327	chip1
1727432	62729149	0.7059	chip1
1666764	62742195	1.8083	chip2
1653143	62765482	1.4707	chip1
1653357	62768048	1.5099	chip1
1656622	62779762	1	chip1
1656828	62780059	1	chip1
1714282	62821743	0.562	chip2
1709246	62830650	1.2087	chip1
1719592	62859452	1	chip1
1721733	62865412	0.4675	chip1
1724180	62891787	0.69	chip2
1685214	62922680	0.4634	chip2
1709903	62922862	0.935	chip2
1687138	62927000	0.8989	chip2
1654200	62930113	1.12	chip1
1673385	62955023	1.1195	chip1
1679752	63017082	0.8266	chip2
1733395	63036311	0.7143	chip1
1736504	63040891	1.1054	chip1
1665679	63066166	1.4686	chip1
1665791	63066917	1	chip1
1670798	63138819	1.5773	chip2
1690709	63166031	0.6751	chip2
1666986	63191894	1.154	chip2
1727273	63193638	1.6917	chip1
1727382	63193874	1	chip1
1688172	63305742	0.7933	chip2
1726030	63306953	1.2733	chip2
1661419	63315265	1	chip1
1661525	63315396	1	chip1
1665003	63324444	1	chip1
1671919	63340114	0.979	chip1
1679754	63380873	1	chip2
1693771	63381165	1	chip2
1730066	63385534	1	chip2
1708024	63452171	1.0796	chip2
1655576	63456982	1.9514	chip1
1705373	63477977	0.82	chip2
1749433	63500527	0.7905	chip2
1716896	63520149	1	chip1
1751549	63527844	1.1208	chip2
1731197	63529665	0.737	chip2
1695365	63530623	0.6767	chip2
1688988	63531855	1	chip2
1661964	63532702	0.8984	chip2
1733498	63532908	2.0015	chip2
1649435	63539534	0.855	chip1
1654199	63562896	1.9762	chip2
1656476	63564628	1.2752	chip1
1656726	63565313	0.837	chip1
1693188	63578658	1	chip2
1729100	63579045	1.0619	chip2
1749585	63579086	1.4819	chip2
1707362	63603452	1	chip1
1702859	63612645	0.8852	chip2
1728980	63657024	1	chip1
1732294	63676932	1	chip1
1733703	63678475	1	chip1
1733819	63678539	1	chip1
1733977	63679379	0.7207	chip1
1739080	63693472	1	chip1
1657878	63764050	1.9033	chip2
1658654	63766506	1.3222	chip2
1670086	63766669	1.47	chip1
1670234	63766980	1.4254	chip1
1670356	63767040	2.2459	chip1
1670461	63767251	0.8386	chip1
1679133	63780537	1.0892	chip1
1719518	63805424	1	chip1
1695419	63817806	0.8826	chip2
1677368	63818464	0.7831	chip2
1757555	63818588	1	chip2
1691454	63842680	0.8024	chip2
1643894	63844371	0.561	chip2
1730113	63847234	1.1016	chip1
1688102	63848889	1	chip2
1733589	63863011	1.7385	chip1
1703419	63863951	1.0871	chip2
1655932	63872676	1.6117	chip1
1669650	63960722	1.1726	chip1
1669764	63960852	1	chip1
1669900	63962045	0.8496	chip1
1753169	64006260	1	chip2
1755846	64018418	1.3336	chip2
1722623	64029428	1.6169	chip1
1757677	64108045	1.4196	chip2
1653219	64115108	1.5166	chip1
1662061	64229325	0.7494	chip1
1716012	64309638	1	chip1
1716160	64310213	1	chip1
1696068	64314819	1.7061	chip2
1645307	64336186	1.1367	chip1
1738719	64337322	0.6355	chip2
1745554	64337690	0.7414	chip2
1654645	64344665	0.981	chip2
1686612	64364844	1	chip2
1697598	64379601	1.3267	chip1
1697706	64379646	1	chip1
1722730	64398361	1.4251	chip2
1642990	64462488	0.6761	chip1
1643178	64462524	0.7784	chip1
1644889	64468678	1.3782	chip1
1645109	64469579	1.2385	chip1
1647033	64473006	2.1257	chip1
1647157	64473059	0.5174	chip1
1671351	64481420	1.0875	chip1
1727516	64525391	0.6573	chip1
1689737	64567465	1.55	chip2
1728131	64583218	1.6769	chip2
1652522	64583654	1.6597	chip2
1730049	64681112	0.8347	chip1
1731446	64688257	1	chip1
1731620	64688338	1.2852	chip1
1731726	64688743	1.8689	chip1
1713634	64708404	0.5492	chip2
1758167	64710302	0.8205	chip2
1665845	64722887	0.9613	chip1
1665945	64724004	0.8543	chip1
1671383	64753363	1.261	chip1
1671555	64753516	1.8984	chip1
1735582	64760270	0.8963	chip2
1672072	64832762	0.6761	chip2
1707170	65101151	1.3323	chip1
1750439	65116947	1.062	chip2
1729794	65128922	1	chip2
1713434	65160772	0.5354	chip2
1715728	65164689	0.7536	chip1
1715826	65165690	0.9412	chip1
1715940	65165991	0.9101	chip1
1716066	65166301	1	chip1
1650475	65244211	1.482	chip1
1650579	65244515	0.8435	chip1
1722691	65400180	1	chip1
1722795	65400295	1.2529	chip1
1722907	65400864	1	chip1
1698671	65949528	1	chip2
1708577	66413741	0.9731	chip1
1651948	66582351	1	chip2
1656874	66838812	1.3502	chip1
1700519	66920682	1.382	chip1
1700639	66922658	1.0005	chip1
1754463	67013132	1.7074	chip1
1741687	67026159	0.9358	chip2
1714927	67026799	0.7857	chip2
1706397	67277971	0.8776	chip2
1723408	67278398	0.9114	chip2
1759010	67412565	1.4066	chip2
1716348	67415352	1.8891	chip1
1675930	67420442	1.1178	chip2
1705029	67514126	1.1911	chip2
1727472	67518483	0.8879	chip1
1650913	67551815	1	chip1
1654328	67585184	0.4308	chip1
1703314	67731642	0.7823	chip1
1734894	67818585	1.4253	chip2
1647013	67987772	1	chip1
1722114	68013029	0.6545	chip2
1730034	68224471	1.2735	chip2
1752890	68242493	1	chip1
1753016	68242515	1	chip1
1754687	68255423	0.8984	chip1
1664586	68431493	1.2108	chip2
1670464	68461639	1.0268	chip2
1694728	68475241	0.8775	chip1
1696297	68493134	1.2765	chip1
1643665	68907319	1	chip1
1652398	69085725	1.3606	chip2
1748334	69315056	0.5865	chip1
1681066	69448004	2.0052	chip2
1753005	69448269	1	chip2
1643863	69553346	0.7093	chip1
1702084	69587667	1.753	chip1
1687391	69625229	1.9414	chip1
1749901	69659862	1.17	chip2
1700073	69671603	1	chip2
1690383	69780236	1.3892	chip2
1755261	69918116	0.8618	chip1
1646803	69999917	0.8888	chip1
1684533	70002042	1	chip1
1750687	70055419	0.7404	chip2
1691863	70062424	1	chip1
1693546	70067186	0.6718	chip1
1693648	70067280	1	chip1
1722654	70109022	1.3353	chip2
1746003	70184073	1	chip1
1708877	70185232	1	chip2
1753158	70238654	0.9406	chip1
1754781	70250594	0.9674	chip1
1682557	70326001	1.3632	chip1
1686144	70367035	1.7492	chip2
1686055	70379602	1.3453	chip1
1691217	70461679	1.4038	chip1
1736271	70523226	0.5525	chip2
1692700	70523416	1.1334	chip2
1735141	70525100	0.5024	chip1
1698107	70571040	0.6826	chip2
1656415	70571298	0.6305	chip2
1742072	70575918	0.7064	chip1
1743392	70576361	1	chip1
1757169	70577824	1.111	chip2
1678663	70636628	0.9425	chip1
1723961	70669011	1	chip1
1726301	70684015	0.8591	chip1
1734639	70710256	1.2277	chip1
1736626	70719603	2.0259	chip1
1736726	70721195	1.3175	chip1
1664436	70732657	2.1003	chip2
1688068	70742502	0.652	chip2
1673400	70776372	1	chip2
1669254	70787866	0.9845	chip1
1676233	70815782	1	chip1
1722360	70818194	1.3333	chip2
1716354	70838616	1.365	chip1
1722131	70874385	1	chip1
1723869	70887457	1.1489	chip1
1724376	70891871	1.028	chip2
1704523	70892039	1.4089	chip2
1744510	70959782	1.0825	chip1
1744664	70961273	0.9676	chip1
1692804	70981182	1	chip2
1682816	71028325	1.1551	chip2
1668983	71028485	1.6717	chip2
1689966	71151888	1.3456	chip1
1693322	71183124	1	chip1
1693448	71183399	0.7976	chip1
1651500	71203450	0.8974	chip2
1695213	71203534	2.1299	chip2
1691664	71255971	0.9259	chip2
1740328	71313602	1.1161	chip1
1753003	71340325	0.677	chip2
1659912	71340481	1	chip2
1745310	71358068	1.8293	chip2
1749188	71371224	0.8923	chip1
1705417	71404752	1.4748	chip2
1726924	71405533	0.7256	chip2
1648064	71406978	0.5744	chip2
1727355	71472671	1	chip2
1701427	71507969	1.2852	chip2
1690526	71538241	1	chip1
1737841	71594134	0.8483	chip1
1713746	71629089	1.2575	chip2
1682625	71939207	1.0576	chip1
1701377	71956574	1	chip2
1677274	71972763	2.0923	chip2
1724012	71982360	1.2448	chip2
1659676	71984877	0.5655	chip2
1726542	71988532	0.6314	chip2
1709951	72014878	1	chip2
1671161	72018658	1.51	chip1
1713254	72039233	1	chip1
1720724	72087261	0.9686	chip1
1651405	72116858	0.6366	chip1
1758209	72144267	1.4459	chip2
1750549	72145309	0.6121	chip2
1663230	72153219	0.9707	chip2
1737687	72181970	1.4012	chip2
1651514	72230835	1	chip2
1678076	72231717	1.3705	chip2
1683151	72243311	1	chip1
1688559	72266025	1.1006	chip1
1688689	72266390	0.8105	chip1
1692115	72281789	0.4927	chip1
1693820	72291795	1	chip1
1678749	72348711	0.9853	chip1
1678871	72348989	1.0861	chip1
1728102	72373535	0.6045	chip1
1729178	72387865	1.0753	chip2
1656205	72397297	0.9648	chip2
1745516	72413224	0.8326	chip2
1684836	72415457	1.6108	chip2
1676095	72446965	1	chip1
1720082	72508058	0.84	chip1
1720178	72509970	0.9109	chip1
1720300	72509996	1	chip1
1709685	72528174	0.3924	chip2
1650164	72745821	1.0514	chip2
1658111	72784744	0.5724	chip1
1661591	72798406	0.8059	chip1
1668982	72830094	1	chip1
1670312	72830437	1	chip1
1710577	72845290	1	chip1
1657015	72847378	1.0472	chip2
1714091	72856688	1	chip1
1653600	72882363	1.976	chip2
1741371	72882853	1	chip2
1719812	72887398	1	chip1
1686754	73055412	1.0537	chip2
1674483	73055899	0.59	chip2
1750537	73066203	0.8903	chip2
1647778	73431014	0.689	chip2
1731848	73484306	1	chip1
1731968	73484448	1.1646	chip1
1733735	73491261	1.0268	chip1
1733837	73491683	0.9706	chip1
1733941	73491780	0.6259	chip1
1739100	73507260	1.5034	chip1
1709313	73646281	1.1884	chip2
1686376	73701909	0.9923	chip2
1723135	73760231	0.629	chip1
1724427	73761944	1.841	chip1
1724599	73762219	1	chip1
1724709	73762403	1	chip1
1724841	73762642	1	chip1
1726833	73787516	1.0862	chip1
1728616	73789242	1	chip1
1728736	73789787	0.8715	chip1
1664617	73901977	0.8402	chip1
1665911	73902288	0.8387	chip1
1709636	73935434	2.0785	chip1
1720308	73979398	1	chip1
1720692	73980404	1.17	chip1
1712959	74044149	0.9422	chip2
1745868	74096937	0.7097	chip2
1718187	74542425	1.0752	chip2
1656271	74542510	0.6371	chip2
1661672	74542562	0.7426	chip2
1700059	74550728	2.3558	chip2
1754278	74571889	1.4777	chip2
1679732	74571971	1.3931	chip2
1729275	74580472	1.0577	chip1
1729513	74580998	0.835	chip1
1699769	74602921	1.368	chip2
1738032	74603381	0.9049	chip2
1750327	74603719	0.8991	chip2
1720030	74673564	1.0236	chip1
1722502	74719491	0.795	chip2
1697448	74720167	1.1342	chip2
1725936	74726944	0.5628	chip2
1705531	74727028	0.9172	chip2
1654023	74738567	1.4264	chip2
1736399	74749038	1.6021	chip2
1676580	74750700	1.3836	chip2
1654575	74755057	0.7375	chip2
1695055	74755148	0.9297	chip2
1730030	74755225	0.6822	chip2
1653015	74850753	0.8715	chip1
1653189	74850895	1.4992	chip1
1655188	74871410	0.8752	chip1
1698384	74887846	1.0515	chip1
1671950	74891643	1	chip2
1725504	74904482	1	chip2
1705502	74908778	1	chip1
1713358	74912694	1	chip2
1672128	74932509	0.5196	chip2
1711466	74933805	1	chip2
1718397	74948744	0.8605	chip2
1718575	74948793	0.6834	chip2
1650016	74971494	1.0355	chip2
1698759	74971964	0.954	chip2
1746871	74972320	1.4719	chip2
1685252	74972385	0.8664	chip2
1692173	74976212	1.6345	chip1
1692329	74976615	1.334	chip1
1692441	74976715	0.8814	chip1
1692557	74976815	1.3386	chip1
1692372	74980521	0.6858	chip2
1694440	74983721	1.3176	chip1
1695852	74983935	1.4163	chip1
1696351	74988568	1.4857	chip1
1680278	74996676	1.1281	chip2
1699163	75059110	1.0757	chip2
1748625	75082779	1.4669	chip2
1661740	75084384	0.4767	chip2
1738390	75095527	1.414	chip1
1714489	75341285	2.168	chip2
1742910	75378232	0.8063	chip1
1694793	75436470	0.8957	chip2
1722292	75436497	1.6891	chip2
1662570	75436534	2.362	chip2
1665715	75443819	0.4365	chip1
1649906	75459358	0.8562	chip2
1677769	75484446	1	chip1
1678241	75487128	1	chip1
1738769	75509201	1	chip2
1732086	75553120	1.2186	chip1
1658031	75571615	1.0787	chip1
1659857	75574008	1.4463	chip1
1731059	75582042	1.9073	chip2
1665069	75585187	1.4814	chip1
1674805	75589030	0.9116	chip2
1672257	75598732	0.5566	chip1
1672433	75599781	1.0833	chip1
1673771	75600838	0.977	chip1
1673893	75600979	1.2351	chip1
1674007	75601018	1	chip1
1674107	75601039	1.3007	chip1
1674280	75601178	0.3678	chip1
1642289	75609719	0.7148	chip2
1713564	75610914	1.0474	chip2
1669881	75629822	1.0774	chip2
1659534	75631848	0.8805	chip2
1707649	75631878	2.5567	chip2
1659625	75662651	1.2859	chip1
1704438	75680296	1.3473	chip1
1704588	75680433	1.2364	chip1
1704714	75680718	0.3832	chip1
1709186	75874898	0.3829	chip1
1709284	75875092	1.2623	chip1
1709370	75875257	1.4702	chip1
1752952	75892249	1.3137	chip1
1756087	75894385	0.8009	chip1
1756285	75895096	0.5959	chip1
1752399	75899063	1.0962	chip2
1732656	75900023	0.9927	chip2
1643095	75900070	0.9453	chip2
1736093	75902690	1	chip2
1720899	75941281	1.3886	chip2
1643874	75943019	1	chip2
1695355	75946233	1.1704	chip2
1674991	75946503	1.3169	chip2
1702135	75946589	1.7013	chip2
1732445	75946750	0.6606	chip2
1722490	75947263	0.7064	chip2
1707944	75947457	0.9049	chip2
1651864	75947629	0.5892	chip2
1734974	75947951	0.8273	chip2
1719448	75968688	1.2266	chip1
1667525	76031223	0.9976	chip1
1669202	76032948	1.4783	chip1
1676630	76042086	0.7233	chip2
1709460	76045613	1.4912	chip1
1711321	76049994	0.3336	chip1
1723773	76083974	0.5654	chip1
1647679	76093144	1.5418	chip1
1653321	76107378	1.0975	chip1
1641789	76126270	1.4934	chip2
1703384	76128802	1	chip1
1703496	76129301	0.9095	chip1
1705634	76132704	1.4196	chip1
1714620	76152866	1	chip1
1652537	76176757	1.2551	chip1
1653891	76177034	1.1336	chip1
1654276	76177560	1.9976	chip1
1656082	76178992	0.77	chip1
1656186	76179102	1.3683	chip1
1696265	76185786	1.5362	chip1
1658438	76204403	0.877	chip2
1721760	76217620	1.2979	chip2
1661334	76218098	1.0327	chip2
1742357	76240765	1.4917	chip2
1749197	76240797	0.9142	chip2
1749443	76268119	0.6968	chip2
1717849	76268225	0.9703	chip2
1664002	76268665	1.3446	chip2
1661393	76389776	1.5916	chip1
1661751	76391378	1	chip1
1711887	76424643	1	chip1
1712002	76424709	1.0467	chip1
1708607	76461893	1.4827	chip2
1660370	76498035	1.1634	chip1
1702258	76514357	0.9116	chip1
1720833	76517193	1.312	chip2
1714864	76551008	1	chip1
1753485	76567451	0.8069	chip2
1741671	76567775	0.8898	chip2
1642090	76570613	1.1774	chip1
1642280	76571049	1.6244	chip1
1649527	76584530	1	chip1
1729752	76609032	1.2837	chip2
1728023	76622640	1.382	chip2
1679978	76625727	1.3331	chip2
1734592	76626465	1.2461	chip2
1707077	76626535	1.3203	chip2
1728307	76649999	1.8477	chip2
1746852	76658185	1.3989	chip1
1746136	76698706	1	chip2
1737107	76698765	2.1691	chip2
1643276	76710132	1.235	chip1
1645247	76717963	1.5374	chip1
1645417	76718209	1.0058	chip1
1742073	76769267	1	chip2
1741467	76779219	1	chip2
1739357	76779471	1.6736	chip2
1654065	76848674	0.7326	chip2
1705865	76896265	0.9668	chip2
1681986	77016251	1.3189	chip2
1658683	77050361	1.049	chip1
1658879	77050888	1.0212	chip1
1717331	77095856	0.9074	chip2
1724626	77096293	1.0994	chip2
1699039	77096360	0.3971	chip2
1675706	77140758	0.6895	chip2
1682354	77192727	0.9829	chip2
1741654	77223246	0.779	chip1
1671544	77238804	1.3593	chip2
1665102	77239087	1	chip2
1755901	77252196	1	chip1
1695828	77287125	1.1462	chip1
1705079	77312188	1.1491	chip2
1672447	77353386	0.8041	chip1
1679231	77370065	0.9879	chip1
1679397	77370366	1	chip1
1679533	77370483	0.541	chip1
1679643	77370512	1.0329	chip1
1642145	77371955	1.275	chip2
1720767	77459112	0.8946	chip2
1680992	77459224	1.5345	chip2
1700815	77468602	1.7122	chip2
1691270	77468635	0.7945	chip2
1651280	77468837	1.447	chip2
1756628	77478606	1.1575	chip1
1642060	77480575	1.0427	chip1
1651215	77502769	1	chip1
1727166	77509264	1.6238	chip2
1692879	77512176	1.0049	chip1
1700098	77535392	0.6526	chip1
1701452	77535778	0.8547	chip1
1750288	77564364	1.0088	chip1
1703573	77566282	0.5263	chip2
1716653	77566497	1.0261	chip2
1643372	77583096	1.7623	chip1
1754925	77646383	1.288	chip1
1755027	77646479	1	chip1
1677113	77647370	0.7348	chip1
1671354	77648659	0.6806	chip2
1696924	77648829	0.5837	chip2
1736059	77649268	1	chip2
1673160	77649348	1.1872	chip2
1757325	77649935	0.982	chip2
1709341	77650139	0.7972	chip2
1680811	77651374	1	chip1
1684423	77662541	1.1281	chip1
1686241	77666093	1.1048	chip1
1663854	77696554	1.2103	chip2
1733509	77716149	0.6614	chip1
1657586	77745815	0.7677	chip2
1671339	77771773	0.9235	chip1
1671449	77772586	0.9702	chip1
1671697	77773722	0.7399	chip1
1656321	77787235	0.9944	chip2
1695303	77787324	0.6572	chip2
1750899	77787383	1.1098	chip2
1705367	77794095	0.9664	chip2
1671870	77849307	0.5784	chip2
1651988	77854612	0.8541	chip2
1706821	77854698	0.5925	chip2
1710660	77874213	0.8719	chip2
1681762	77874316	0.7949	chip2
1648621	77874931	0.5575	chip1
1650141	77875524	1.0667	chip1
1712333	77895810	0.9013	chip2
1743712	77920300	1.0695	chip1
1743820	77920325	1	chip1
1745989	77927398	0.6115	chip1
1649246	77934863	1.0588	chip2
1705525	77935025	1	chip2
1700229	77935264	0.4699	chip2
1719953	77935693	0.7712	chip2
1661738	77936137	0.8939	chip2
1731201	77936519	0.6574	chip2
1708340	77959638	1.7322	chip2
1756185	77971170	1.2904	chip1
1662520	78038478	0.4322	chip2
1725484	78063158	0.4981	chip2
1642533	78063502	0.9443	chip2
1739802	78088067	1	chip1
1739910	78088193	1.1813	chip1
1676436	78108228	1.3164	chip2
1748678	78119642	0.9618	chip1
1722676	78123410	0.8256	chip2
1750163	78123444	1.0924	chip2
1693240	78123651	1.1392	chip2
1681417	78138862	1.3369	chip1
1681665	78139941	1	chip1
1683297	78141884	0.9229	chip1
1683529	78142522	1.3502	chip1
1647644	78146250	1.1825	chip2
1692654	78146415	1	chip2
1732244	78159145	1	chip1
1732344	78159191	1	chip1
1705339	78169622	0.9005	chip2
1708947	78194317	0.8946	chip2
1721916	78204225	1.3569	chip2
1715173	78218998	1.5783	chip2
1688454	78219413	1.5468	chip2
1743133	78237914	1.1111	chip2
1688842	78238335	0.7188	chip2
1742367	78238353	1.7395	chip2
1704233	78238868	1.7512	chip2
1730013	78255441	1.1417	chip1
1731460	78259088	1.5616	chip1
1659261	78295108	1.1192	chip1
1661202	78296418	1.0208	chip1
1697712	78391762	0.6596	chip1
1697860	78392110	1.5457	chip1
1742814	78459674	1	chip1
1742980	78459719	0.9932	chip1
1743086	78460062	1	chip1
1711050	78461530	1	chip2
1701589	78462115	1	chip2
1692352	78462160	1	chip2
1746481	78499073	0.5126	chip1
1655243	78526291	0.8243	chip2
1752356	78526600	1.1716	chip1
1753794	78527579	0.6576	chip1
1754291	78528542	1.6658	chip1
1755687	78529809	1.0805	chip1
1681929	78548517	0.695	chip1
1682057	78548724	1.4262	chip1
1711080	78549193	1	chip2
1688891	78562274	1.1397	chip1
1689083	78562479	0.6844	chip1
1668987	78568860	1.4515	chip2
1736368	78581342	0.8951	chip1
1736488	78581401	1.1012	chip1
1737821	78582340	0.6842	chip1
1737995	78582528	1.7234	chip1
1738089	78582867	1.1444	chip1
1688477	78689018	1.3474	chip1
1737288	78709167	1	chip1
1737418	78709280	1.5159	chip1
1737622	78709428	0.6155	chip1
1666681	78719546	0.4633	chip1
1666779	78719627	1.3392	chip1
1666869	78720108	0.6983	chip1
1668203	78720151	1.2001	chip1
1668503	78720855	0.9707	chip1
1668800	78721310	0.7041	chip1
1650142	78744875	0.8766	chip2
1726881	78791392	1.4064	chip1
1722622	78793150	1.2908	chip2
1726658	78795227	1.07	chip2
1733607	78808766	1.7863	chip1
1733721	78808972	1.1671	chip1
1733829	78809054	1.1363	chip1
1662575	78872764	1.0015	chip1
1662671	78872807	1.8942	chip1
1717060	78917727	0.6815	chip1
1708957	78919218	1	chip2
1727888	78938299	0.836	chip1
1743186	78950669	1.2136	chip1
1679406	78973391	1.0505	chip2
1757835	78973591	1.4853	chip2
1650008	78974477	0.8612	chip2
1720811	78974546	1.2345	chip2
1753810	78981224	1.1697	chip1
1657618	79009741	1.5475	chip2
1686711	79013904	1.0299	chip1
1686941	79014185	1.5386	chip1
1757475	79032019	1.1312	chip2
1703863	79032118	1.4974	chip2
1693850	79033194	0.6716	chip1
1735926	79048359	0.7516	chip1
1737540	79049929	0.8898	chip1
1737644	79050133	0.8433	chip1
1741060	79070531	1.3461	chip1
1733014	79083971	0.6009	chip2
1744436	79087799	1	chip1
1744554	79087840	1	chip1
1667966	79189791	0.8969	chip2
1680358	79216250	0.6906	chip2
1754392	79216282	1.1022	chip2
1726853	79253081	1.6647	chip1
1726951	79253306	1.1301	chip1
1756154	79264178	1.0113	chip2
1711981	79278578	1.1277	chip2
1662591	79304514	1.1396	chip1
1662697	79304695	1	chip1
1662823	79304911	0.6094	chip1
1666349	79317626	0.5339	chip1
1666579	79323531	1.3331	chip1
1650484	79326228	0.8768	chip2
1662604	79326758	1	chip2
1679061	79369334	1	chip1
1721278	79388314	1.6557	chip1
1722050	79412290	1	chip2
1740189	79419177	2.5878	chip2
1728274	79425270	0.7878	chip1
1729831	79426638	0.8714	chip1
1723204	79444045	1.3016	chip2
1657428	79466262	0.9278	chip1
1685124	79494573	1	chip2
1734598	79494930	0.5551	chip2
1693941	79495046	1.5769	chip2
1657952	79500807	1.2698	chip2
1667559	79509800	1.0151	chip1
1718324	79570845	0.9366	chip1
1663928	79611798	1.0236	chip2
1695891	79632301	1.0233	chip2
1653147	79634322	0.7909	chip1
1677629	79671684	1.5325	chip1
1677743	79672326	0.7129	chip1
1677867	79672774	0.8307	chip1
1678059	79672823	1.2231	chip1
1648702	79787842	0.8769	chip2
1673483	79893811	1	chip1
1732717	79962684	1.2814	chip1
1732945	79963216	1.1134	chip1
1733089	79963386	0.9895	chip1
1733211	79963628	1	chip1
1718282	80064534	1.0653	chip1
1725047	80084478	2.0844	chip1
1670632	80136934	0.8156	chip2
1697390	80137230	0.5414	chip2
1656797	80137328	1.4228	chip2
1659809	80154674	1.5441	chip1
1708185	80222553	1.081	chip1
1734210	80285914	1	chip2
1737161	80286482	0.6125	chip2
1729742	80532566	0.967	chip2
1663724	80541938	0.9169	chip2
1671102	80543096	1.5885	chip2
1660688	80595280	1	chip1
1701968	80607111	0.8127	chip1
1710911	80637378	1	chip1
1687802	80675265	1.3302	chip2
1657632	80676273	0.9453	chip2
1750011	80692896	1.3785	chip2
1751339	80693012	1.4662	chip2
1739508	80694610	1.4394	chip1
1739688	80694926	0.897	chip1
1740864	80695143	0.9653	chip1
1741404	80701042	1.3419	chip1
1742582	80701188	1.2815	chip1
1742706	80701360	0.7231	chip1
1677931	80741935	1.375	chip1
1730709	80757838	1.4739	chip2
1722318	80759119	1.0984	chip2
1687706	80759877	1.3797	chip2
1730323	80779108	0.9535	chip1
1694537	80790564	0.9615	chip2
1735445	80792954	1.6326	chip1
1729848	80861067	0.6718	chip2
1732646	80875546	1.2843	chip2
1724319	80935282	1.036	chip1
1732802	80951778	0.9094	chip2
1680256	80952933	1	chip2
1708946	81026671	1.5062	chip1
1714327	81039866	0.9183	chip1
1716136	81042535	2.1537	chip1
1717784	81043837	0.4414	chip1
1717972	81044043	0.8786	chip1
1671190	81046774	0.9206	chip2
1721061	81046985	0.7229	chip2
1682298	81047798	1.2381	chip2
1647281	81053476	1	chip1
1651123	81073474	1.0355	chip1
1656292	81086869	0.7477	chip1
1717769	81100879	1	chip2
1742729	81110290	0.7727	chip2
1713454	81115185	0.7781	chip2
1711881	81129898	1.2459	chip1
1753978	81139333	1.0647	chip1
1755465	81140611	0.7626	chip1
1734024	81167123	2.1197	chip2
1674098	81167218	1.4618	chip2
1677807	81174137	0.9984	chip1
1677939	81174246	1	chip1
1688330	81178040	2.9758	chip2
1658626	81178306	2.1125	chip2
1737795	81224424	1.4082	chip1
1665111	81239345	2.1936	chip1
1666569	81239767	1.836	chip1
1666765	81239988	0.8508	chip1
1744003	81259077	0.93	chip2
1730549	81261056	0.9532	chip2
1726842	81261103	1.1555	chip2
1703009	81261211	1.5743	chip2
1691304	81261346	1.108	chip2
1648478	81261583	1.2879	chip2
1658260	81262612	0.8135	chip2
1686182	81263431	1.0524	chip2
1751855	81263627	1.0289	chip2
1742483	81268673	0.6675	chip2
1750321	81268866	1.3079	chip2
1723067	81269816	1.5618	chip1
1701897	81276841	0.9681	chip2
1735211	81298757	1.3092	chip1
1659263	81311887	1	chip1
1664262	81327532	1.0876	chip2
1701555	81328157	0.8767	chip2
1656793	81328287	1.2075	chip2
1749823	81328552	1	chip2
1673608	81328576	1.5455	chip2
1684902	81328756	1.393	chip2
1740731	81340088	0.6884	chip2
1704791	81340601	0.8126	chip2
1694439	81379173	0.9991	chip2
1740729	81379409	1	chip2
1706803	81379514	1.5105	chip2
1658343	81385422	1	chip1
1658451	81385638	0.5976	chip1
1659998	81387022	1.3055	chip1
1660224	81387850	1	chip1
1663970	81418596	1	chip2
1674371	81419315	0.774	chip2
1706992	81420732	1	chip1
1707222	81421161	0.7028	chip1
1707450	81421810	0.431	chip1
1709000	81422281	1.9489	chip1
1709174	81422413	0.4951	chip1
1709266	81422728	0.6459	chip1
1709510	81424268	0.9692	chip1
1710803	81424957	1.6508	chip1
1717363	81432231	1.0495	chip2
1642209	81443739	0.9428	chip2
1698613	81444380	1	chip2
1748153	81445132	0.7238	chip2
1647703	81458174	0.9559	chip1
1647817	81458377	1.2696	chip1
1649159	81458870	1.1979	chip1
1649263	81458963	0.8449	chip1
1687612	81479951	1.1978	chip2
1719095	81480523	0.929	chip2
1733390	81481182	0.8993	chip2
1698036	81498186	1.2736	chip1
1723240	81515943	0.8466	chip2
1712170	81536609	0.7805	chip1
1712258	81536774	1	chip1
1685020	81539927	0.6195	chip2
1659446	81539966	0.6413	chip2
1699341	81548504	0.7657	chip2
1647888	81559356	1.0809	chip2
1737354	81577248	2.2358	chip1
1678034	81577855	0.4783	chip2
1667380	81578029	0.82	chip2
1725154	81578330	1.0859	chip2
1740402	81663994	1.3215	chip1
1655255	81706187	0.8061	chip2
1724656	81706426	0.8891	chip2
1676951	81740806	0.842	chip1
1699485	81813878	1.1864	chip2
1655254	81837329	0.7249	chip1
1655414	81837592	1.2632	chip1
1737097	81841839	0.946	chip2
1721700	81844784	0.5729	chip2
1662141	81846488	0.8326	chip1
1662219	81846617	0.8934	chip1
1662427	81846818	1	chip1
1718102	81879071	1	chip1
1739521	81888111	0.7335	chip2
1676622	81899447	0.9423	chip2
1651075	81910433	1	chip1
1651205	81910763	1.1977	chip1
1651327	81910874	1	chip1
1716007	81917154	1.4149	chip2
1695657	81917312	1	chip2
1657963	81925901	1.5184	chip1
1658073	81926146	0.8038	chip1
1745460	81931318	1	chip2
1675678	81931464	1.5071	chip2
1683196	81932641	1	chip2
1706822	81966019	1.1315	chip1
1707008	81966218	1.2554	chip1
1707192	81966599	1.2588	chip1
1707346	81966718	1.1168	chip1
1709140	81971283	1.1628	chip1
1668318	81976840	1	chip2
1736923	81978682	0.714	chip2
1679914	82011352	1	chip2
1660357	82012833	1.9766	chip2
1735911	82013316	2.1046	chip2
1655998	82022745	1.133	chip1
1680730	82031972	0.985	chip2
1755262	82032604	1.5284	chip2
1699827	82032928	1.0699	chip2
1697238	82033605	1.7721	chip2
1751515	82033738	0.9885	chip2
1723178	82044817	1.2593	chip2
1689182	82050235	1.1062	chip2
1658388	82050795	1.5198	chip2
1664166	82206271	0.6113	chip2
1755602	82236130	1	chip2
1725265	82271187	1.0328	chip1
1725379	82271433	1.8468	chip1
1652715	82295794	1.3773	chip1
1654052	82295942	1.1154	chip1
1654162	82296124	0.8386	chip1
1654282	82296164	1.5508	chip1
1654402	82296188	0.4951	chip1
1654734	82297680	1.2411	chip1
1709917	82300446	1	chip2
1726578	82301047	1.2813	chip2
1668143	82313716	0.8484	chip1
1668261	82313739	1.3392	chip1
1668387	82313913	0.5097	chip1
1666056	82321603	2.3911	chip2
1652012	82321641	0.8152	chip2
1703307	82321705	1.2849	chip2
1719182	82328354	1.3542	chip1
1652195	82343260	0.8745	chip1
1738665	82362266	1.0713	chip2
1679496	82362642	1.3886	chip2
1678752	82364832	1.6019	chip2
1684846	82382012	1.1754	chip2
1725480	82394784	2.4246	chip2
1677048	82438647	1.9312	chip2
1699630	82441847	1	chip1
1711173	82566903	0.808	chip1
1711513	82569605	0.8598	chip1
1747301	82679707	0.9035	chip2
1715794	82692954	1.0343	chip1
1715948	82693724	1	chip1
1737111	82733271	0.8218	chip2
1702003	82751061	0.7183	chip2
1691938	82790849	1.2611	chip2
1689611	82853935	1.2394	chip1
1697048	82911084	1	chip2
1693223	82994724	2.074	chip1
1734051	83004358	1.3303	chip1
1722340	83021026	0.6945	chip2
1748877	83021354	0.9751	chip2
1699988	83056282	0.8946	chip1
1700090	83057161	1.1556	chip1
1700192	83058034	1.3678	chip1
1757578	83094211	0.8934	chip1
1720397	83164493	1.6988	chip2
1644061	83173658	1	chip1
1684143	83182026	0.9107	chip1
1683673	83325736	1.2352	chip1
1757972	83372285	1.0226	chip2
1694485	83372718	0.9946	chip2
1673609	83401397	0.6017	chip1
1708709	83445943	1	chip2
1736479	83463481	1.625	chip2
1693710	83570170	0.7769	chip1
1673938	83632636	0.7029	chip2
1672414	83633275	0.9786	chip2
1675596	83804696	1.0285	chip2
1675390	84264952	0.648	chip1
1678727	84270674	1.0566	chip1
1673860	84370732	0.6571	chip2
1717785	84371027	1.0494	chip2
1732103	84371381	0.7068	chip2
1717925	84377703	1.2229	chip2
1697175	84381574	1.0056	chip1
1659486	84394523	1	chip2
1672506	84394619	1	chip2
1676132	84394719	1	chip2
1695297	84394835	1	chip2
1725932	84394925	1	chip2
1747632	84443028	1	chip1
1711514	84481566	0.7159	chip2
1660109	84512743	0.5282	chip2
1665132	84512805	2.3116	chip2
1733599	84514915	1.1022	chip1
1758475	84557493	2.0822	chip2
1653932	84566892	1	chip2
1733270	84566981	1.0879	chip2
1693701	84567020	0.6496	chip2
1736385	84567187	1	chip2
1684855	84568838	0.982	chip1
1666809	84634601	1.2757	chip1
1720999	84638758	0.6404	chip2
1722970	84645904	1.3271	chip2
1689574	84688032	0.9075	chip2
1747837	84778204	1.5853	chip2
1643059	84778384	1	chip2
1688779	84819714	1.0341	chip1
1695920	84837699	1.3553	chip1
1696025	84837729	1	chip1
1650226	84862498	0.9383	chip2
1750080	84882596	0.9125	chip1
1649852	84966730	0.478	chip2
1678431	84990948	0.9153	chip1
1678535	84991809	1.1054	chip1
1716439	85031804	1.0546	chip2
1721416	85124993	0.8504	chip1
1721563	85125430	1.8321	chip1
1734261	85244473	1.1208	chip1
1707810	85271706	1.9389	chip2
1727220	85271743	0.8985	chip2
1726943	85320553	0.6626	chip1
1727075	85320703	1	chip1
1728456	85321213	0.8228	chip1
1662500	85326800	1	chip2
1740279	85327328	1.2451	chip2
1649704	85327410	0.5316	chip2
1664347	85349947	1	chip1
1691954	85381352	1.4094	chip2
1719111	85412205	0.638	chip2
1685692	85485936	1	chip2
1700616	85631136	0.8063	chip2
1692732	85699667	1.3822	chip2
1745812	85727083	1	chip2
1734450	85728328	1	chip2
1657675	85756014	1	chip1
1700233	85893927	1	chip2
1685086	85895044	1.1194	chip2
1664324	85927079	1.0714	chip2
1734092	86276197	1.1591	chip2
1650195	87211447	1.1197	chip1
1667383	87908215	1	chip1
1644334	87913062	0.5412	chip2
1725341	88143266	0.7275	chip1
1651938	88147198	1	chip2
1753185	88368209	0.6373	chip2
