Probe_Set	Phy_position	CPA	chiptype
1654532	9928594	2.0197	chip1
1672797	10000969	0.4825	chip1
1722097	10019412	0.5252	chip1
1722293	10019671	1	chip1
1676906	10039984	2.0305	chip2
1696780	13492945	1	chip2
1644380	13574779	1	chip2
1755943	13837355	1	chip1
1756043	13837926	1.5701	chip1
1738735	13950406	1	chip2
1736301	13950882	1	chip2
1689265	14041746	1.4643	chip1
1691905	14093517	1	chip1
1728394	14159992	1	chip1
1664767	14244707	0.5656	chip1
1732328	14416826	1.2102	chip1
1732547	14417622	1.1492	chip1
1720237	14423156	1.1471	chip2
1717829	14439974	0.655	chip2
1707818	14516242	1.0136	chip2
1703221	14517066	0.7977	chip2
1677299	14526772	1.2777	chip1
1678853	14527183	1.3561	chip1
1679013	14527258	2.332	chip1
1679237	14527645	0.6142	chip1
1730047	14539952	1.5905	chip1
1731564	14541050	1.4236	chip1
1735025	14546088	1.0419	chip1
1735313	14546518	0.488	chip1
1649176	14566222	0.8508	chip2
1724292	14592895	1.3734	chip2
1645586	14596467	1.364	chip2
1748023	14612262	0.7534	chip2
1730880	14613855	0.5339	chip1
1730990	14613941	0.8914	chip1
1756525	14618186	0.7931	chip2
1712304	14659928	0.8697	chip1
1721442	14687786	1.1939	chip1
1721639	14687891	0.8752	chip1
1721747	14688005	1.136	chip1
1691516	14696600	1.4378	chip2
1654765	14743816	1	chip2
1656133	14744278	1.8172	chip2
1739256	14752268	1.6058	chip1
1739368	14752449	0.7499	chip1
1716367	14771576	1.3147	chip2
1749263	14771745	0.6712	chip2
1745707	14775306	1.1559	chip1
1675768	14789617	1	chip2
1677151	14807519	0.8543	chip1
1680529	14813087	0.6967	chip1
1680813	14814670	0.7704	chip1
1687759	14821483	1.0772	chip1
1687959	14822069	0.9424	chip1
1754110	14878827	1.6595	chip2
1704601	14881344	1.743	chip2
1693827	14937687	0.8532	chip2
1729591	14948137	0.8886	chip1
1663340	14948471	1.6645	chip2
1724790	14948568	1.2019	chip2
1735998	14960420	0.8325	chip1
1737658	14967943	1.4605	chip1
1672451	14999354	1.2107	chip1
1711018	15008235	0.9718	chip2
1749383	15012898	1.1153	chip2
1757241	15012990	1	chip2
1692796	15017462	0.6269	chip2
1684448	15032062	1.2614	chip2
1662126	15032440	0.8174	chip2
1736993	15033311	1.2156	chip2
1678672	15043293	1.0766	chip2
1643764	15043346	1.1147	chip2
1655609	15043892	1.1717	chip2
1660822	15048018	1.54	chip1
1707307	15057767	1.4447	chip2
1660781	15058052	1.4929	chip2
1706566	15069892	1.105	chip1
1709848	15082222	1	chip1
1671412	15112631	0.8507	chip2
1676438	15112748	1	chip2
1753081	15116371	1.5467	chip2
1700137	15146679	0.8709	chip2
1669665	15149849	1.7628	chip2
1679536	15149921	0.6415	chip2
1708821	15152606	0.9733	chip2
1656594	15171801	1.1573	chip1
1741911	15177499	0.6397	chip2
1687907	15245706	0.6927	chip1
1689651	15253394	1.2146	chip1
1689872	15253724	0.9879	chip1
1690216	15257273	1.5363	chip1
1691417	15257340	1.3979	chip1
1691527	15257386	0.9825	chip1
1738727	15266058	1.0018	chip2
1679918	15301896	0.588	chip2
1739218	15307377	1.6921	chip1
1709793	15328264	0.851	chip2
1697553	15331760	1.1779	chip2
1755856	15379788	0.6207	chip2
1733147	15432624	1.0477	chip1
1734505	15433373	1.315	chip1
1695131	15443047	1.4369	chip2
1732231	15444217	1	chip2
1729168	15445015	1.1805	chip2
1678480	15445090	1.432	chip2
1740090	15448123	1	chip1
1741290	15448247	1.211	chip1
1744768	15465216	0.4326	chip1
1678280	15467629	0.6333	chip2
1669554	15479497	1.4256	chip1
1706833	15480167	1.323	chip2
1671283	15488394	1.2218	chip1
1673045	15494308	0.6346	chip1
1756445	15517974	1.0564	chip2
1716979	15518030	0.6819	chip2
1668284	15518307	1.2066	chip2
1644396	15518503	1.6927	chip2
1701779	15579941	1.2074	chip2
1658356	15579968	0.8237	chip2
1706121	15580670	1.7191	chip2
1732468	15585396	0.936	chip2
1713255	15625419	1.0835	chip2
1715676	15674652	1.0563	chip1
1682110	15700259	0.925	chip2
1702883	15704954	0.9546	chip2
1701213	15715338	0.7956	chip2
1728200	15727364	1	chip1
1662501	15780936	2.0874	chip1
1664477	15789478	1.1656	chip1
1691452	15791719	0.7088	chip2
1645526	15797005	1	chip2
1667911	15814634	1.6923	chip1
1705850	15814669	1	chip1
1706008	15814774	0.6804	chip1
1706116	15814903	1.063	chip1
1652788	15817704	1.7821	chip2
1720065	15825985	0.8139	chip2
1660297	15826379	0.7829	chip2
1707613	15826457	1.2861	chip2
1711875	15833575	1.1821	chip1
1713140	15833601	1.1053	chip1
1713329	15833637	2.1481	chip1
1720784	15852867	0.8177	chip1
1728043	15863176	1.2161	chip2
1744765	15879397	0.8718	chip2
1672282	15907719	1	chip2
1738131	15911464	1	chip1
1738309	15912365	0.7944	chip1
1674318	15954594	1.4688	chip1
1674440	15954879	1	chip1
1674676	15955507	0.7453	chip1
1678165	15962944	1.7903	chip1
1678429	15963968	1.7626	chip1
1678599	15964162	1	chip1
1678705	15965151	1	chip1
1642799	15978516	1	chip2
1728097	16008237	1.732	chip2
1750551	16008627	1.4535	chip2
1729317	16034285	0.4486	chip1
1729433	16035019	1.7305	chip1
1731086	16043510	0.5496	chip1
1667135	16124651	0.734	chip1
1667221	16124683	0.8475	chip1
1709367	16132709	0.802	chip2
1679429	16226875	1.3206	chip1
1723659	16270439	0.7218	chip1
1723747	16270576	1.0535	chip1
1692758	16291664	2.2477	chip2
1701351	16292197	1.4702	chip2
1727188	16293721	1.2154	chip2
1666653	16343864	1	chip1
1645634	16347884	0.5609	chip2
1726540	16348049	1	chip2
1718932	16433200	1.4633	chip1
1660913	16486346	0.8821	chip2
1743153	16502160	1.635	chip2
1714833	16506279	1.3045	chip2
1704198	16516862	1	chip1
1705690	16517542	1	chip1
1649211	16553023	1.7725	chip1
1693116	16564622	1.9204	chip2
1675564	16580023	0.5894	chip1
1675655	16580133	1.0326	chip1
1675765	16580413	1.0695	chip1
1675853	16580539	0.7471	chip1
1675941	16580944	1	chip1
1676055	16581531	0.819	chip1
1677609	16583034	0.9467	chip1
1677833	16583147	0.8477	chip1
1677947	16583289	1.1919	chip1
1687856	16586547	0.6644	chip2
1688928	16586601	2.5788	chip2
1753571	16587341	1.2117	chip2
1723514	16587460	1.4572	chip2
1731920	16640835	1	chip1
1754780	16645058	1.0053	chip2
1651024	16696347	1	chip2
1650598	16696707	1.1634	chip2
1706683	16696927	1.4349	chip2
1721020	16713622	0.9741	chip1
1741295	16746337	1.3347	chip2
1708066	16747662	1.1872	chip2
1707085	16781529	0.6061	chip2
1698111	16814311	1	chip2
1692536	16825785	0.9864	chip2
1706559	16825970	0.7507	chip2
1674727	16838163	1	chip2
1693613	16858907	1	chip2
1650408	16865351	0.8195	chip2
1699639	16870924	0.5119	chip2
1723241	16875387	0.6661	chip1
1711504	16893244	1.2582	chip2
1691030	16894901	2.5341	chip2
1649047	16899740	0.9672	chip1
1649279	16900459	1.2719	chip1
1672756	16923014	0.9116	chip2
1729166	16923216	0.9746	chip2
1757971	16923481	1.6148	chip2
1662781	16939637	0.7041	chip1
1701146	16945076	1.2533	chip1
1703152	16950414	1.4979	chip1
1725072	16956916	0.7938	chip2
1686340	16957022	1	chip2
1656329	16965222	0.6158	chip2
1733656	16965473	1.1436	chip2
1746400	16966237	0.93	chip2
1663342	16966524	2.2988	chip2
1710199	16967410	1.1525	chip2
1713701	16979504	0.8832	chip1
1713833	16979537	0.604	chip1
1741323	17034406	0.5962	chip2
1722412	17035400	0.9785	chip2
1679330	17035528	1.0705	chip2
1653345	17059921	0.5238	chip1
1694894	17067648	0.7527	chip1
1702048	17099043	0.4378	chip1
1702212	17099882	0.6252	chip1
1725456	17104554	0.7517	chip2
1705868	17123841	1.6867	chip1
1709362	17131141	1	chip1
1720725	17134418	0.6092	chip2
1678706	17134448	0.891	chip2
1660589	17141890	1.1982	chip2
1736163	17150110	0.5086	chip2
1660044	17182222	0.7582	chip1
1747279	17196484	0.427	chip2
1717584	17251294	1	chip1
1717942	17254330	0.9959	chip1
1721340	17262933	1.2653	chip1
1721521	17263238	1.3494	chip1
1652207	17305894	1	chip1
1652379	17306209	2.4109	chip1
1664777	17345953	0.9045	chip1
1666157	17346464	1.0306	chip1
1655139	17395964	1.0625	chip2
1653365	17486896	1.1322	chip1
1650230	17501995	2.0621	chip2
1746208	17505497	0.9694	chip2
1748917	17696177	0.9455	chip2
1751781	17696269	0.6892	chip2
1703445	17696331	1.4591	chip2
1703223	17698089	1.0729	chip2
1717953	17706394	0.9909	chip2
1651684	17708105	1.5906	chip2
1748088	17719812	0.488	chip1
1729009	17733932	0.8582	chip2
1652062	17735361	0.5911	chip2
1685500	17736296	1	chip2
1706579	17736439	1.9106	chip2
1668848	17799662	1.6547	chip1
1670559	17812088	1.0343	chip1
1670829	17814837	1.0378	chip1
1719920	17853353	1.3634	chip1
1650736	17859951	1	chip2
1645484	17860047	0.4966	chip2
1698789	17860280	1.8119	chip2
1657595	17899238	1.4988	chip1
1657933	17900561	1.5655	chip1
1692434	17901508	1.0329	chip2
1671364	17903586	1.2832	chip2
1681018	17929801	1.7558	chip2
1664695	17936442	1.003	chip1
1651590	17938899	1	chip2
1744245	17962158	0.4707	chip2
1706999	17963050	0.7988	chip2
1717259	17966474	1	chip2
1713861	17968110	0.9721	chip1
1714023	17968550	1	chip1
1714131	17968624	1.257	chip1
1715446	17968657	0.9868	chip1
1745648	18003839	1	chip2
1708026	18003918	1.5238	chip2
1710095	18032292	1	chip2
1673534	18050577	1.7465	chip2
1695644	18061646	1.7723	chip1
1663086	18126666	1.0096	chip2
1685794	18132193	1	chip2
1682604	18132972	0.6185	chip2
1689292	18133007	1	chip2
1649174	18133788	0.9972	chip2
1662298	18167353	1	chip2
1661668	18185862	1	chip2
1755930	18186026	1	chip2
1692473	18208035	0.7164	chip1
1742964	18254668	1.5793	chip1
1751848	18263057	1.9762	chip1
1757406	18275283	1	chip1
1757556	18275335	1	chip1
1707943	18313884	1	chip1
1736345	18325019	1.5414	chip2
1643994	18325093	1.2236	chip2
1648618	18355312	2.1037	chip2
1681804	18355365	0.857	chip2
1692198	18369648	1.1477	chip2
1652558	18387909	0.7354	chip2
1754034	18412315	1.4203	chip1
1754255	18412699	0.7181	chip1
1754365	18412764	1	chip1
1755905	18415088	0.7671	chip1
1741685	18426726	1.5907	chip2
1650839	18434483	1	chip1
1652455	18435786	1	chip1
1654028	18436808	0.8865	chip1
1699402	18459171	1.3441	chip1
1701292	18469345	1	chip1
1649382	18484907	1.4994	chip2
1751746	18529414	0.8907	chip1
1719627	18590848	2.0629	chip2
1686591	18596106	1	chip1
1673168	18600531	1.5852	chip2
1721441	18601806	1	chip2
1693247	18611032	0.6369	chip1
1693420	18614021	0.6548	chip1
1722950	18635692	2.1503	chip2
1677027	18691902	0.4646	chip1
1678401	18692605	1.1671	chip1
1733838	18701945	0.9565	chip2
1680281	18705615	0.8199	chip1
1757499	18709887	0.5171	chip2
1712775	18710988	0.6319	chip2
1679544	18764448	1.1592	chip2
1696178	18764669	1.1252	chip2
1725586	18764912	2.0044	chip2
1731426	18777515	1.4754	chip1
1707846	18805589	1.1196	chip2
1691386	18808217	0.6789	chip2
1690087	18808268	1.9522	chip2
1700348	18808660	1.2342	chip2
1720663	18809897	0.6393	chip2
1680914	18810516	2.1106	chip2
1746397	18815279	1.0845	chip1
1716983	18853116	1	chip2
1694969	18934281	1.2324	chip2
1752698	18943747	2.2347	chip1
1756488	18971777	1.1271	chip1
1756674	18972444	0.8307	chip1
1731315	18979549	1.3389	chip2
1732708	18988575	0.8209	chip2
1724884	18991242	0.6143	chip2
1679926	18991835	1.2602	chip2
1647833	18992920	0.6848	chip1
1648009	18993085	0.5747	chip1
1691299	19009158	0.7815	chip1
1691409	19009214	1.08	chip1
1683772	19011030	0.601	chip2
1651432	19037009	1.8795	chip2
1673780	19060815	1.0574	chip2
1652120	19061876	2.0073	chip2
1750512	19062793	1.7414	chip1
1750606	19062838	1.5538	chip1
1750834	19063003	1.0421	chip1
1695428	19114282	0.9402	chip1
1653346	19123646	1.0679	chip2
1650020	19133899	2.4002	chip2
1676702	19134025	1.4782	chip2
1682822	19134316	1.1995	chip2
1642053	19134563	0.6281	chip2
1702695	19135309	0.8493	chip2
1719141	19135793	0.8901	chip2
1732167	19136286	0.6525	chip2
1659366	19137013	0.6767	chip2
1748028	19138730	0.6658	chip1
1682897	19174421	0.3983	chip1
1683023	19174451	1.0991	chip1
1684661	19186337	1.2645	chip1
1744959	19202131	0.7234	chip2
1673632	19204045	0.5791	chip2
1758459	19214924	0.8613	chip2
1644900	19257923	0.7244	chip2
1718499	19258086	2.421	chip2
1666011	19262583	0.5325	chip1
1668103	19268558	0.9742	chip1
1668223	19270189	0.4436	chip1
1669592	19270375	0.5175	chip1
1707625	19284247	1.0965	chip2
1701402	19328355	1	chip1
1701648	19328508	1.1803	chip1
1701758	19328759	1	chip1
1701856	19329426	1.7868	chip1
1703268	19329569	0.7209	chip1
1710550	19344445	1	chip1
1710669	19344625	1	chip1
1662170	19381183	0.8075	chip2
1735036	19403818	0.7054	chip2
1646436	19414034	0.7691	chip2
1690266	19428994	0.849	chip1
1647104	19468467	0.6988	chip2
1702720	19471632	1.0033	chip1
1756552	19534816	0.3206	chip1
1755326	19567109	1.253	chip2
1738302	19567169	0.7019	chip2
1703951	19567336	1.3514	chip2
1723648	19567987	0.9337	chip2
1730869	19607264	0.5857	chip2
1673061	19644504	0.9324	chip1
1706509	19664968	1.5657	chip2
1681597	19675116	1.2249	chip1
1683403	19679846	1.2372	chip1
1658408	19684413	0.7314	chip2
1729303	19709174	1	chip1
1650602	19734374	1.4241	chip2
1665157	19766620	1.074	chip1
1671877	19793455	0.8508	chip1
1672181	19793599	0.7317	chip1
1675731	19805361	1.4822	chip1
1701117	19813832	0.7192	chip2
1698641	19814361	0.474	chip2
1664814	19825303	1.0566	chip2
1718861	19825394	0.954	chip2
1753107	19839174	2.7493	chip2
1730111	19845364	0.7656	chip1
1739997	19865219	1.252	chip2
1752994	19866968	0.5336	chip1
1712933	19887865	1.4121	chip2
1731367	19888587	2.0383	chip2
1683723	19910552	1.3607	chip1
1669947	19915037	1.0186	chip2
1659202	19945702	0.6506	chip2
1754160	19948388	0.9458	chip2
1694538	19956963	0.8639	chip1
1703785	19961677	1.5707	chip2
1716865	19980045	1.2126	chip2
1739762	19982050	1.1671	chip1
1744489	19986490	1.034	chip2
1744862	19992941	0.745	chip1
1744986	19993222	0.8399	chip1
1684744	19999393	0.9188	chip2
1691948	20003590	2.6171	chip2
1666584	20020072	0.6704	chip2
1683419	20038726	0.7376	chip1
1688705	20052456	1.1416	chip1
1728301	20084545	1.2299	chip2
1645004	20118479	0.7602	chip2
1737908	20118674	0.5739	chip2
1681154	20119013	1.7062	chip2
1726598	20119296	0.5284	chip2
1697641	20119633	1.2556	chip2
1656313	20125771	1.5551	chip2
1671262	20132398	0.498	chip2
1700235	20132693	0.5781	chip2
1709011	20142069	1	chip2
1722915	20183398	0.6291	chip1
1732405	20190185	1.4784	chip2
1750033	20192190	0.694	chip2
1696576	20212993	1.0895	chip2
1667832	20224230	0.764	chip2
1660610	20233854	1.2972	chip1
1748475	20270635	1.1361	chip2
1735402	20272704	1.2736	chip2
1674567	20272988	0.5673	chip2
1708262	20273021	0.8648	chip2
1702039	20280770	1.7076	chip2
1717871	20282405	0.6679	chip2
1714407	20302190	2.1244	chip1
1714532	20302445	1.0909	chip1
1713396	20400955	0.7305	chip2
1726456	20427569	0.895	chip2
1740611	20487958	1.2677	chip2
1674621	20488053	1.0688	chip2
1744521	20495875	1.6	chip2
1724168	20503391	0.9075	chip2
1656137	20504127	0.8249	chip2
1730413	20509158	1.0218	chip2
1662030	20509460	0.5696	chip2
1695333	20509840	1.0102	chip2
1746974	20518399	2.0379	chip1
1748532	20519081	0.5217	chip1
1679881	20573046	0.8618	chip1
1725304	20588868	0.563	chip2
1727449	20589180	1.2612	chip2
1729109	20598799	1.2021	chip1
1729223	20598845	0.906	chip1
1709905	20631819	1.3446	chip2
1713249	20642016	1.2132	chip2
1679333	20697232	1.2631	chip1
1680647	20698280	0.6899	chip1
1680831	20698949	1.0323	chip1
1662583	20757798	0.9067	chip1
1662685	20757822	0.6905	chip1
1662809	20758696	1.5764	chip1
1662925	20758723	0.7882	chip1
1671543	20766284	1.481	chip1
1671667	20766329	1.4018	chip1
1671791	20766470	0.583	chip1
1750525	20781647	0.8561	chip2
1665369	20833285	0.8681	chip1
1665495	20833612	1.8053	chip1
1748131	20912726	0.5069	chip2
1668763	20953247	0.7098	chip2
1657506	20953727	0.6251	chip2
1721377	20953753	1.2664	chip2
1734300	20962557	0.8424	chip2
1718985	20962847	0.9945	chip2
1647620	20963818	1.2185	chip2
1697288	20966209	0.5955	chip2
1692261	20969392	1.0984	chip1
1696043	20973470	1.3004	chip1
1696195	20973622	0.7	chip1
1736270	20978977	0.7054	chip1
1736380	20979034	1	chip1
1736498	20979059	1.5675	chip1
1736594	20979217	1.0248	chip1
1654425	21026566	1.0918	chip2
1749295	21032277	0.9445	chip2
1739283	21039163	1.0745	chip2
1680828	21050970	1.3772	chip2
1685017	21053852	1.0706	chip1
1730644	21069400	1.0444	chip1
1734167	21082847	0.4298	chip1
1735966	21094139	1	chip1
1707149	21113160	1.5948	chip2
1684586	21113232	0.8342	chip2
1695013	21183086	0.8425	chip2
1728021	21183203	1.266	chip2
1704571	21235271	1.5421	chip2
1650090	21244794	0.858	chip2
1734525	21256010	1.7008	chip1
1734633	21256169	1.3255	chip1
1734807	21257379	1.5681	chip1
1716288	21427267	1.0692	chip1
1723814	21459877	1.0753	chip2
1653642	21471022	1.4748	chip2
1716775	21471423	1.1803	chip2
1679816	21484517	0.8605	chip2
1655853	21496113	1.5969	chip2
1731275	21497073	1.8915	chip2
1661463	21528981	0.6159	chip1
1661559	21529205	1	chip1
1677209	21544537	1.6234	chip1
1684353	21582505	0.8564	chip1
1722426	21603856	1.4668	chip2
1737106	21619612	0.9396	chip1
1741616	21629487	0.645	chip1
1741758	21632372	1.3443	chip1
1741842	21632551	1.6967	chip1
1671631	21659404	1.0195	chip1
1671759	21659983	1.2939	chip1
1677103	21670338	0.6267	chip1
1678463	21671179	1.1109	chip1
1700147	21711161	0.6151	chip2
1708296	21711464	0.8405	chip2
1686848	21718888	0.6593	chip2
1755610	21747811	1.4045	chip2
1749557	21748684	1.2703	chip2
1704171	21748820	0.7745	chip2
1647084	21748916	0.5221	chip2
1754075	21749297	1.5197	chip2
1725196	21749778	0.4265	chip2
1665573	21756991	1.0391	chip1
1722416	21757817	1.267	chip2
1668112	21809641	1.1475	chip2
1732036	21818031	1.2882	chip1
1697194	21821589	0.8602	chip2
1668448	21828206	1.039	chip2
1684646	21891171	0.5355	chip2
1758213	21897755	1.7756	chip2
1680560	21898138	1	chip2
1749161	21899267	1	chip2
1724126	21899327	1	chip2
1724043	21904704	1	chip1
1724455	21906934	0.7576	chip1
1651992	21922951	0.9928	chip2
1736881	21953812	0.9011	chip2
1662049	21964379	0.9653	chip1
1704058	21984558	0.813	chip1
1735846	22043945	0.8771	chip1
1735948	22043979	1.0029	chip1
1736084	22044218	0.7873	chip1
1737791	22046067	1.5207	chip1
1744147	22049820	1.1118	chip2
1744512	22054437	0.8622	chip1
1666759	22054777	1.2981	chip1
1666849	22054808	0.7732	chip1
1677257	22082566	1.0219	chip1
1680869	22095402	0.909	chip1
1701087	22119060	1.74	chip2
1730194	22119826	1.0893	chip2
1710427	22156799	1	chip2
1689520	22156925	1	chip2
1696430	22156986	1	chip2
1713486	22157475	1.4036	chip2
1750857	22205437	0.7765	chip2
1749471	22206089	1.3097	chip2
1667420	22207677	1.4276	chip2
1674768	22210876	0.7107	chip1
1722633	22253130	0.9553	chip1
1723933	22254497	0.5426	chip1
1672848	22265581	1.4584	chip2
1715033	22287002	0.7108	chip2
1658528	22287041	1.6193	chip2
1658466	22287335	0.8907	chip2
1700662	22293612	1.2156	chip2
1697481	22293822	1	chip2
1692658	22305325	1	chip2
1648582	22310813	1	chip2
1707116	22319384	1	chip1
1707220	22319561	1	chip1
1707396	22320463	1	chip1
1707500	22320602	1	chip1
1733308	22334020	1.8488	chip2
1644754	22360528	1	chip2
1717896	22361835	0.5633	chip1
1645429	22403041	0.5967	chip1
1698141	22433968	1	chip2
1699269	22456357	1.2372	chip2
1738383	22456955	1.3534	chip2
1656092	22459497	1.2972	chip1
1657879	22476979	0.8468	chip1
1657997	22477873	0.6181	chip1
1651928	22485838	1.7279	chip2
1659796	22499604	1.023	chip2
1656417	22537825	0.9056	chip2
1646350	22545694	2.1428	chip2
1645016	22545897	0.6092	chip2
1652138	22556857	1.0914	chip2
1642648	22572227	1.0439	chip1
1665865	22590153	1.9695	chip1
1732024	22663781	1.1823	chip1
1672816	22696916	1	chip2
1692938	22697742	1.6626	chip2
1693519	22697843	2.0513	chip2
1648722	22700950	1	chip2
1715478	22743605	1.3797	chip1
1715696	22743875	1.3748	chip1
1715920	22747323	0.9311	chip1
1738132	22753688	1.0003	chip2
1721251	22753893	1.2011	chip2
1669949	22763548	0.7829	chip2
1716939	22763659	1.9123	chip2
1723171	22769895	1	chip1
1723345	22770459	2.5358	chip1
1726388	22795031	1.6776	chip2
1659275	22842617	1.1172	chip1
1659397	22843304	1	chip1
1659491	22843877	1.379	chip1
1664451	22854664	0.9526	chip1
1649839	22941628	1.391	chip1
1649949	22941859	1.4247	chip1
1650065	22942104	0.8572	chip1
1720259	22945649	0.5457	chip2
1735458	22945805	0.593	chip2
1650346	22946671	0.6349	chip2
1674915	23014429	1	chip2
1705552	23017653	1	chip1
1756843	23106798	0.6172	chip2
1721564	23107078	1.1198	chip2
1712989	23107280	0.648	chip2
1698933	23107838	0.9039	chip2
1656653	23138196	1.0914	chip2
1723598	23138270	0.907	chip2
1644560	23165198	1	chip2
1702784	23188293	1.2034	chip1
1715662	23199934	1.4527	chip1
1653144	23246285	0.7031	chip2
1674977	23275185	0.5065	chip2
1719443	23276389	1.4367	chip2
1667355	23311584	1.5985	chip1
1667455	23311737	0.6199	chip1
1669004	23312872	2.0285	chip1
1730369	23317381	1.0715	chip2
1716352	23334156	0.7368	chip1
1718046	23336166	1.5874	chip1
1658864	23347097	0.9972	chip2
1644976	23377710	1.7663	chip2
1730204	23379106	0.9409	chip2
1741823	23379813	1.2142	chip2
1681882	23380796	1.1388	chip2
1733004	23381454	0.8622	chip2
1750419	23401611	0.7462	chip2
1665660	23409950	1.8137	chip2
1756341	23436259	2.1928	chip2
1748905	23442474	1.7192	chip2
1691510	23442973	0.8892	chip2
1709389	23443694	0.889	chip2
1648167	23450216	0.6063	chip1
1648303	23450285	1.6474	chip1
1648491	23450686	1	chip1
1704761	23474770	0.7345	chip2
1726806	23475125	0.8452	chip2
1643770	23477964	1.0524	chip2
1683890	23519142	2.5014	chip2
1657049	23524359	1.3448	chip2
1722008	23524857	1.2924	chip2
1743679	23543298	1.2466	chip2
1643717	23561264	1.0076	chip1
1684009	23573619	1.6561	chip1
1643269	23591708	0.539	chip2
1750967	23608736	2.7124	chip2
1652804	23619057	0.9474	chip2
1655718	23661293	0.7767	chip1
1662761	23690630	0.5917	chip1
1662875	23690715	1.3387	chip1
1753711	23733068	1.2072	chip2
1748199	23733653	0.575	chip2
1726164	23756756	0.6421	chip2
1651287	23757599	1	chip1
1651611	23758115	0.9901	chip1
1651759	23758244	1.6634	chip1
1653037	23758380	1.9606	chip1
1653269	23758927	1.2996	chip1
1700549	23805469	0.6053	chip1
1707262	23824415	0.7799	chip1
1690971	23887094	1	chip1
1692235	23887126	1	chip1
1692341	23887289	1.1672	chip1
1755563	23962918	1.3256	chip1
1757018	23963807	0.8301	chip1
1757134	23963940	2.2006	chip1
1757284	23964259	1.8487	chip1
1757402	23964664	1.468	chip1
1643272	23971069	0.881	chip1
1643384	23971962	1.3365	chip1
1690098	23998721	0.8094	chip1
1693618	24009825	0.7179	chip1
1694022	24012617	1	chip1
1694150	24012953	0.804	chip1
1737983	24026159	1.3565	chip1
1743495	24046446	0.8385	chip2
1721712	24048282	1.4753	chip2
1675251	24048609	0.6318	chip2
1670355	24048953	0.4717	chip2
1751330	24057156	0.8489	chip1
1751440	24057342	1.1851	chip1
1751580	24057640	1.1938	chip1
1751696	24057852	1.0875	chip1
1696944	24131027	1.9991	chip2
1707929	24132664	1	chip1
1709228	24133087	1.0128	chip1
1709356	24133545	0.8319	chip1
1752205	24135971	1.1663	chip2
1758836	24144874	0.9447	chip2
1716732	24146694	0.7806	chip1
1729314	24161669	1.1442	chip2
1707623	24163455	0.8222	chip2
1732952	24164998	0.8917	chip2
1712311	24203178	1	chip2
1652762	24212469	1	chip2
1711306	24244352	0.9543	chip2
1643284	24311354	0.8044	chip1
1644633	24311588	1.1941	chip1
1686511	24318475	1.3584	chip1
1686645	24318558	0.8088	chip1
1686813	24318863	0.7305	chip1
1687081	24319772	0.5766	chip1
1756347	24321830	1.142	chip2
1754079	24322162	1.5312	chip2
1716327	24322481	0.8581	chip2
1692032	24322571	1.6402	chip2
1719653	24340799	1.5756	chip2
1744468	24342702	1.1829	chip1
1745765	24342796	1	chip1
1745941	24343089	1.3169	chip1
1746051	24343223	0.8485	chip1
1755107	24354116	1	chip1
1739009	24362525	0.53	chip2
1687781	24372422	1.7421	chip1
1735481	24391533	1.0827	chip1
1735587	24391571	1.1954	chip1
1740352	24400131	1.1966	chip1
1740544	24400517	0.9265	chip1
1688438	24410755	1	chip2
1653494	24410775	0.7512	chip2
1758963	24410923	1	chip2
1704915	24412682	1	chip2
1754804	24412699	0.4174	chip2
1710067	24412984	1.451	chip2
1683473	24431763	1	chip1
1663910	24445221	1.4359	chip2
1703207	24466761	1	chip2
1652036	24467318	1	chip2
1707413	24496335	1.3704	chip2
1741407	24513156	1.387	chip2
1684030	24513223	1.4835	chip2
1653243	24558476	0.8101	chip1
1653787	24562532	1.9426	chip1
1682542	24570036	1	chip2
1721988	24570196	1.2286	chip2
1705604	24595721	0.6662	chip1
1705756	24596401	1.0104	chip1
1671776	24615502	1.0533	chip2
1685184	24630536	1	chip2
1714877	24630565	1.7282	chip2
1684992	24643456	1	chip2
1676534	24659428	0.6214	chip2
1642226	24659969	2.1818	chip1
1642338	24660030	0.9903	chip1
1642450	24660215	0.5673	chip1
1642606	24660278	1.0265	chip1
1697458	24678103	0.6007	chip2
1696449	24717457	1.0977	chip1
1753738	24765784	1	chip1
1753918	24766034	1.0109	chip1
1688598	24767708	0.6008	chip2
1674687	24767999	0.5787	chip2
1681594	24768196	2.5472	chip2
1728235	24835110	0.7774	chip2
1685114	24835381	0.9093	chip2
1644482	24835480	1.8453	chip2
1707405	24835545	1.1557	chip2
1742286	24867197	1	chip1
1660823	24904757	1.0921	chip2
1688692	24923099	1.348	chip2
1684686	24923354	0.7321	chip2
1688506	24979912	0.7633	chip2
1649458	24980117	1.1002	chip2
1687518	24991396	1.0093	chip2
1689673	24991445	1.2774	chip2
1674711	24992100	1.3363	chip2
1710333	25016264	1.4378	chip2
1739571	25016330	0.9174	chip2
1699719	25016403	1	chip2
1686446	25028264	0.6298	chip2
1693612	25053455	1	chip1
1660175	25067057	0.8611	chip2
1702644	25069644	1.3544	chip1
1679676	25087420	0.627	chip2
1736710	25194942	0.729	chip1
1743634	25220861	1.0534	chip1
1745241	25223570	1	chip1
1748946	25237135	1.1159	chip1
1750608	25244692	0.8694	chip1
1729478	25246802	0.6342	chip2
1726982	25259810	1.3192	chip2
1666290	25260820	1	chip2
1701511	25274750	0.8757	chip2
1681837	25300805	1	chip1
1683749	25307597	1.8877	chip1
1688665	25326912	1.0455	chip1
1730898	25356598	1.0926	chip1
1749655	25363631	0.4634	chip2
1756907	25386401	0.4927	chip2
1738107	25408478	1.2981	chip1
1742734	25425190	1	chip1
1741945	25445067	1.5354	chip2
1751109	25472603	0.748	chip2
1750317	25486935	0.9252	chip2
1688694	25501778	0.9931	chip2
1677504	25504261	1.3893	chip2
1678148	25507174	2.267	chip2
1661381	25547848	1.1684	chip1
1661481	25547867	0.7709	chip1
1661581	25548444	1.4028	chip1
1662831	25548554	0.6876	chip1
1668351	25582596	0.7964	chip1
1673683	25610754	1.0459	chip1
1678516	25631128	1.6806	chip2
1645176	25651335	1.4505	chip2
1726192	25651410	1.8124	chip2
1642681	25651442	1.0592	chip2
1720862	25675057	0.897	chip1
1720986	25675542	0.6231	chip1
1721102	25675598	1.5676	chip1
1721222	25675800	0.8177	chip1
1726673	25707900	0.8024	chip1
1722528	25717629	0.955	chip2
1758076	25718061	1.5179	chip2
1728578	25718591	0.9005	chip1
1740236	25719960	0.7325	chip1
1705913	25747436	1.7993	chip2
1748511	25758110	1.4778	chip2
1758184	25758348	1.6925	chip2
1756258	25759354	0.7155	chip2
1647874	25804577	1.5286	chip2
1736677	25841287	0.8794	chip2
1683058	25841347	1.9035	chip2
1670123	25841479	1.1267	chip2
1711238	25842865	0.597	chip2
1690726	25886460	1.3602	chip1
1692407	25887076	1.5177	chip1
1692573	25887550	0.5717	chip1
1692707	25887715	0.7776	chip1
1694028	25888376	0.8201	chip1
1752947	25931649	0.7621	chip2
1742952	25945544	1.2019	chip1
1677258	25959003	1.9261	chip2
1679812	25959062	1.5602	chip2
1748156	25965455	1.3147	chip1
1674612	26006836	1	chip1
1676033	26007695	0.7942	chip1
1676459	26010113	1	chip1
1676577	26010718	0.9587	chip1
1681847	26056693	1	chip1
1734006	26057433	0.6406	chip2
1743453	26059569	0.764	chip2
1687027	26087251	0.647	chip1
1727239	26092306	1.453	chip1
1745662	26120971	1.3237	chip2
1726340	26121367	1	chip2
1666761	26163866	1.2758	chip1
1666851	26163952	0.9283	chip1
1725664	26182624	0.4211	chip2
1734578	26274819	0.6208	chip2
1731447	26321313	2.1746	chip2
1718224	26351188	1.4935	chip1
1722359	26372126	1.2001	chip1
1644374	26415397	0.6843	chip2
1727785	26416073	1.0348	chip2
1720843	26420461	2.6686	chip2
1659875	26442148	0.7024	chip1
1660054	26442585	1.2329	chip1
1660222	26442817	1.3841	chip1
1661641	26443890	0.5336	chip1
1662027	26446696	1.9218	chip1
1645452	26452481	1.3055	chip2
1663864	26453138	0.646	chip2
1665794	26465912	1.0933	chip2
1729886	26467875	0.9878	chip2
1700164	26497605	1.3977	chip1
1700319	26498774	0.5709	chip1
1687175	26563223	1.5085	chip1
1710337	26563534	0.8794	chip2
1687339	26563736	1.3732	chip1
1687948	26568689	0.9207	chip2
1746379	26639929	0.7583	chip1
1747862	26640223	1	chip1
1665156	26651705	1.235	chip2
1688738	26651868	1.0742	chip2
1686481	26681797	1.0122	chip1
1726705	26692482	1.4397	chip1
1726867	26692716	1.3601	chip1
1728432	26693313	1.9056	chip1
1728558	26693866	0.9562	chip1
1754542	26728062	1.5614	chip2
1666435	26736201	1.3541	chip1
1668057	26741469	0.8101	chip1
1671767	26755483	1.2532	chip1
1671881	26755620	0.7235	chip1
1687674	26769135	1.8679	chip2
1758501	26769774	0.6444	chip2
1659396	26770869	1	chip2
1729316	26774595	1.0922	chip2
1733344	26800448	0.8168	chip2
1657284	26825130	1.3332	chip1
1660399	26833866	1.5644	chip2
1663951	26841803	1.713	chip1
1742241	26948370	0.8137	chip2
1645702	26948415	0.6696	chip2
1749492	26955414	1.1827	chip1
1749784	26956706	0.8584	chip1
1749888	26956931	0.7974	chip1
1750086	26957291	1.231	chip1
1750198	26957427	0.9394	chip1
1679385	26969743	0.9636	chip1
1691729	26985677	0.9821	chip1
1730289	26986061	1.0326	chip1
1730426	26986248	1.8656	chip1
1730536	26986748	0.8828	chip1
1730748	26988571	1.0666	chip1
1685990	27014124	1.2221	chip2
1681638	27014402	0.8419	chip2
1696864	27037800	1.3025	chip2
1747549	27038485	0.7357	chip2
1670268	27046037	0.9083	chip1
1734342	27078897	0.4594	chip2
1683933	27081370	1.5989	chip1
1753389	27090474	1.2916	chip2
1693154	27090801	1.225	chip2
1732871	27103133	1.2967	chip1
1735127	27108891	1.4527	chip1
1736412	27108931	0.9648	chip1
1738596	27120255	0.7309	chip1
1664149	27132528	0.9108	chip1
1667669	27140252	0.8936	chip1
1667871	27141178	0.8319	chip1
1692134	27146707	0.8221	chip2
1688534	27147453	1	chip2
1720318	27180724	0.6865	chip1
1730868	27203891	1.2493	chip1
1658363	27212808	1.1703	chip1
1666711	27224018	1.195	chip1
1710484	27236413	0.8301	chip1
1691906	27238153	1.2207	chip2
1747689	27238687	0.7551	chip2
1660883	27238792	1.0098	chip2
1717734	27252709	0.7835	chip1
1749839	27354371	0.9434	chip2
1704111	27365645	1	chip2
1732711	27368194	0.8966	chip1
1733131	27372227	1	chip1
1734425	27372289	1	chip1
1698717	27394029	1	chip2
1723262	27394360	1.1	chip2
1715933	27394671	1.1737	chip2
1747511	27408744	0.9578	chip2
1724698	27409029	0.9006	chip2
1675953	27412716	0.5614	chip1
1677924	27419571	0.8783	chip2
1666356	27441916	1.3231	chip2
1667949	27480802	1.3755	chip1
1752207	27483393	0.8444	chip2
1669027	27483587	0.9361	chip2
1698979	27484417	1.4472	chip2
1654617	27484644	1.23	chip2
1670434	27545948	1.438	chip2
1667222	27546490	1.2009	chip2
1658896	27551368	0.6513	chip2
1678624	27551612	1.3196	chip2
1743815	27552366	1.1048	chip2
1697112	27552800	0.793	chip2
1682840	27554231	1.1784	chip2
1705512	27568927	1.1482	chip1
1734500	27597628	1.5869	chip2
1648849	27609521	0.8246	chip1
1650631	27614918	1	chip1
1698155	27622699	2.4236	chip2
1656170	27625998	1.6206	chip1
1699378	27641196	0.8365	chip1
1665256	27665626	1.9226	chip2
1697086	27723204	1.1808	chip2
1721847	27741249	1	chip1
1722007	27742295	0.5416	chip1
1660105	27749561	1.1548	chip2
1656348	27781193	0.7565	chip1
1658213	27787250	1.0271	chip1
1660150	27792231	0.4204	chip1
1749203	27819045	1.2203	chip2
1712562	27863229	1.2428	chip1
1733538	27875528	1.2409	chip2
1650201	27910065	1.3796	chip1
1659138	27944160	1	chip2
1667152	27965087	1.3688	chip2
1740583	27965603	1.2413	chip2
1724820	27974532	0.7069	chip2
1692730	28029875	1	chip2
1705239	28030403	1	chip2
1684556	28030502	1	chip2
1659983	28031220	1	chip2
1692727	28044810	1.1457	chip1
1659750	28059331	0.9052	chip2
1659898	28060803	0.7164	chip2
1681226	28060945	0.7917	chip2
1703648	28079415	1	chip1
1704972	28079743	1.031	chip1
1646971	28133068	1	chip1
1654127	28225903	1.0586	chip2
1660273	28231943	1.3845	chip2
1643252	28260918	1	chip1
1643504	28261573	1	chip1
1754656	28265274	1	chip2
1747591	28282590	1.3732	chip2
1709417	28282861	1.0319	chip2
1753857	28283501	0.7567	chip2
1653978	28295910	0.916	chip2
1667548	28311753	0.8888	chip2
1758950	28312065	1	chip2
1689497	28357889	1.202	chip1
1690987	28358953	1.3265	chip1
1694664	28367157	0.4913	chip1
1745167	28397067	0.9113	chip1
1745289	28397088	0.9173	chip1
1745393	28397362	0.6226	chip1
1661686	28431371	1.6122	chip2
1751761	28467064	1.0039	chip2
1758611	28481515	1.4875	chip2
1709631	28481749	0.5043	chip2
1749829	28481869	0.7161	chip2
1713041	28482103	1.4155	chip2
1726237	28523824	0.5007	chip1
1648169	28526889	1.2747	chip1
1688166	28601558	0.8081	chip2
1744963	28651910	1.2752	chip2
1706187	28674882	1.0821	chip2
1658755	28680970	1.7864	chip1
1660242	28681569	1.4878	chip1
1660342	28681895	1.1521	chip1
1660670	28682494	0.8568	chip1
1660850	28682797	1.8066	chip1
1660958	28682957	0.707	chip1
1662217	28682982	1.4396	chip1
1662523	28683942	1.7913	chip1
1715301	28684845	1.5125	chip2
1704430	28691677	0.7663	chip1
1705904	28692406	1.275	chip1
1706094	28692496	1.4244	chip1
1706212	28692873	1.1736	chip1
1732676	28713989	1.2602	chip2
1691554	28715549	1.0847	chip2
1663536	28715801	0.851	chip2
1644177	28729336	1	chip1
1644347	28729645	1	chip1
1648059	28739581	1.1757	chip1
1649605	28743401	0.9307	chip1
1696907	28774974	0.5359	chip1
1697053	28775073	1.3067	chip1
1697159	28775349	0.5673	chip1
1698728	28778538	1.6692	chip1
1698890	28781867	1.3052	chip1
1702436	28795358	2.0561	chip1
1702576	28795563	1	chip1
1704258	28802388	0.8121	chip1
1704422	28804212	1.9636	chip1
1749316	28822826	0.935	chip1
1749622	28831363	1.5922	chip1
1753064	28843221	0.9238	chip1
1756600	28867804	1.614	chip1
1642612	28875255	1.1701	chip1
1646223	28880642	1.3291	chip1
1646339	28880685	0.9786	chip1
1696020	28921841	0.9401	chip2
1695122	28922444	1	chip1
1696399	28922559	0.4017	chip1
1659090	28938181	1	chip2
1642805	28943581	0.992	chip2
1741708	28952078	2.094	chip1
1755280	28952901	1.4987	chip2
1681492	29007817	1.1512	chip2
1685177	29023626	0.9842	chip1
1685279	29023700	1.632	chip1
1685707	29026461	0.8309	chip1
1687307	29028797	1.6881	chip1
1644552	29041707	0.5608	chip2
1741317	29042635	1.5686	chip2
1652534	29052256	0.6209	chip2
1746233	29062596	0.9391	chip1
1746415	29062705	0.7136	chip1
1746594	29062892	1.5502	chip1
1657373	29118883	0.9947	chip2
1645746	29176945	1.1064	chip2
1756458	29279178	0.7126	chip1
1756686	29280282	0.771	chip1
1688420	29328218	1.358	chip2
1646520	29421036	1.9034	chip2
1745184	29424535	1.0848	chip2
1748901	29456958	1.7268	chip2
1707295	29471232	0.9812	chip2
1753691	29530655	1.5147	chip2
1685253	29535640	0.7194	chip1
1649574	29566431	1.1994	chip2
1693814	29607434	0.9566	chip1
1695178	29607482	0.6641	chip1
1740718	29648644	1.4061	chip1
1742640	29663325	1.08	chip1
1668322	29665734	1.6173	chip2
1749374	29703719	2.0708	chip1
1684002	29749774	1	chip2
1681490	29769820	0.613	chip2
1686880	29779991	1.0359	chip2
1684926	29780171	1.1987	chip2
1704967	29786683	1.0801	chip2
1747947	29787019	1.2153	chip2
1684970	29787153	0.3734	chip2
1726976	29789935	1.837	chip2
1743200	29810748	0.7376	chip1
1669216	29836878	1.5751	chip1
1669320	29837833	1.58	chip1
1672943	29849643	0.6429	chip1
1751937	29853502	0.9067	chip2
1702211	29906146	1.2613	chip2
1746569	29929363	1	chip2
1751600	29934844	0.5871	chip1
1694654	29987193	1.722	chip1
1745198	29995306	2.3354	chip2
1680128	30099382	0.8676	chip2
1754190	30130992	2.2999	chip2
1732207	30131325	1.7558	chip2
1641929	30134962	1.6207	chip2
1739420	30167132	0.5778	chip1
1742712	30176846	1.6679	chip1
1685770	30184797	1.0274	chip2
1684678	30185226	2.0178	chip2
1667752	30185479	1.1785	chip2
1694887	30188911	0.8059	chip2
1749644	30193387	1.9248	chip1
1751526	30202474	1.0318	chip1
1679157	30217651	0.611	chip1
1679263	30217719	0.6305	chip1
1708294	30231623	0.6187	chip2
1689882	30262277	1.6009	chip1
1730468	30274091	0.9175	chip1
1724070	30318293	0.6111	chip2
1740756	30321997	1.1876	chip1
1666611	30329583	1.0203	chip1
1648880	30339488	1	chip2
1702363	30339652	1	chip2
1676768	30339717	1	chip2
1720750	30375333	1	chip1
1720954	30375755	1.0275	chip1
1721130	30376733	0.6909	chip1
1758614	30379429	1	chip2
1724647	30384181	1.2588	chip1
1724837	30384453	1.3535	chip1
1671140	30398880	1.8667	chip2
1666050	30398954	1	chip2
1667358	30399350	1.7684	chip2
1704399	30448793	0.8851	chip2
1695853	30450088	1.239	chip2
1646921	30473945	1	chip1
1733604	30479820	2.124	chip2
1695420	30511614	0.8082	chip1
1731283	30538856	1.5624	chip2
1689506	30539314	0.7721	chip2
1749798	30552005	0.9339	chip1
1749962	30552492	0.7654	chip1
1751408	30554796	1.6296	chip1
1753608	30564119	0.8263	chip1
1683009	30589750	1.205	chip1
1684263	30590663	0.6939	chip1
1656739	30593790	1.7303	chip2
1721413	30609596	1.4141	chip2
1669377	30610307	1.8305	chip2
1688280	30625779	0.9389	chip2
1683878	30626843	1.5797	chip2
1677130	30649214	1.576	chip2
1741786	30649324	0.8436	chip1
1742228	30650702	0.9415	chip1
1665636	30654965	1.4293	chip2
1716373	30664466	1.8223	chip2
1689981	30680215	1.2168	chip2
1667884	30694271	0.8916	chip2
1676961	30697814	0.6059	chip1
1678659	30703929	0.7297	chip1
1678781	30704095	1.0647	chip1
1646828	30739931	1.3747	chip2
1733180	30740565	1.0163	chip2
1692784	30747635	0.8115	chip2
1732817	30761503	1.3311	chip1
1734637	30764586	0.786	chip1
1672538	30812186	1.8526	chip2
1700660	30833569	1.4918	chip2
1750115	30855877	1.5635	chip2
1708647	30858882	0.6612	chip2
1662855	30970253	0.73	chip1
1670303	30972158	1.1232	chip2
1664871	30976893	0.5577	chip1
1699307	30983085	1.009	chip2
1696163	31018283	1.2121	chip1
1696253	31018364	1.2565	chip1
1739845	31025463	0.8179	chip2
1710433	31025765	0.534	chip2
1749423	31026162	1.6778	chip2
1744834	31054860	1	chip1
1739193	31072570	0.6545	chip2
1719065	31082151	0.6608	chip2
1726696	31108650	0.849	chip2
1686564	31109602	0.5507	chip2
1679659	31117762	0.9182	chip1
1681833	31124321	0.4181	chip1
1686723	31141929	1.0132	chip1
1686831	31141960	1.4645	chip1
1686947	31142977	0.5495	chip1
1651466	31148676	1.0608	chip2
1666922	31152200	0.8487	chip2
1692323	31173545	1.2068	chip1
1692489	31179148	1.7651	chip1
1730850	31181685	1.0453	chip1
1730958	31181946	1.1459	chip1
1736174	31212255	0.699	chip1
1678810	31247236	0.5342	chip2
1677480	31247370	1.0666	chip2
1667444	31247458	1.2874	chip2
1670079	31256759	0.6886	chip2
1697044	31283888	2.4876	chip2
1684413	31318439	0.4692	chip1
1714216	31320179	1.7507	chip2
1647374	31354419	1.2574	chip2
1758253	31354843	1.0284	chip2
1647956	31356171	1	chip2
1654045	31418581	1.1928	chip2
1696954	31447173	1.1393	chip2
1665620	31447216	1.0046	chip2
1722773	31468187	1	chip1
1717987	31470453	0.878	chip2
1727772	31487663	1.7863	chip1
1757873	31501590	0.8061	chip2
1711654	31501701	1.6441	chip2
1703541	31502107	1.1131	chip2
1646892	31507171	1	chip2
1654910	31514464	0.7321	chip1
1712141	31518894	1.3719	chip2
1730903	31519716	2.2792	chip2
1753623	31519874	0.8455	chip2
1663547	31557943	1.4672	chip1
1667361	31577268	0.778	chip1
1711151	31604127	1.4216	chip1
1711265	31604744	1.8374	chip1
1674607	31630312	0.8397	chip2
1691628	31630474	1.2085	chip2
1723774	31631306	0.9646	chip2
1710369	31662333	1.6129	chip2
1747749	31676807	1	chip2
1738272	31685102	0.6892	chip2
1676646	31690270	1	chip2
1683957	31709104	1	chip1
1739726	31780292	1.1094	chip1
1746247	31810761	1.2351	chip1
1666140	31842275	1.4632	chip2
1717087	31871427	0.8053	chip2
1713968	31875073	1.5488	chip2
1679415	31889344	0.8053	chip1
1679543	31890023	1.8031	chip1
1684541	31961191	1.0919	chip1
1684663	31962033	1.2385	chip1
1729017	31975858	1.0158	chip2
1664818	31988005	1.8737	chip2
1691915	31995534	1	chip1
1656341	32000796	0.6712	chip2
1669809	32010112	1.2591	chip2
1737646	32052953	0.9849	chip1
1664006	32080833	0.6234	chip2
1679292	32085483	0.9175	chip2
1720295	32104267	1	chip2
1739425	32104353	0.5033	chip2
1752251	32104914	1	chip2
1644684	32119640	1	chip2
1678232	32120921	1	chip2
1745031	32171851	1	chip2
1719297	32197731	1.0538	chip2
1731434	32239925	0.8545	chip1
1671350	32253455	0.5022	chip2
1756751	32254024	1.0404	chip2
1669565	32268358	1.935	chip2
1681688	32269305	0.7706	chip2
1667571	32302963	1.2895	chip1
1731989	32327571	1.2518	chip2
1674290	32329260	1	chip1
1716366	32352050	1.4996	chip1
1722433	32374142	0.8672	chip1
1722048	32378161	1.5894	chip2
1660074	32441032	0.6775	chip1
1661409	32441321	0.8762	chip1
1735053	32543429	1.1836	chip1
1657203	32565172	0.5389	chip2
1753491	32565727	0.9214	chip2
1746828	32615553	0.9976	chip1
1747332	32617708	0.7941	chip1
1679939	32665556	1.614	chip1
1683521	32700137	1.9659	chip1
1685593	32709473	1.2643	chip1
1736120	32776077	0.9621	chip1
1738350	32791634	2.0615	chip1
1666066	32942784	1.6923	chip2
1688714	32943699	1.4964	chip2
1735603	32953727	1.2004	chip1
1735724	32953744	0.4934	chip1
1657937	32959984	1.383	chip1
1658047	32960854	0.6097	chip1
1716992	33107158	1	chip1
1666156	33188605	0.5732	chip2
1692646	33215212	0.9289	chip2
1655456	33221027	0.8614	chip1
1656748	33221372	1.3305	chip1
1665839	33266003	1.0251	chip1
1665943	33266149	0.6061	chip1
1734430	33288181	0.9415	chip2
1732202	33338971	1	chip1
1732308	33339071	1.9901	chip1
1642197	33347504	1.2659	chip2
1685072	33353710	0.9679	chip2
1736362	33381264	1	chip1
1683906	33413854	1.359	chip2
1728116	33539599	1.6167	chip1
1728252	33539820	1.1761	chip1
1728374	33539913	1.0742	chip1
1728500	33539959	1	chip1
1662907	33602986	1.3623	chip1
1663029	33603641	1	chip1
1668065	33621779	1.2532	chip1
1661867	33978117	0.8656	chip1
1661973	33978599	0.607	chip1
1675796	33992311	0.8155	chip2
1666847	34047243	1.033	chip1
1731943	34049605	2.07	chip2
1729616	34053518	0.6375	chip2
1678048	34060196	1.11	chip2
1672064	34098767	0.638	chip2
1748647	34098840	0.5989	chip2
1713153	34112672	0.6592	chip2
1716040	34129391	0.9836	chip1
1682634	34187254	1.6451	chip2
1641835	34187394	1.1352	chip2
1652349	34196798	0.8064	chip1
1652577	34197111	0.7705	chip1
1722990	34232783	0.8557	chip2
1662048	34275744	1.015	chip2
1710264	34284611	0.8319	chip1
1701715	34316613	1.1427	chip2
1716947	34316684	0.5972	chip2
1731893	34339250	1.4538	chip2
1664292	34346680	1	chip2
1651733	34352786	1.4088	chip1
1683700	34377984	0.6841	chip2
1669422	34388245	1.0285	chip1
1674574	34403293	0.9852	chip1
1734236	34413370	1.922	chip2
1683267	34461762	1.3531	chip1
1683375	34461781	1.4115	chip1
1722431	34468050	1.5811	chip1
1728875	34476554	0.4241	chip2
1670436	34553717	1	chip2
1737626	34561844	3.1031	chip1
1671006	34578067	1.1145	chip2
1644694	34594140	0.9739	chip2
1747889	34612369	1.7684	chip2
1682618	34612461	1.4798	chip2
1673769	34622354	1.8818	chip1
1715992	34648096	1.7812	chip1
1719670	34673111	1	chip1
1754892	34740884	0.574	chip2
1683626	34760777	0.8512	chip2
1686458	34760937	0.9436	chip2
1686830	34761144	1.8099	chip2
1655956	34780524	0.6218	chip1
1656072	34781692	1	chip1
1664401	34826567	1.7437	chip1
1648080	34839950	1.385	chip2
1664870	34840226	1.7523	chip2
1683394	34846753	1.4601	chip2
1726226	34879124	2.5499	chip2
1718791	34886954	0.6569	chip2
1649611	34897340	0.7509	chip1
1649725	34898008	2.0771	chip1
1693156	34937116	2.0668	chip2
1696086	34951400	1.1199	chip2
1750835	34951728	0.6623	chip2
1700357	34971178	1	chip1
1701688	34971259	1.3158	chip1
1702337	35028656	1.003	chip2
1754390	35029735	1.3365	chip2
1687054	35047400	1.3543	chip2
1652241	35102856	1.3524	chip1
1690540	35109556	1.1097	chip1
1661658	35151507	0.7213	chip2
1664728	35151811	1.7256	chip2
1741037	35192281	1.8455	chip2
1689667	35197309	0.9854	chip2
1646006	35198545	2.5554	chip2
1721172	35222890	1.7284	chip1
1681502	35226979	0.947	chip2
1729372	35232280	2.3361	chip2
1758162	35251859	1	chip2
1658899	35284075	1.2045	chip1
1672074	35362570	1.3729	chip2
1758752	35431588	1	chip2
1646808	35439544	2.0617	chip2
1712247	35439888	0.8963	chip2
1758195	35440026	1.0235	chip2
1740335	35498619	0.7915	chip2
1737730	35498865	1.184	chip2
1711737	35502641	1.2878	chip1
1711867	35502660	1.5287	chip1
1707876	35513932	0.4674	chip2
1719192	35526778	0.4187	chip1
1757292	35537905	1.364	chip1
1671072	35546149	1	chip2
1644661	35553557	1.1203	chip1
1646701	35563141	0.7627	chip1
1670111	35567003	0.874	chip2
1720467	35567143	1.2609	chip2
1648259	35571454	0.9267	chip1
1674353	35584682	1.0798	chip2
1756623	35584744	1	chip2
1653627	35595443	1.0207	chip1
1758476	35601700	1.0358	chip2
1693595	35601747	0.6952	chip2
1690767	35631536	1.3042	chip2
1705784	35645199	1	chip1
1707678	35649906	1.152	chip1
1713774	35679001	2.071	chip2
1736687	35724373	0.7321	chip2
1646121	35754778	0.8337	chip1
1647469	35755396	1	chip1
1655147	35771196	1.7542	chip2
1696079	35814651	0.7454	chip1
1696217	35814819	1.1038	chip1
1701898	35833022	0.9997	chip1
1743212	35843395	1	chip1
1692716	35854142	1	chip2
1755653	35860994	0.9322	chip1
1758003	35926345	0.6502	chip2
1710693	35938533	0.937	chip2
1706793	35938871	0.5054	chip2
1717168	35943208	1.3969	chip1
1717286	35943328	0.7411	chip1
1717404	35943836	0.685	chip1
1722947	35960181	1.4395	chip1
1703769	35973861	1.2725	chip2
1648091	35976377	1.1921	chip1
1653333	35988739	1.3362	chip1
1653575	35989183	0.9065	chip1
1653849	35989237	1.7493	chip1
1656845	36049947	0.7346	chip2
1709320	36055232	1.4593	chip1
1713042	36081017	0.9059	chip1
1735488	36118772	1.6332	chip2
1659754	36119347	0.9929	chip2
1715357	36234195	0.8901	chip2
1694216	36237849	0.8928	chip1
1694334	36237935	0.801	chip1
1694472	36237973	1.8738	chip1
1698090	36242381	1.1825	chip1
1705679	36273176	0.8616	chip2
1754127	36282983	0.7908	chip1
1739495	36303822	1.5429	chip2
1644967	36311487	1.7838	chip1
1687133	36339359	0.9964	chip1
1749499	36344759	0.5245	chip2
1653466	36344836	1.8114	chip2
1691953	36347825	1.2216	chip1
1692245	36349153	1.0438	chip1
1696021	36367609	1.7014	chip1
1701168	36382732	1.8151	chip1
1739564	36404139	1	chip1
1746343	36434435	1.4578	chip1
1653238	36447405	1.4585	chip2
1733260	36544785	0.8954	chip2
1691645	36555693	1.3986	chip1
1693336	36573857	0.5729	chip1
1711431	36673126	1	chip1
1727477	36699495	1	chip2
1644237	36738175	1	chip1
1645773	36739523	1.2138	chip1
1689004	36805537	1.0185	chip2
1712839	36826820	1	chip2
1714047	36841766	1	chip1
1752052	36842639	1.1273	chip1
1691504	36848921	1.6067	chip2
1653062	36849296	0.461	chip2
1707663	36849668	1.2941	chip2
1713990	36849842	0.8239	chip2
1753017	36849958	1.2393	chip2
1687876	36851182	0.8378	chip2
1648872	36858058	1.605	chip2
1730096	36858083	0.8149	chip2
1728675	36858508	0.8031	chip2
1704135	36858525	1.1165	chip2
1693852	36909786	0.9763	chip1
1642330	37014570	0.455	chip1
1732339	37104302	1	chip2
1694482	37105929	0.9107	chip1
1696335	37110015	0.9174	chip1
1696695	37111366	0.7483	chip1
1653222	37120185	0.8273	chip2
1716375	37120329	1.3525	chip2
1743446	37145277	1	chip1
1681106	37208788	1.5239	chip2
1710685	37208844	1.4754	chip2
1676595	37219520	0.9635	chip1
1679640	37331746	1.1169	chip2
1740838	37350208	1.4686	chip1
1744124	37364078	0.7441	chip1
1719031	37370750	1.0769	chip2
1757176	37374504	1.1401	chip1
1740857	37379327	1.2727	chip2
1719061	37439010	1.9189	chip2
1720013	37439134	0.7138	chip2
1734888	37453741	0.3477	chip2
1746737	37460989	1	chip2
1753783	37461227	1.1035	chip2
1750970	37500587	0.8484	chip1
1645403	37553499	2.0705	chip1
1687331	37593500	0.9425	chip1
1647058	37673734	1.179	chip2
1703150	37703618	1	chip1
1671536	37740237	0.8845	chip2
1739427	37832437	1.1546	chip2
1671389	37912904	0.4031	chip1
1677640	37931173	1.0146	chip2
1683899	37946641	0.918	chip1
1683997	37946716	0.7991	chip1
1729463	37957492	1.4151	chip1
1756723	37972937	0.8841	chip2
1728521	37973729	1.7301	chip2
1707247	37974454	0.5818	chip2
1722998	37974748	1.0075	chip2
1686152	37975732	1.2617	chip2
1710842	38043518	1.3246	chip2
1675704	38048052	0.76	chip2
1643675	38127605	0.9289	chip1
1740663	38152962	0.6571	chip2
1690891	38160480	1.0685	chip1
1650240	38180126	0.4559	chip2
1682714	38188930	0.7634	chip2
1699748	38200547	1.1307	chip1
1696828	38206168	1.2229	chip2
1663096	38206507	1.194	chip2
1684102	38206705	1.4427	chip2
1748782	38266337	1	chip1
1756451	38286501	1	chip2
1743545	38286859	1.0634	chip2
1728793	38306605	1.3952	chip2
1733446	38306798	0.494	chip2
1733310	38350921	0.8136	chip2
1723296	38362812	0.6222	chip2
1740577	38408803	0.7745	chip2
1745977	38426226	0.9421	chip1
1670096	38436961	1.5969	chip1
1647256	38477680	1.2906	chip2
1726525	38522997	0.8019	chip1
1726625	38523017	0.8109	chip1
1686636	38534239	0.7586	chip2
1661980	38534760	1.2556	chip2
1733465	38548446	0.5721	chip1
1750865	38555257	0.641	chip2
1701023	38555315	1.4855	chip2
1670568	38559299	1.1431	chip2
1655451	38559337	1.5578	chip2
1669456	38585697	1.5452	chip1
1674608	38601315	0.8559	chip1
1674832	38608958	0.4917	chip1
1722285	38644688	1.345	chip1
1654827	38704841	0.8903	chip2
1673566	38705678	2.2412	chip2
1646764	38727667	0.8755	chip2
1684259	38737082	0.7649	chip1
1694934	38766852	1	chip1
1745553	38818726	0.8395	chip1
1745667	38818888	1.443	chip1
1747022	38819423	1.1121	chip1
1750862	38825934	1.3478	chip1
1750998	38826058	0.7957	chip1
1751110	38826269	1	chip1
1751216	38826908	0.994	chip1
1751350	38827677	1.1392	chip1
1751462	38827935	0.4622	chip1
1645900	38832550	1.0201	chip2
1680383	38839050	2.0644	chip1
1680495	38839154	0.8624	chip1
1680579	38839306	1	chip1
1696246	38912599	0.7639	chip2
1710636	38913763	1.4207	chip2
1667345	38927951	0.8258	chip1
1669304	38934588	1.7086	chip1
1712341	38942960	1	chip2
1730058	38945300	0.7065	chip2
1678319	38963165	0.9656	chip1
1705491	38969936	2.0872	chip2
1754928	38970165	1.5893	chip2
1685846	38981162	1.4149	chip2
1732019	38981742	1.2785	chip2
1718653	38989365	0.9921	chip2
1700297	39019706	1	chip2
1702417	39028564	0.6599	chip2
1661513	39054897	1.7249	chip1
1665121	39071512	0.9845	chip1
1676264	39077490	1.036	chip2
1755778	39078145	0.6674	chip2
1715611	39078860	0.7195	chip2
1745846	39078994	1.0537	chip2
1738967	39079151	0.873	chip2
1713199	39097697	1.6579	chip2
1672032	39102253	1.2071	chip2
1654331	39115979	0.6303	chip2
1715700	39120160	1.5604	chip1
1651855	39157929	1	chip1
1710988	39163152	1.1572	chip2
1653679	39165107	1.6352	chip1
1653799	39165235	0.717	chip1
1653991	39165329	0.9325	chip1
1654104	39165704	0.8349	chip1
1655820	39166894	1.0632	chip1
1659657	39173997	1.1367	chip1
1660950	39174020	0.5812	chip1
1664613	39183027	0.9731	chip1
1664803	39184448	0.6411	chip1
1664923	39185421	0.9369	chip1
1690627	39187773	1.2696	chip2
1746052	39258421	0.9462	chip2
1681386	39258761	1.1827	chip2
1723932	39276314	1.2627	chip2
1748929	39301359	0.7975	chip2
1688405	39326843	0.5052	chip1
1697079	39353310	1.2592	chip1
1699457	39408377	0.8005	chip2
1675778	39421337	0.56	chip2
1717585	39422309	2.4015	chip2
1680487	39426543	0.882	chip1
1685609	39444896	0.5196	chip1
1718399	39486072	0.9814	chip2
1712473	39486334	1.5111	chip2
1719567	39512769	1.73	chip2
1758055	39520246	0.8744	chip2
1664244	39559391	0.876	chip2
1674269	39564256	0.6198	chip2
1679683	39640310	1.7885	chip1
1664794	39669876	1.4646	chip2
1658264	39670671	0.7871	chip2
1656251	39706180	0.7792	chip2
1642085	39706857	0.896	chip2
1757657	39709953	1.7323	chip2
1726078	39720033	0.7403	chip2
1744403	39720425	0.8308	chip2
1682918	39773654	0.6972	chip2
1757297	39777127	1.3907	chip2
1662783	39809055	1	chip1
1662905	39809220	1	chip1
1740221	39813953	1	chip2
1717296	39850406	1.4014	chip1
1724365	39867138	0.7912	chip1
1724505	39867283	1.0112	chip1
1750268	39919179	1	chip1
1678045	39938406	1.2578	chip1
1678145	39938458	1.0187	chip1
1678351	39938899	0.9645	chip1
1711384	39941522	0.7111	chip2
1688458	39946692	0.9839	chip2
1681856	39953480	1.3399	chip2
1687089	39975379	1.7031	chip1
1693992	40004049	1.2559	chip1
1696882	40091961	1.295	chip2
1647520	40093614	1.4155	chip2
1697076	40094036	0.7124	chip2
1753851	40094342	0.7444	chip2
1710099	40105060	0.5637	chip2
1710397	40136215	1.0627	chip2
1702475	40137420	1	chip2
1673097	40145943	1.0772	chip1
1733314	40172411	0.8531	chip2
1692934	40175900	1	chip2
1645782	40175972	0.9292	chip2
1679046	40176020	0.85	chip2
1654613	40176326	1.1227	chip2
1725867	40190608	1.1641	chip1
1672980	40195818	1.5762	chip2
1641969	40196614	0.8463	chip2
1758190	40198160	0.982	chip2
1732264	40200114	0.9045	chip1
1738529	40248447	0.6665	chip2
1662232	40248787	0.82	chip2
1697709	40253125	0.5382	chip2
1712364	40255617	1	chip1
1717688	40264628	1.271	chip1
1691700	40304081	0.6196	chip2
1653826	40304254	0.9049	chip2
1674541	40304338	1.1371	chip2
1755022	40353744	1.2262	chip2
1680301	40357695	0.5731	chip1
1680521	40358951	0.7383	chip1
1683641	40364563	0.693	chip1
1729473	40386151	1.8618	chip1
1704559	40386304	1.4659	chip2
1731448	40401568	0.8192	chip1
1733217	40411506	1	chip1
1733329	40411525	0.8099	chip1
1667192	40436899	0.637	chip2
1745233	40441208	0.8696	chip1
1667269	40441434	1.4982	chip1
1667391	40442020	1.9531	chip1
1677176	40484718	1	chip2
1647748	40484883	1	chip2
1659412	40532666	1.1044	chip2
1701099	40588469	0.7402	chip2
1675254	40592310	1.0738	chip1
1653814	40602741	1	chip2
1721465	40650845	0.8904	chip1
1722823	40651318	1.1066	chip1
1723283	40660505	0.6926	chip1
1726899	40669967	1.1839	chip1
1652335	40684782	1.0351	chip1
1652443	40685095	1.1838	chip1
1652557	40685128	0.8326	chip1
1653835	40685227	0.973	chip1
1678900	40721976	0.9808	chip2
1691412	40722724	0.5768	chip2
1709029	40728656	0.9018	chip2
1688314	40734997	1.3263	chip2
1748791	40796908	0.4669	chip2
1751797	40912929	0.6412	chip2
1689102	40940879	0.7713	chip2
1708622	40972828	0.8979	chip1
1685552	40993398	0.5671	chip2
1712494	41000937	0.6023	chip1
1739092	41061940	1.5593	chip1
1741976	41083714	1.7479	chip1
1720733	41157388	0.701	chip2
1726017	41195993	1	chip1
1726159	41196078	0.7129	chip1
1682042	41242749	0.8286	chip2
1716959	41259675	1.0049	chip2
1688818	41268376	0.8964	chip2
1675602	41269474	1.2022	chip2
1747675	41270992	1.1633	chip2
1745045	41271243	0.7024	chip2
1659937	41332614	1.36	chip2
1682312	41332735	0.7812	chip2
1735178	41357397	1.2059	chip2
1689937	41357766	0.6454	chip2
1721789	41384432	0.641	chip1
1690571	41438062	0.8018	chip2
1758479	41468687	1.003	chip2
1662883	41489507	0.9275	chip1
1676022	41498834	0.7155	chip2
1722498	41499167	1	chip2
1742417	41499396	1	chip2
1705048	41508365	0.4679	chip1
1705146	41508474	1.425	chip1
1706872	41513481	1.5781	chip1
1717234	41551522	1	chip1
1717348	41551614	1.1078	chip1
1752705	41555138	0.5181	chip2
1707675	41556761	1.5468	chip2
1675367	41557546	0.835	chip2
1719264	41568388	0.7504	chip1
1697853	41580356	0.645	chip2
1737419	41636158	0.9048	chip2
1707440	41737239	1.4208	chip1
1707574	41737332	1.7661	chip1
1733688	41754411	0.7755	chip2
1735615	41853927	1.1139	chip2
1671232	41960841	1.0098	chip2
1735594	41988902	1.1024	chip2
1669334	42148965	1.2382	chip1
1666314	42268393	1.4831	chip2
1707006	42335448	0.9025	chip1
1660641	42359237	0.5809	chip2
1755915	42364056	0.6933	chip1
1648643	42379228	1	chip1
1707937	42433102	0.8438	chip1
1683432	42451079	1.0762	chip2
1659866	42460893	1.1685	chip2
1730531	42461600	0.7885	chip2
1730026	42461850	1.1153	chip2
1717537	42462999	1.2643	chip2
1691185	42531275	1.7249	chip1
1691281	42531295	0.842	chip1
1735817	42550900	1.3106	chip2
1682512	42589091	0.425	chip2
1711797	42696979	0.9789	chip1
1716894	42721590	1.5624	chip1
1655030	42800012	1.3377	chip1
1754354	42865011	0.9165	chip2
1666804	42871651	0.9352	chip2
1751495	42871733	1.3933	chip2
1645229	42912082	1.014	chip1
1699116	42965672	0.8854	chip1
1707958	42974148	1.2603	chip2
1758811	42974196	1.0829	chip2
1683706	43016048	0.8641	chip2
1750873	43069463	0.96	chip2
1687757	43159259	0.716	chip1
1743789	43179954	0.7152	chip2
1642129	43305949	1.0314	chip2
1756960	43491632	1.193	chip1
1758903	43527838	1.1763	chip2
1723340	43529441	1.4341	chip2
1676658	43529469	0.9367	chip2
1694876	43555235	0.8229	chip1
1694992	43555317	0.6796	chip1
1695096	43555566	1.8067	chip1
1716941	43558435	1.1633	chip2
1679874	43759285	0.4985	chip2
1687715	43774733	1.7881	chip1
1737068	43845638	1	chip1
1660603	43883204	0.6738	chip2
1742048	43894253	1	chip1
1748918	44280886	1.6558	chip1
1754527	44316476	1.3422	chip1
1658680	44318611	1.2178	chip2
1660577	44327272	1	chip2
1685321	44369022	0.6906	chip1
1669410	44740755	1	chip1
1756934	44831013	0.8781	chip1
1742090	44890060	1.8655	chip1
1752888	44921159	0.7292	chip1
1754481	44921845	1.1706	chip1
1677576	44963638	0.7725	chip2
1656861	45025009	1	chip2
1684334	45028069	0.8254	chip2
1684540	45028939	1.4864	chip2
1731541	45051591	1.575	chip2
1723060	45112280	0.4481	chip2
1698900	45373039	0.997	chip1
1737062	45374820	0.8703	chip1
1737276	45376513	1.1419	chip1
1750269	45454018	0.4616	chip2
1682428	45454470	0.7681	chip2
1705867	45458574	0.7154	chip2
1740519	45480079	0.6678	chip2
1730495	45494829	0.915	chip2
1682648	45494885	0.5268	chip2
1649460	45495180	0.4998	chip2
1732766	45495240	0.9225	chip2
1735220	45495302	0.4944	chip2
1672866	45495386	0.9445	chip2
1669096	45592920	1	chip1
1670465	45593798	1	chip1
1721548	45664332	1.8731	chip2
1661128	45750430	0.8054	chip1
1663886	45958411	1.1928	chip2
1704727	45972665	0.9475	chip2
1663462	46014642	1.4004	chip2
1680685	46486043	1.3979	chip1
1680915	46486874	1.2395	chip1
1665631	46625020	1.0527	chip1
1665735	46625056	1.739	chip1
1725741	46722395	1.1236	chip1
1692062	46751852	0.8042	chip2
1660031	46786614	1	chip2
1713751	46843667	0.941	chip1
1713975	46844296	1.312	chip1
1755352	46924583	1.6139	chip2
