Probe_Set	Phy_position	CPA	chiptype
1666553	627050	1	chip1
1715750	840485	0.7637	chip1
1726331	1793138	1.4177	chip1
1685712	1827483	1.6628	chip2
1735899	1861503	1.1525	chip2
1726272	2335651	1.0956	chip2
1660936	2391922	1.0877	chip1
1662285	2392310	1.5328	chip1
1680848	2462432	0.9656	chip2
1671440	2475729	0.9172	chip2
1719355	2485899	1.0288	chip2
1716499	2486008	1.3995	chip2
1643847	2502302	0.4897	chip1
1646007	2545285	1.3414	chip1
1715285	2575296	1.7092	chip2
1657714	2577377	1.0207	chip2
1725038	2577547	0.9777	chip2
1713938	2577647	1.3177	chip2
1708565	2637829	0.7398	chip1
1688287	2745539	1.4843	chip1
1688573	2745741	2.0717	chip1
1648908	2832253	1.2932	chip2
1684812	2954799	1	chip2
1656924	3040426	1	chip1
1667173	3076505	1.2382	chip1
1709020	3094785	1	chip1
1714355	3137322	1.045	chip1
1714528	3137428	1.2254	chip1
1649173	3184698	1.0731	chip1
1703865	3208787	1.0199	chip2
1752343	3226908	1.0012	chip2
1644927	3332666	1.6427	chip1
1653395	3702817	1	chip1
1742911	3891944	1	chip2
1750936	3958553	0.5367	chip1
1643633	3996656	1.1592	chip1
1739123	4019487	1.1264	chip2
1658016	4056131	0.8171	chip2
1692639	4063502	0.9468	chip1
1694178	4075592	2.6783	chip1
1696768	4117292	0.9626	chip2
1707059	4129808	1	chip2
1647096	4153611	1.3348	chip2
1744684	4160894	0.4589	chip1
1744814	4161050	1.5231	chip1
1745002	4161305	1.4621	chip1
1733060	4186972	1	chip2
1682937	4238766	0.2868	chip1
1720309	4316277	1.4342	chip2
1660969	4316715	1.0984	chip2
1720051	4708009	1.2128	chip2
1743985	4907972	1	chip2
1671840	4964208	1	chip2
1710692	4970661	0.9195	chip1
1710807	4971413	1.8418	chip1
1668949	4976851	0.8954	chip2
1712770	4981188	1	chip1
1714458	4983496	0.9395	chip1
1645561	5021740	1.5655	chip1
1647491	5031721	0.5325	chip1
1647587	5031806	1.9622	chip1
1696387	5076956	1.045	chip1
1710806	5093351	1.0353	chip2
1696218	5373146	1.0318	chip2
1747964	5530342	0.943	chip1
1649967	5576394	1.2146	chip1
1651343	5579370	1.4945	chip1
1691118	5588366	1	chip2
1669095	5600519	0.7071	chip2
1661727	5630231	1.0225	chip1
1665601	5658088	1	chip1
1705506	5682439	0.8659	chip1
1687380	5704032	0.8789	chip2
1714173	5709290	2.2602	chip1
1714291	5709394	1.9816	chip1
1714416	5709987	1	chip1
1643773	5774199	1.5484	chip1
1677740	5777410	0.5085	chip2
1670978	5793856	1.0906	chip2
1646884	5909914	1.2243	chip2
1662122	5984553	1.4792	chip2
1755484	6009504	1.6101	chip2
1686544	6009940	1.2732	chip2
1752006	6045657	0.8811	chip1
1730130	6105671	0.7578	chip2
1729628	6114164	0.7378	chip2
1688439	6169284	0.4701	chip1
1690148	6179460	1	chip1
1691513	6180418	1.1902	chip1
1698992	6238611	1.348	chip1
1711372	6346577	1	chip2
1752692	6354695	0.7653	chip1
1651304	6357860	1.3393	chip2
1720685	6587813	0.835	chip2
1749687	6642607	0.9029	chip2
1648242	6693450	1.7219	chip2
1715353	6961223	0.8924	chip2
1719217	6975884	1.9463	chip2
1683189	7038374	1.2138	chip1
1716387	7085406	1.294	chip2
1701243	7119083	0.5727	chip2
1741635	7129665	0.7231	chip2
1716842	7267912	1	chip1
1754825	7279320	1	chip1
1642973	7338958	3.2933	chip2
1687294	7571263	1.3466	chip2
1696223	7576555	1	chip1
1696363	7576679	1	chip1
1653418	7638091	0.8607	chip2
1708720	7669035	0.8402	chip1
1746676	7688210	0.5965	chip1
1747160	7695839	1	chip1
1695465	7705631	1.4502	chip2
1757720	7788006	1.3945	chip1
1646969	7799976	1.8359	chip1
1647145	7800654	1	chip1
1647309	7801948	1.497	chip1
1685405	7806511	2.5584	chip1
1690566	7824884	0.8869	chip1
1690676	7825495	1	chip1
1672664	7880693	0.8399	chip2
1671844	7911269	0.925	chip2
1677591	8015498	1.1752	chip1
1677749	8016092	1.1105	chip1
1725702	8131298	1.4054	chip2
1743592	8231702	2.091	chip1
1743910	8233086	1	chip1
1744036	8233152	1	chip1
1744172	8233208	1.3594	chip1
1711136	8245875	1.058	chip2
1752713	8256518	2.0167	chip2
1749413	8256555	1.2249	chip2
1726450	8256714	0.7636	chip2
1675486	8278865	1.1078	chip1
1680438	8301868	1.5372	chip2
1724313	8345492	0.7961	chip1
1726079	8353726	0.6695	chip1
1726271	8354124	1.4105	chip1
1727944	8367112	1.9014	chip1
1728030	8367329	0.74	chip1
1685332	8417665	0.9052	chip2
1740088	8448273	1.1686	chip1
1645491	8475201	1.2171	chip1
1661167	8542558	0.7542	chip2
1697381	8564476	1.6623	chip1
1697804	8568505	1	chip1
1740967	8570495	0.9579	chip2
1711592	8626493	1	chip2
1744802	8642026	1.3345	chip1
1749842	8671014	0.9579	chip1
1699701	8798982	0.8887	chip2
1749209	8803799	1.0963	chip2
1654365	8820080	1.0474	chip2
1650556	8834087	1	chip2
1731487	8834593	0.8034	chip2
1743606	8883005	1	chip1
1745337	8901312	1.4016	chip1
1747580	8929729	1	chip1
1702703	9179005	1	chip2
1741320	9235327	1.5427	chip1
1670425	9301848	1.0042	chip1
1672609	9332130	1.5084	chip1
1672767	9332167	1.3627	chip1
1728614	9491161	1.1329	chip1
1732346	9531393	1.3058	chip1
1735798	9544564	0.6705	chip1
1666603	9583839	1	chip1
1654501	9624353	0.9269	chip2
1735757	9624507	1	chip2
1692911	9660518	0.7882	chip1
1694841	9775521	1.3543	chip2
1708598	9851763	1	chip2
1656611	9932695	1	chip2
1727593	9982137	1	chip2
1738126	9992455	1	chip2
1717395	9999178	1	chip2
1695358	10003331	0.5029	chip1
1697368	10033864	0.8857	chip2
1673296	10108081	0.4889	chip2
1701823	10115383	1.141	chip2
1683086	10124322	1	chip2
1749404	10143665	1	chip1
1673621	10162343	0.9322	chip1
1677429	10189801	1.5195	chip1
1679063	10193929	0.875	chip1
1682939	10210032	1	chip1
1674006	10272745	1.271	chip2
1733623	10308325	0.5461	chip1
1725290	10545521	1	chip2
1666059	10555454	1	chip1
1669846	10597327	0.9293	chip1
1671677	10615565	1	chip1
1643722	10625012	1	chip2
1754772	10821206	1	chip2
1724039	10860639	1	chip1
1734695	11064255	0.6585	chip1
1739275	11084486	1.1644	chip2
1649330	11090993	0.4717	chip2
1717923	11100130	0.5601	chip2
1661943	11131625	1	chip1
1668880	11213026	0.9197	chip1
1660329	11287192	1.0097	chip2
1704529	11397944	1.142	chip2
1693865	11407496	1.2012	chip2
1721577	11565153	0.9612	chip1
1721737	11566456	0.907	chip1
1721871	11566611	1.5742	chip1
1705675	11615542	0.5481	chip2
1739160	11631130	0.8488	chip1
1744168	11665007	1	chip1
1746183	11710277	1.8952	chip1
1693109	11919452	1.3497	chip1
1745482	11926795	2.6137	chip2
1733507	11930107	1.0855	chip1
1684906	11958570	1.0408	chip2
1669600	12046769	0.7844	chip1
1727341	12062028	1	chip2
1718009	12063484	2.1364	chip2
1681729	12085796	1.0273	chip1
1646118	12181502	1.4586	chip2
1660503	12181529	0.5787	chip2
1717513	12182018	0.6919	chip2
1695085	12333838	2.0037	chip2
1672111	12342843	0.7666	chip1
1664896	12353980	1.6189	chip2
1716314	12380675	1	chip1
1717708	12381854	1	chip1
1718072	12388790	1.4927	chip1
1666227	12574234	1.1208	chip1
1669938	12656513	1	chip1
1664536	12660175	2.1423	chip2
1708473	12667573	1.2284	chip1
1709964	12669171	0.8368	chip1
1664000	12721002	1	chip2
1722665	12736694	0.8642	chip1
1685286	12774442	1.0233	chip2
1652164	13090626	1.0446	chip2
1756050	13093329	0.5852	chip2
1734217	13099544	1	chip1
1669919	13131953	1.046	chip2
1740618	13148837	1.3332	chip1
1666853	13217652	1.5718	chip1
1697070	13277992	1	chip2
1702435	13284877	0.5	chip2
1750751	13343003	1	chip2
1717527	13358725	0.9833	chip2
1644600	13433642	1.3564	chip2
1697665	13442630	1	chip2
1735047	13452805	1.4612	chip1
1729212	13459184	0.89	chip2
1662615	13499884	1.7771	chip1
1725685	13647640	0.8217	chip1
1712969	13649795	0.8523	chip2
1651125	13685289	1.6386	chip1
1718547	13820230	1.1366	chip2
1717670	13887226	1	chip1
1692954	13893224	0.9632	chip2
1721044	13916868	1	chip1
1689877	13931728	1	chip2
1699591	13932033	1	chip2
1649520	13988369	1.1712	chip2
1724468	14153432	1.9078	chip2
1698868	14251161	1.8933	chip1
1716191	14337551	1	chip2
1697531	14403376	1.9985	chip2
1750161	14462994	1.4518	chip2
1677856	14476633	1.6011	chip2
1695649	14539526	1	chip2
1666867	14630582	0.9789	chip1
1685322	14653358	1.1065	chip2
1672245	14691707	1.7604	chip1
1673290	14746120	1.2969	chip2
1737864	14746831	0.4257	chip2
1747329	14754244	1.0173	chip2
1721370	14839244	1.0979	chip1
1731792	14963170	2.657	chip1
1669077	14965749	1	chip2
1654939	14988001	1.0696	chip2
1656232	15015522	1.0047	chip1
1662911	15082110	0.6675	chip1
1666141	15097803	1.622	chip1
1743717	15099861	1.6807	chip2
1741999	15148309	0.6966	chip2
1757055	15148779	0.483	chip2
1717002	15165952	0.8955	chip1
1757897	15170036	0.9509	chip2
1748189	15172293	1	chip2
1678394	15247535	2.5763	chip2
1655402	15312319	0.8844	chip1
1721063	15326787	1.0657	chip2
1713279	15346537	0.7562	chip2
1717796	15433503	1	chip1
1643891	15482596	1	chip1
1733860	15514786	0.4299	chip2
1694074	15584646	1.1876	chip1
1694426	15595405	1.8473	chip1
1696293	15604110	1.1457	chip1
1697770	15604698	1.4031	chip1
1659308	15626808	1.343	chip2
1706640	15714905	0.9721	chip1
1708491	15732892	0.9625	chip1
1677134	15778401	0.8547	chip2
1670085	15799552	1.0604	chip2
1757430	15822808	1	chip1
1757534	15823449	0.75	chip1
1670672	15884011	0.8184	chip2
1664171	15924353	0.9616	chip1
1685854	16081261	0.7006	chip2
1715378	16107054	0.7127	chip1
1715502	16107113	1.2167	chip1
1743629	16119545	0.6824	chip2
1750829	16119894	1.4418	chip2
1722763	16137409	0.5679	chip1
1688604	16177806	0.6279	chip2
1729571	16196623	1	chip1
1709191	16231887	0.6806	chip2
1736321	16257818	0.7145	chip2
1644058	16466585	1	chip2
1650565	16980609	0.8095	chip1
1655960	17057536	1	chip1
1656174	17058048	1	chip1
1705691	17439253	1.108	chip2
1706786	17520779	1	chip1
1728857	17560304	0.8463	chip2
1644651	17740336	1	chip1
1646355	17764213	1	chip1
1693167	17973677	1.1889	chip1
1699004	18051790	0.559	chip1
1700697	18061310	1.4731	chip1
1700800	18061914	1.11	chip1
1723026	18062321	0.6257	chip2
1747686	18182989	0.78	chip1
1721970	18211552	1.6794	chip2
1642454	18483473	1	chip1
1642560	18483887	1	chip1
1683959	18552928	1	chip1
1706243	18627124	0.7814	chip2
1703133	18627389	0.8785	chip2
1651246	18709806	0.9033	chip2
1654227	18757736	0.928	chip2
1743357	18854030	1	chip2
1683358	19010507	0.5899	chip2
1742839	19130651	1.3069	chip2
1684230	19130688	1.7435	chip2
1660123	19141546	1.1859	chip2
1721968	19286184	1	chip2
1719811	19286616	1	chip2
1716718	19414194	0.96	chip1
1716846	19414911	1.1232	chip1
1646079	19560332	2.5554	chip1
1736705	19593291	1.3722	chip2
1658263	20373693	1	chip1
1658655	20391000	1	chip1
1751759	20392593	0.7197	chip2
1676540	20392838	0.6671	chip2
1698338	20409797	1	chip1
1700264	20476813	1	chip1
1721604	20535147	1	chip2
1707374	20541333	1	chip1
1719361	20586860	1	chip2
1658178	20612075	1	chip2
1751361	20612360	1	chip2
1715795	20668869	1	chip2
1756045	20692758	1	chip1
1756191	20693120	1.3356	chip1
1641774	20729838	1	chip1
1702707	20933565	1	chip2
1689027	21290187	1.4113	chip1
1693933	21458504	1	chip2
1694588	21551581	1	chip1
1644836	21663776	2.2756	chip2
1650754	21877478	1.2617	chip2
1752215	21911720	1.5195	chip2
1753778	21914749	0.5233	chip1
1731175	21986625	1.2815	chip2
1654195	22024626	0.6472	chip2
1734576	22052275	0.7289	chip2
1740754	22114994	1.345	chip1
1742524	22128023	1.1345	chip1
1658470	22130800	1	chip2
1735264	22178141	0.7312	chip2
1679188	22178293	0.6595	chip2
1662064	22229887	0.5628	chip2
1740733	22229915	0.7044	chip2
1668157	22235597	1.0127	chip1
1668037	22235631	0.612	chip1
1672356	22315745	1.6853	chip2
1651306	22398509	1	chip2
1726060	22398655	0.6126	chip2
1721104	22414172	0.6433	chip1
1721288	22415544	1	chip1
1721396	22415575	1.3788	chip1
1675910	22418109	0.7593	chip2
1678380	22445329	0.6276	chip2
1726270	22445741	1.0831	chip2
1718953	22445959	1.2799	chip2
1728531	22448423	1.4699	chip2
1740261	22448491	0.8209	chip2
1740693	22493470	1.1974	chip2
1705790	22566739	1.1728	chip1
1711180	22577912	0.7163	chip2
1660837	22745174	0.5389	chip2
1718123	22747582	0.5474	chip2
1642316	22893686	1	chip1
1643737	22903275	1.0505	chip1
1657387	23070391	0.5793	chip2
1656482	23075250	0.8511	chip1
1699896	23123682	1.6313	chip1
1756515	23129690	0.6658	chip2
1669717	23133096	0.6017	chip2
1702791	23141547	1.1376	chip2
1738855	23143262	1.4046	chip2
1657538	23146973	1.7263	chip2
1756769	23196161	0.5446	chip2
1663694	23210131	1.0543	chip2
1754070	23213545	2.2444	chip1
1754179	23213566	1.3748	chip1
1755505	23216764	1.0651	chip1
1690100	23304283	0.8089	chip1
1692303	23322857	1.6267	chip1
1692409	23323640	1	chip1
1645534	23346387	0.8818	chip2
1697528	23373507	1.0188	chip1
1700970	23424710	1.7487	chip1
1676754	23476452	0.6377	chip2
1704374	23486394	0.7075	chip1
1746269	23525768	1.2931	chip1
1747946	23526819	1.537	chip1
1683616	23535776	1	chip2
1753708	23555721	1.2224	chip1
1664982	23571795	0.4509	chip2
1721800	23805375	1	chip2
1725223	23849600	1.2006	chip1
1685448	23872564	0.7993	chip2
1723551	23922302	1.0358	chip1
1657843	24131085	1	chip1
1661703	24167420	1.4753	chip1
1663059	24171506	0.7166	chip1
1653374	24262082	1	chip2
1653433	24476756	0.5113	chip1
1653569	24477640	1.4223	chip1
1673756	24570504	0.8183	chip2
1700868	24586046	1	chip1
1704150	24661448	1.8384	chip1
1729132	24677899	1	chip2
1747321	24779283	1	chip2
1734148	24894560	1	chip2
1646201	25124221	1.4354	chip1
1650926	25184746	1.1012	chip2
1724968	25389824	0.7672	chip2
1738511	25430993	1.0889	chip2
1701355	25431107	1.2414	chip2
1741882	25472807	0.661	chip1
1743168	25472951	0.8894	chip1
1743436	25478538	1.0799	chip1
1743039	25479084	1	chip2
1743608	25480611	1	chip1
1680008	25580813	1.078	chip2
1652222	25604873	0.9055	chip2
1734752	25605470	0.8877	chip2
1671968	25605573	0.7075	chip2
1657874	25656348	1.1898	chip2
1688569	25675653	1.2059	chip1
1743519	25740622	1	chip2
1741309	25785692	1.9286	chip2
1707361	25838535	1.467	chip2
1676894	26155524	1.243	chip2
1704783	26319902	0.7596	chip2
1750921	26320422	0.7585	chip2
1647183	26368000	0.5167	chip1
1650947	26423956	0.5108	chip1
1690700	26452609	1.9276	chip1
1713598	26510957	0.951	chip2
1695989	26565657	1.3689	chip2
1744700	26822084	0.7397	chip1
1645734	26835563	0.9016	chip2
1748488	26847180	1.2045	chip1
1753362	26858517	1.1811	chip1
1741497	26973285	1	chip2
1698419	27013561	1.2243	chip2
1695294	27015006	0.6733	chip1
1742080	27103721	0.9151	chip1
1719323	27140348	1.611	chip2
1751242	27151471	0.639	chip1
1735797	27171022	1.6595	chip2
1737215	27198082	0.8538	chip2
1652108	27390330	1	chip2
1698359	27390908	1	chip2
1739712	27464504	1.0756	chip1
1670545	27504261	1.2547	chip1
1674578	27522497	1.3665	chip1
1677956	27528083	1.2695	chip2
1677268	27546990	0.4333	chip2
1713550	27703652	0.7175	chip2
1753318	27845892	1.2737	chip1
1754645	27846868	1.2914	chip1
1700969	27901452	1.5965	chip2
1647723	28051139	1.4172	chip1
1647843	28051746	0.6533	chip1
1684746	28141055	1.7262	chip2
1700312	28265135	0.752	chip1
1720319	28361908	1.1497	chip2
1674153	28414846	1.4223	chip2
1752432	28416146	1	chip1
1691080	28488483	1.722	chip2
1677120	28488590	1	chip2
1681839	28513486	0.9706	chip1
1685135	28553858	0.6285	chip1
1686955	28563908	0.791	chip1
1688917	28582684	1.3298	chip1
1678072	28591757	0.5941	chip2
1736188	28659037	1.8775	chip1
1716771	28661778	0.6193	chip2
1739732	28680606	0.7612	chip1
1743094	28749824	1.1168	chip1
1748200	28766439	0.6514	chip1
1748442	28767814	1.0568	chip1
1642835	28795243	0.6806	chip2
1688337	28997663	1.7029	chip1
1730317	29034537	1.4604	chip1
1673745	29157835	1.4768	chip1
1680563	29208007	1.3406	chip1
1724685	29325577	0.9601	chip1
1699587	29357698	0.9431	chip2
1685110	29388122	1.0131	chip2
1643858	29390082	0.4229	chip2
1652760	29391079	0.7255	chip2
1748495	29391309	1.6577	chip2
1744241	29391418	1.2894	chip2
1746844	29397076	2.2951	chip1
1746968	29397309	0.5995	chip1
1747174	29397872	1	chip1
1747294	29397983	0.8906	chip1
1725830	29439169	1.5235	chip2
1752862	29440841	0.7491	chip1
1698683	29453640	1.0002	chip2
1645189	29490778	1.1505	chip1
1674355	29501398	1.7189	chip2
1677870	29642973	1.3006	chip2
1699580	29935583	0.8166	chip1
1739864	30021429	0.7467	chip1
1742842	30048018	1.0309	chip1
1748232	30115404	1	chip1
1754010	30147947	0.7764	chip1
1757898	30197178	0.9812	chip2
1684567	30211803	1.4066	chip1
1658234	30213015	1.0085	chip2
1723010	30213340	1.203	chip2
1685147	30213713	1.7399	chip1
1686499	30214079	1.3286	chip1
1686629	30214261	0.7289	chip1
1693311	30226101	1.4339	chip2
1692117	30285245	1.0491	chip1
1693674	30296349	0.7862	chip1
1732575	30316610	0.6379	chip1
1736248	30359478	0.5794	chip1
1677092	30363030	1	chip2
1744184	30403958	1	chip1
1713836	30487767	0.5574	chip2
1726640	30548162	1	chip2
1716737	30548244	0.9285	chip2
1720123	30583790	1	chip2
1718055	30695409	1	chip2
1679342	30751809	0.6649	chip2
1654097	30833110	0.8167	chip2
1728106	30917257	1	chip1
1728236	30917404	1.018	chip1
1724516	30957535	1.1979	chip2
1728391	31012872	1.1258	chip2
1724582	31013026	0.8592	chip2
1683266	31050217	1.2033	chip2
1720610	31084915	1.5739	chip1
1720820	31085231	2.1497	chip1
1750301	31087359	1.7419	chip2
1727648	31105272	0.6873	chip1
1730810	31128167	0.7427	chip1
1730964	31128436	0.5273	chip1
1731060	31128665	0.8367	chip1
1731262	31132498	0.9086	chip1
1713378	31157503	1.5018	chip2
1644244	31167705	0.7187	chip2
1663571	31172285	1.1759	chip1
1665313	31180395	1.334	chip1
1670617	31226556	1	chip1
1670911	31230939	1.0271	chip1
1750717	31273426	1	chip2
1690646	31286402	0.9007	chip1
1690750	31286809	1.9596	chip1
1660775	31293193	1.4539	chip2
1695928	31330840	1.5287	chip1
1737628	31352886	1	chip1
1739474	31365277	1.044	chip1
1742722	31376915	1.7896	chip1
1744428	31391761	0.6083	chip1
1642649	31408721	0.8498	chip2
1746630	31420524	0.7255	chip1
1748110	31425269	0.5118	chip1
1704169	31441476	0.8337	chip2
1674489	31455986	0.8037	chip2
1675891	31506888	1.305	chip1
1679633	31544013	1.3793	chip1
1685097	31602250	0.9633	chip1
1686441	31606813	0.6365	chip1
1671850	31628821	1.1024	chip2
1698709	31659384	1.7908	chip2
1758887	31682610	1.2749	chip2
1737422	31697376	1.0353	chip1
1737522	31697540	0.7407	chip1
1723766	31749014	1.2398	chip2
1675308	31799005	1.3796	chip1
1644180	31806329	0.817	chip2
1679219	31822449	1	chip1
1724893	31861619	1	chip1
1726839	31875513	1.184	chip1
1731646	31900777	0.9904	chip1
1679108	31965456	0.7369	chip2
1720122	32007752	0.6123	chip1
1720260	32008074	1.805	chip1
1720382	32010981	1.3792	chip1
1691500	32018729	1	chip2
1696566	32020384	1.3736	chip2
1687208	32021053	1.5436	chip2
1673530	32021500	0.5607	chip2
1685790	32075334	1	chip2
1653301	32091562	1	chip1
1656568	32110834	1	chip1
1644238	32171498	1	chip2
1739799	32175119	1.722	chip2
1642727	32175205	1.2554	chip2
1710823	32188022	2.0856	chip1
1712280	32188284	0.9634	chip1
1712406	32188659	1	chip1
1719822	32218381	0.7553	chip1
1722029	32223411	0.7293	chip1
1703545	32244571	1.4355	chip2
1645044	32245083	1.598	chip2
1730172	32248245	0.8364	chip2
1660567	32262635	1.172	chip2
1687662	32266977	1	chip2
1701829	32284238	0.9311	chip2
1751370	32290344	0.9257	chip1
1754636	32337590	1	chip2
1737551	32337910	0.5824	chip2
1752809	32338517	1	chip2
1690775	32340688	1	chip2
1689273	32342776	1.3774	chip1
1689794	32345333	1	chip1
1728348	32347774	1.9918	chip1
1724212	32350898	1	chip2
1731496	32357684	1	chip1
1731610	32357776	0.5675	chip1
1679634	32401272	1.5625	chip2
1695693	32426790	2.0009	chip2
1669804	32441362	1.661	chip1
1671205	32442336	0.4286	chip1
1658116	32465726	0.6698	chip2
1680191	32468253	1.1312	chip1
1680597	32470155	1.45	chip1
1681937	32471234	0.6194	chip1
1682067	32471331	1.1792	chip1
1682187	32471389	0.857	chip1
1682383	32471746	1.458	chip1
1722815	32474768	1.1125	chip1
1653652	32497451	0.834	chip2
1681524	32510682	0.7135	chip2
1739741	32516252	1.3219	chip2
1688974	32518052	1.258	chip2
1662495	32530369	1	chip1
1653190	32549301	0.8616	chip2
1721834	32584507	1	chip2
1673099	32586154	0.8471	chip1
1714758	32613941	0.5147	chip1
1712879	32667673	0.6812	chip2
1743011	32667764	1	chip2
1720034	32668471	1.0718	chip1
1720132	32669004	0.9615	chip1
1722055	32681342	1	chip1
1722211	32681522	0.7636	chip1
1660547	32695382	2.0341	chip2
1729161	32717810	1	chip1
1664995	32834862	0.9399	chip1
1656443	32851251	1.5446	chip2
1747975	32903067	1.2006	chip2
1643654	32951375	1.5021	chip2
1653815	33004451	1	chip1
1654154	33014912	1	chip1
1757693	33037667	1	chip2
1674944	33062973	0.6412	chip1
1684736	33072454	1.4208	chip2
1753937	33078906	0.8641	chip2
1683751	33126084	0.5113	chip1
1690521	33126772	1	chip2
1675431	33131203	0.6791	chip2
1687427	33164832	1.5628	chip1
1726515	33186303	0.7607	chip1
1741438	33341588	0.6482	chip1
1688908	33530319	1.5014	chip2
1753833	33546358	1.7456	chip2
1678049	33552072	1	chip1
1679549	33553605	1	chip1
1679725	33555118	0.7405	chip1
1718396	33566214	0.7143	chip1
1709721	33633323	0.5876	chip2
1649080	33642623	1.6651	chip2
1705507	33737300	0.6635	chip2
1663219	33822977	0.9099	chip1
1664903	33827772	1.0604	chip1
1756789	33867703	1.2378	chip2
1645602	33872597	1.1472	chip2
1648378	33888814	0.7346	chip2
1671332	33984553	1.8499	chip2
1666334	33994134	0.5587	chip2
1738823	33994487	1.2318	chip2
1701493	33995050	1.5166	chip2
1708442	34001926	0.6246	chip2
1736375	34107246	0.5734	chip2
1706497	34225171	1.016	chip2
1661936	34299128	0.6198	chip2
1671482	34442095	0.9514	chip2
1651047	34451716	1.5217	chip1
1722282	34558201	1.4007	chip2
1710379	34564698	1.4007	chip2
1719579	34636210	1	chip2
1704734	34699611	1	chip1
1705228	34736108	0.779	chip1
1689626	34744409	0.5952	chip2
1710559	34829742	0.7352	chip1
1724767	34854919	1	chip1
1731842	34975494	0.8351	chip1
1731954	34975867	0.6129	chip1
1663888	35153036	3.6005	chip2
1669772	35206406	0.471	chip1
1673065	35226556	0.9623	chip1
1715070	35264564	1.0134	chip1
1702887	35264794	1.6325	chip2
1716824	35271228	1.0057	chip1
1724199	35335704	1	chip1
1643794	35338845	0.9654	chip2
1744115	35338862	0.4767	chip2
1749349	35480319	1.3066	chip2
1680732	35733229	0.8879	chip2
1645443	35739908	0.8115	chip1
1732089	36031627	1	chip2
1737685	36072401	1	chip2
1704480	36086945	1	chip1
1704634	36087180	1	chip1
1704754	36087499	1	chip1
1649146	36095190	1	chip2
1709782	36166015	1	chip1
1710342	36199340	1	chip1
1676912	36208501	1	chip2
1695771	36208761	1	chip2
1753474	36294573	1.4388	chip1
1757100	36339398	0.3629	chip1
1695561	36409236	1.6893	chip2
1739435	36635135	2.6289	chip2
1734478	37159277	0.5392	chip2
1707646	37165920	1	chip1
1666781	37501687	0.7901	chip1
1667031	37521454	1.6499	chip1
1670206	37539300	1	chip1
1745462	37544502	0.9286	chip2
1670353	37564747	1.2097	chip2
1713281	37572311	0.6943	chip2
1717477	37572821	1.2026	chip2
1705549	37579301	1.0499	chip2
1674222	37588814	1.3398	chip1
1714542	37616741	1.1819	chip1
1716146	37653503	0.7693	chip1
1718044	37674857	1	chip1
1718246	37675361	1	chip1
1719664	37675587	0.8619	chip1
1739117	37754672	0.6435	chip2
1756841	37796713	0.7726	chip2
1656238	37797219	1.0795	chip1
1719561	37820938	1.1091	chip2
1666671	37921878	0.9115	chip1
1710046	37978738	1	chip1
1711789	38001666	1.1868	chip1
1715922	38037272	1.5651	chip1
1717422	38052938	0.85	chip1
1688036	38055519	1.7954	chip2
1695751	38072531	0.6335	chip2
1705637	38107514	1.5755	chip2
1643428	38117157	1.1067	chip1
1655476	38228603	1	chip1
1702578	38360329	0.3123	chip1
1709934	38437628	0.6085	chip1
1644125	38582242	0.6228	chip1
1644291	38584687	0.6523	chip1
1749065	38951268	1.3018	chip2
1756151	38957809	1.5354	chip1
1732397	38962076	1.4054	chip2
1681639	38983041	1.0885	chip1
1682009	38996858	0.9917	chip1
1665266	39064816	1.8175	chip2
1666788	39068692	1.0451	chip2
1665130	39134310	1.6422	chip2
1650394	39135333	1.1369	chip2
1722481	39175061	1.2936	chip1
1730982	39254085	0.6708	chip1
1733666	39321575	1.7571	chip2
1706875	39322273	0.8278	chip2
1710848	39378664	1.4392	chip2
1688698	39399430	0.6392	chip2
1665227	39425031	1.2161	chip1
1717622	39717384	1.8346	chip1
1650555	40136196	0.7223	chip1
1738503	40312426	1.0645	chip2
1674511	40521777	1.943	chip2
1716676	40776962	1.8543	chip1
1703446	41046721	1.538	chip1
1707745	41087103	0.6364	chip2
1720955	41087217	0.78	chip2
1676444	41275657	0.7393	chip2
1647063	41319069	1	chip1
1663432	41379681	1	chip2
1744757	41380061	1	chip2
1688805	41395951	1	chip1
1661490	41742892	1.0037	chip2
1726554	41810330	1.5143	chip2
1667111	41996104	0.7354	chip1
1667417	42003763	0.5702	chip1
1670945	42102107	0.9898	chip1
1709098	42116583	1	chip1
1709402	42131515	0.9979	chip1
1665416	42414337	1.6549	chip2
1662432	42501893	0.7413	chip2
1682278	42576111	1.1347	chip2
1685986	42576336	1.2475	chip2
1713970	42590813	1.2548	chip2
1712607	42615092	0.6938	chip2
1693068	42615327	1.0374	chip2
1756108	42616005	1.5555	chip2
1722986	42664202	0.6836	chip2
1713725	42689397	0.8422	chip1
1713845	42689452	0.9357	chip1
1755499	42706792	0.465	chip1
1727779	42720265	0.7334	chip2
1758169	42732777	1	chip2
1737127	42773948	1.4449	chip2
1651747	42815054	1.9847	chip1
1651865	42815358	0.8626	chip1
1653453	42859760	0.9644	chip1
1653551	42860217	0.6941	chip1
1704118	43171206	1	chip1
1745490	43218076	1.5458	chip2
1738689	43256381	1.4302	chip2
1703287	43333638	1.2099	chip2
1691926	43334058	1	chip2
1642300	43344119	1	chip1
1706739	43381224	0.9357	chip2
1754730	43436265	1.0164	chip2
1685979	43482409	0.7592	chip1
1691305	43518684	0.8136	chip1
1691413	43518947	1.1325	chip1
1740218	43707575	1	chip1
1740330	43707868	0.6881	chip1
1712533	43795076	1.4843	chip2
1702133	43799577	0.4977	chip2
1682093	43900792	0.628	chip1
1692914	44076836	0.7615	chip2
1713559	44212538	1.4924	chip1
1707566	45066663	0.9736	chip1
1649166	45104365	1	chip2
1712750	45126891	0.9513	chip1
1712934	45127498	1	chip1
1704910	45550870	1.1321	chip1
1739397	45576793	1	chip2
1643106	45728960	1.6315	chip1
1645025	45737567	0.7777	chip1
1752859	46027544	1	chip2
1745927	46060288	1.1498	chip1
1749280	46069605	1	chip1
1658886	46103933	1.113	chip2
1667158	46161897	0.8859	chip2
1704343	46189348	1.3167	chip2
1683927	46208500	1	chip1
1741297	46351719	1.157	chip2
1721910	46386322	1	chip2
1734890	46429491	0.9817	chip2
1740170	46619766	1	chip1
1713139	46739943	0.7087	chip2
1743324	46766512	1.5202	chip1
1648918	47004736	1	chip2
1650874	47104218	1.3877	chip2
1758927	47542990	0.4976	chip2
1718003	47670546	1	chip2
1692849	47702613	1	chip1
1748802	47831151	1	chip1
1757808	48381807	1.2747	chip2
1657473	48382107	2.6334	chip2
1747658	48648425	0.8976	chip1
1682000	49048611	0.9794	chip2
1669248	49445944	0.6411	chip1
1672859	49523362	1.3903	chip1
1658850	49569993	1	chip2
1716781	49570780	1	chip2
1695556	49646485	1	chip1
1669005	50086383	0.4379	chip2
1747503	50086507	1	chip2
1658540	50165985	1.644	chip2
1684599	50282565	0.49	chip1
1686239	50299627	1	chip1
1672422	50397457	1.0397	chip2
1700345	50509016	1	chip1
1681342	50545073	1	chip2
1745621	50594969	1.2759	chip1
1750554	50630658	0.8486	chip1
1751082	50643912	1	chip1
1754207	50670515	1.1033	chip1
1688306	50828127	1	chip2
1736384	50969959	1	chip1
1644100	50979155	0.7104	chip2
1675865	51285190	1.2562	chip1
1649882	51334639	1.0043	chip2
1662748	51626613	0.4567	chip2
1727877	51713934	0.8221	chip2
1671381	53244068	1.3547	chip1
1748453	53272936	0.968	chip2
1680908	53319220	0.6992	chip2
1718548	53450102	1.0163	chip1
1687262	53704073	1.5435	chip2
1646758	53760841	1.0905	chip2
1648238	54470877	0.972	chip2
1676484	54806567	1	chip2
1691709	54921690	1	chip1
1696923	55022575	1.3113	chip1
1681810	55224886	1.0765	chip2
1682033	55346949	1	chip1
1687215	55398786	1.0823	chip1
1664176	55794864	0.8345	chip2
1653318	56058959	1	chip2
1726150	56127640	1.1112	chip2
1668094	56168412	1	chip2
1659245	56512916	1	chip1
1668113	56612516	1.8771	chip1
1673596	56903789	1.2845	chip2
1752679	57009409	1	chip2
1658397	57036587	1.3496	chip1
1658513	57036616	0.9225	chip1
1658617	57036840	1	chip1
1663793	57112183	1	chip1
1665306	57114050	0.7109	chip2
1650624	57208102	1	chip2
1737352	57411849	0.7054	chip1
1739558	57450028	1.3369	chip1
1703017	57458364	0.882	chip2
1747822	57543114	1.4377	chip1
1646222	62482445	1	chip2
1689775	63081007	1	chip2
1732563	63833697	2.0681	chip1
1663021	63988847	1	chip1
1697843	65098829	1	chip2
1746334	65254442	1	chip2
1735879	65373254	1	chip2
1666631	65452670	1	chip1
1680518	65483253	1	chip2
1736657	65640583	1	chip2
1725096	65661648	1	chip2
1696666	65680329	1	chip2
1699687	65681115	1	chip2
1724897	65682132	1.4847	chip1
1736047	65733986	1	chip2
1691422	66088216	1	chip2
1715028	66155070	1	chip1
1716402	66156595	1	chip1
1733832	66183973	1	chip2
1675954	66184927	1	chip2
1720377	66190296	1	chip2
1726906	66228526	1	chip2
1729443	66253825	1	chip1
1677396	66257162	1	chip2
1654574	66277339	1	chip1
1656474	66293341	1	chip1
1663259	66425111	1	chip1
1725608	66428828	1	chip2
1685782	66437375	1	chip2
1701891	66484687	1	chip2
1652364	66580944	1	chip2
1714422	66755476	1	chip1
1719414	66820838	1	chip1
1721573	66877210	1	chip1
1720775	66903452	1	chip2
1645006	67073464	1	chip2
1700846	67143209	1	chip1
1704510	67184564	0.712	chip1
1729820	67291125	1.5008	chip2
1647905	67677399	1	chip1
1651527	67852423	1	chip1
1665685	67922632	1	chip1
1667265	67929544	1	chip1
1700470	68138546	1.4788	chip2
1656398	68259301	1.0144	chip1
1656492	68259382	0.8056	chip1
1695223	68502567	1.2854	chip2
1719436	68507659	1.0358	chip1
1721036	68513672	1	chip1
1709263	68639056	0.5088	chip2
1653831	68695595	1.5672	chip1
1654006	68700283	0.723	chip1
1699783	68899351	1.4387	chip2
1732115	68942988	1	chip2
1705722	68945435	0.4996	chip1
1668995	69098237	1.7033	chip2
1753661	69182937	1.2498	chip2
1750522	69409624	1	chip1
1752392	69421394	1	chip1
1686799	69612771	0.6452	chip1
1659250	69788317	0.5143	chip2
1649060	69846433	1	chip2
1657858	70602110	0.4245	chip2
1665099	71417547	0.8203	chip1
1676198	71490721	1.073	chip2
1697134	71490876	0.7294	chip2
1712332	71736416	1.0409	chip1
1716028	71842330	1.4499	chip1
1647339	72375194	1.1205	chip1
1647443	72375671	1.526	chip1
1711761	72930372	1.2842	chip1
1713204	72937199	1	chip1
1646372	73057621	1	chip2
1755957	73501934	1	chip1
1756053	73502482	0.6592	chip1
1645483	73581973	1.479	chip1
1683551	73586260	0.8245	chip1
1669161	73593410	1.0389	chip2
1758897	73983329	1.5307	chip2
1695281	74044534	0.6274	chip2
1697014	74241671	1	chip2
1744630	74285457	1	chip1
1660010	74423111	1.2656	chip1
1683714	74508431	1	chip2
1666951	74509546	0.9399	chip1
1667916	74514193	1	chip2
1674083	74554173	0.6153	chip1
1727099	74803918	0.6348	chip1
1653971	74922637	1	chip1
1663418	75066117	1.5696	chip2
1733092	75365204	0.6242	chip2
1649398	75365366	1.0249	chip2
1697032	75480782	0.639	chip2
1642737	75563338	1.2178	chip2
1653280	75769231	0.8316	chip2
1689136	76067679	1.1053	chip2
1744643	76143152	1.3756	chip2
1712410	77117991	1	chip1
1712540	77119289	1	chip1
1725469	77428125	3.3039	chip1
1727837	77446958	0.6223	chip2
1656012	77506717	0.5043	chip1
1711584	77509262	1.0853	chip2
1737786	77509477	0.9279	chip2
1675281	77563627	1.0426	chip2
1739761	77690936	1.4867	chip2
1715408	77925198	0.6485	chip1
1671288	78058846	0.5275	chip2
1664992	78063163	1	chip2
1694607	78125186	1.5509	chip2
1649841	78125830	1.1072	chip1
1738989	78277167	0.7246	chip2
1693248	78286564	1.0091	chip2
1707936	78288653	0.6428	chip2
1695234	78295361	1.1466	chip1
1695378	78296303	0.8135	chip1
1745980	78296905	1.5575	chip2
1698644	78311562	1.9592	chip1
1734942	78395137	0.9788	chip2
1669715	78395277	1.5022	chip2
1669699	78409291	1.3671	chip2
1707518	78414694	1	chip1
1707811	78436091	1	chip1
1709470	78443413	0.5819	chip1
1705695	78504706	1	chip2
1756524	78529090	1.4397	chip1
1691137	78656503	1	chip1
1699982	78734204	1.8147	chip1
1671584	78883144	1.2748	chip2
1647482	79032104	0.8795	chip2
1663710	79112701	1.2028	chip2
1696764	79117774	0.6829	chip2
1744809	79117857	0.8993	chip2
1749594	79145502	0.6312	chip1
1749710	79145756	0.406	chip1
1656626	79229044	1.3203	chip1
1656836	79234481	1	chip1
1656972	79236670	1.7787	chip1
1677566	79249883	1.0854	chip2
1658811	79262837	0.8847	chip1
1690375	79425951	0.7081	chip2
1732193	79585249	1.1336	chip2
1653154	79620737	0.926	chip2
1648953	79750952	1	chip1
1645354	79815933	0.6908	chip2
1704265	80076747	1.4925	chip2
1661494	80130812	0.887	chip2
1706498	80217222	1.6574	chip1
1756940	80481197	1.3365	chip1
1722488	80488830	1	chip2
1646529	80547899	1.015	chip1
1646749	80553534	0.7659	chip1
1684745	80561811	1.1557	chip1
1693714	80634627	1.2426	chip1
1650794	80661719	1.3206	chip2
1745081	80970789	0.8477	chip2
1758486	81247624	0.5624	chip2
1680519	81447728	0.8525	chip1
1680611	81449171	1	chip1
1731206	81722051	1	chip1
1728447	81755557	1.1721	chip2
1735326	81862123	1.0689	chip2
1718911	81951247	0.9502	chip2
1691736	81956178	1.7355	chip2
1741149	81959039	0.7054	chip2
1752001	82077071	0.9561	chip2
1748121	82213451	1	chip2
1711389	82246674	1	chip1
1675255	82266193	1.5817	chip2
1671678	82280409	1	chip2
1756358	82303489	1.9994	chip1
1684774	82332582	1	chip2
1735302	82475359	1	chip2
1652226	82583286	1.9387	chip2
1734094	82887259	1.4208	chip2
1707587	82902395	0.5069	chip2
1643176	83117964	0.8585	chip1
1646426	83239626	1.7951	chip2
1742397	83400810	1.2292	chip2
1750855	83450000	0.7243	chip2
1740818	83514525	1.1328	chip1
1742704	83556356	0.8126	chip1
1749868	83669835	1.5717	chip1
1657890	83808961	1.2833	chip2
1731786	83812360	1.4677	chip1
1731896	83812588	0.6888	chip1
1645624	83818303	1.046	chip2
1743370	83898909	1	chip1
1659028	84027489	0.8406	chip2
1724193	84103253	1.0571	chip1
1724317	84103565	0.8377	chip1
1724411	84103631	0.8228	chip1
1752815	84128354	1.4164	chip2
1643161	84217149	0.3849	chip2
1752092	84241239	1.5456	chip1
1752200	84241331	1.4345	chip1
1752278	84241421	0.6227	chip1
1754094	84250989	0.6347	chip1
1646913	84365770	0.9209	chip1
1695414	84523788	1	chip1
1680958	84648272	0.7846	chip2
1755798	84750960	1.1838	chip2
1752665	84845606	0.6003	chip2
1756650	84956574	0.6963	chip1
1658132	84981350	2.0699	chip2
1699513	85035022	1	chip2
1670712	85035265	0.5783	chip2
1687395	85089596	0.7641	chip1
1733338	85236269	1.1273	chip2
1734745	85252077	1	chip1
1711244	85264719	0.955	chip2
1735233	85270126	1.5629	chip1
1743342	85319410	0.9513	chip1
1747248	85360847	0.979	chip1
1714268	85364334	0.5022	chip2
1669449	85364815	2.0403	chip2
1673087	85401039	0.6317	chip1
1678140	85488776	0.7907	chip2
1746783	85640426	1.4307	chip2
1737425	85664419	0.9941	chip2
1737682	85675416	0.5219	chip1
1653496	85705297	0.7785	chip2
1671034	85825740	1.5152	chip2
1748099	85930864	0.862	chip2
1702857	85931510	0.7718	chip2
1729973	85978186	0.6061	chip1
1651290	86022244	0.5978	chip2
1659501	86054355	0.8172	chip1
1660788	86054472	0.3837	chip1
1660904	86054592	1.6784	chip1
1721369	86093868	1.7745	chip2
1724868	86150604	0.9602	chip2
1671647	86185407	1.0714	chip1
1684356	86194377	1	chip2
1685206	86209450	1	chip2
1752381	86266558	1	chip2
1741532	86304772	1	chip1
1677196	86314692	1.254	chip2
1745910	86315368	1.9865	chip2
1750035	86325837	1	chip2
1748648	86335257	1.3584	chip1
1731681	86340985	1	chip2
1726928	86341273	0.8468	chip2
1670736	86356712	0.6576	chip2
1676077	86358477	1.093	chip1
1657988	86394123	1	chip2
1690004	86416610	1	chip1
1691803	86429913	1	chip1
1648282	86436628	0.8945	chip2
1662692	86436702	1	chip2
1732326	86447763	1	chip1
1736509	86553764	0.5043	chip2
1655697	86554149	0.6192	chip2
1680551	86627611	0.5261	chip1
1680721	86627787	1	chip1
1680893	86628056	0.9256	chip1
1682615	86639188	0.853	chip1
1682731	86640078	1.4309	chip1
1698593	86704276	1.2847	chip2
1728833	86712479	1	chip2
1737035	86717677	1.0358	chip2
1733245	86755759	1.2334	chip1
1733381	86756267	0.9057	chip1
1733629	86759309	1.1952	chip1
1733751	86759446	0.6693	chip1
1655175	86817014	1.5843	chip2
1671321	86890331	1	chip1
1671485	86890493	1	chip1
1671687	86891843	1.802	chip1
1671803	86891904	1	chip1
1675046	86915357	0.9816	chip1
1675314	86915563	1	chip1
1728184	87009047	1.2107	chip1
1728448	87011847	0.9355	chip1
1657136	87115717	1	chip1
1650358	87140345	1.4503	chip2
1671792	87214451	2.4466	chip2
1676874	87779390	1.0348	chip2
1736462	87854475	2.0315	chip1
1737785	87855870	1	chip1
1743006	87953151	1.2624	chip1
1751626	88024116	1.3291	chip1
1677579	88062617	0.9926	chip1
1681133	88073737	1.7981	chip1
1666178	88128572	1.0231	chip2
1669654	88317219	0.7658	chip1
1647736	88695626	0.9272	chip2
1672034	88699278	0.8956	chip2
1717216	88759833	1.8055	chip1
1677321	89235340	0.6057	chip1
1671673	89472338	1	chip1
1663481	90192369	0.8071	chip1
1695919	90193728	0.8894	chip2
1758656	90193787	1.0633	chip2
1672485	90281203	1.2152	chip1
1672617	90281345	1.5802	chip1
1657573	90491606	1.9532	chip1
1657671	90491630	1	chip1
1702501	91168164	1	chip2
1702856	91318240	0.5978	chip1
1702958	91318386	1.7028	chip1
1659925	91336834	0.8035	chip2
1705052	91337424	1.2055	chip1
1660605	91381310	1.1036	chip2
1673456	91383243	1.4238	chip2
1717411	91389561	1.2465	chip2
1702143	91389857	0.9295	chip2
1651458	91466180	1.0251	chip2
1651554	91591333	0.7413	chip2
1755441	92250256	0.5794	chip1
1751071	92262011	2.0579	chip2
1689912	92314599	1.0996	chip1
1691825	92344776	1	chip1
1650488	92345459	0.5466	chip2
1692169	92350155	0.6557	chip1
1692291	92350203	0.8084	chip1
1720146	92365844	1	chip1
1725931	92404421	1.3822	chip1
1657985	92470376	1.4158	chip1
1642131	92598775	1.5591	chip2
1755412	92599289	1.0314	chip2
1717472	92646838	0.6623	chip1
1721336	92675209	1.8936	chip1
1723481	92697478	1.5713	chip1
1703185	92764908	1	chip2
1707567	92768480	2.2286	chip2
1651965	92799444	1.6033	chip1
1655904	92844136	0.659	chip1
1745067	93003043	1.3552	chip2
1709650	93039374	1	chip1
1692090	93120396	1	chip2
1646057	93197170	0.7451	chip1
1713778	93207413	1.7632	chip2
1729063	93269334	1	chip2
1743175	93269892	1.6849	chip2
1667254	93270781	1	chip2
1678514	93304450	1.4127	chip2
1707200	93332434	1	chip1
1707300	93332593	1	chip1
1723494	93336990	1	chip2
1749136	93358147	1	chip1
1750516	93358708	0.7264	chip1
1750898	93363030	0.7763	chip1
1643725	93391043	1	chip1
1643817	93392206	0.9122	chip1
1645295	93392797	0.6285	chip1
1737906	93482164	1.1738	chip2
1688925	93491486	0.8016	chip1
1653622	93496471	1	chip2
1692397	93507936	0.5823	chip1
1728503	93554689	1.0438	chip2
1702165	93606637	1.3097	chip2
1719905	93617195	1.6145	chip2
1744838	93690024	1.1174	chip1
1668715	93754142	1.2786	chip2
1753534	93825144	1.5736	chip1
1654018	94059137	1.1634	chip1
1657561	94104977	1.1694	chip1
1662705	94159319	1	chip1
1662833	94159519	1.3503	chip1
1689781	94211764	1.5612	chip2
1758181	94242354	0.4529	chip2
1663932	94242429	1.2011	chip2
1659608	94366596	0.4978	chip2
1678650	94498823	0.6776	chip2
1708592	94779524	1.0338	chip2
1656862	94799307	1	chip1
1673212	94891719	1.755	chip2
1654047	94989886	1	chip2
1715828	95038225	1	chip1
1715946	95038315	0.706	chip1
1647568	95118198	0.9224	chip2
1644638	95130443	0.9602	chip2
1731899	95136081	1	chip2
1653827	95139026	1	chip1
1654356	95142653	0.4422	chip1
1665208	95166671	1.022	chip2
1711474	95166985	0.8488	chip2
1706234	95272249	1.9346	chip1
1734516	95367889	1	chip2
1756894	95401212	0.735	chip1
1757026	95401331	1	chip1
1724712	95458578	1	chip2
1648840	95562091	0.7586	chip2
1755760	95634539	0.7383	chip2
1686160	95731811	1.0939	chip2
1704760	95902676	0.5452	chip1
1644285	96021088	0.7355	chip1
1655340	96087275	1	chip1
1702268	96185205	1.2428	chip1
1703822	96203849	1.4507	chip1
1754625	96292518	0.5857	chip1
1754729	96292710	1.0831	chip1
1747823	96313648	1.2294	chip2
1644067	96341411	1	chip1
1755312	96564848	1.3364	chip2
1714040	96628295	1	chip2
1699918	96771890	1	chip1
1701658	96782797	1	chip1
1711228	96975499	1.19	chip2
1740584	97092384	1.0332	chip1
1758152	97112878	0.5664	chip2
1682177	97206015	0.5966	chip1
1741305	97212422	0.4467	chip2
1685525	97217881	1	chip1
1729823	97293429	1.2697	chip1
1664320	97371060	0.7341	chip2
1741596	97404724	0.8813	chip1
1751795	97455857	0.5737	chip2
1641764	97479982	1.4007	chip1
1645291	97526022	0.4887	chip1
1648835	97552627	0.9808	chip1
1649005	97553036	1.2998	chip1
1753741	97576888	1.872	chip2
1704493	97697302	1.3115	chip2
1702974	97765916	1	chip1
1697691	97816480	1	chip2
1754799	97937323	1.5604	chip1
1691401	98240282	2.4892	chip1
1642863	98244793	0.3526	chip2
1700405	98335556	1.4845	chip1
1741662	98354505	1	chip1
1745187	98407143	1.3717	chip1
1754316	98439688	0.6252	chip2
1685478	98461277	1.0652	chip2
1732835	98998972	0.8951	chip1
1677779	99151639	1	chip1
1679403	99156376	1	chip1
1683063	99211308	1	chip1
1735247	99361658	0.6865	chip1
1737094	99369904	1	chip1
1671431	99535844	1.172	chip1
1659320	99651741	1.1102	chip2
1691211	99660361	0.8048	chip1
1694638	99720631	1	chip1
1701754	99780550	1	chip1
1706790	99805322	0.9249	chip1
1679522	99825450	1	chip2
1723324	99861244	0.5109	chip2
1739369	99861384	0.6656	chip2
1642251	99909617	1.145	chip2
1706521	100261052	0.381	chip2
1714889	100272252	0.7963	chip2
1704303	100345485	0.6188	chip2
1749132	100379429	1	chip1
1719781	100419641	1.414	chip2
1678931	100525874	1.1022	chip1
1680873	100544465	1.7787	chip1
1713960	100629207	1.3355	chip2
1677518	100644317	0.9827	chip2
1673876	100780074	1	chip2
1734949	100802127	3.2419	chip1
1727325	100832007	0.8492	chip2
1678107	101089805	1	chip1
1681693	101122177	1.2699	chip1
1687030	101151455	1	chip2
1683573	101153342	1	chip1
1692926	101228598	1	chip2
1711272	101276437	0.6477	chip2
1684730	101947543	1	chip2
1719266	102072300	1.0528	chip1
1757913	102406239	1	chip2
1652294	102406458	0.8715	chip2
1679793	102411133	1.0513	chip1
1680333	102443524	1.2867	chip1
1692521	102622572	2.2614	chip1
1694162	102633426	0.8485	chip1
1695808	102644888	1	chip1
1684319	102941687	1.3447	chip1
1757227	102959243	1	chip2
1758034	102983609	1	chip2
1673265	103289727	1.0365	chip1
1704673	103685669	1	chip2
1684948	103840971	0.8517	chip2
1671774	103932629	0.6946	chip2
1675892	103932709	2.2067	chip2
1672081	103949337	0.6584	chip1
1754464	103952320	1.8737	chip2
1712624	104011437	0.8888	chip1
1712780	104029572	1.0872	chip1
1749841	104031300	1	chip2
1729406	104057517	1.7369	chip2
1723455	104212884	0.5204	chip1
1733620	104255346	1.3286	chip2
1647626	104369233	1.4594	chip2
1738006	104396816	0.5815	chip2
1659703	104447856	1	chip1
1662889	104474521	1	chip1
1678957	104520366	2.6532	chip1
1687669	104656765	1.351	chip1
1737047	104695432	1	chip2
1732995	104776094	1.1492	chip1
1693204	105009757	1.4956	chip2
1750693	105041164	0.6506	chip2
1681813	105088291	0.9768	chip1
1684959	105115306	1	chip1
1723717	105119184	0.7173	chip1
1727630	105163265	1.2417	chip1
1729052	105166072	1	chip1
1661621	105445912	0.8375	chip1
1699931	105779126	1	chip2
1671979	105805572	1	chip1
1674230	105880221	1	chip1
1723402	106117575	1	chip2
1678422	106181637	1	chip2
1653069	106760120	1	chip1
1656466	106900054	1	chip1
1712017	106924451	1.7372	chip2
1661825	107060825	0.5876	chip1
1754118	107220240	1.2626	chip2
1757667	107227374	1.1851	chip2
1681644	107303066	1.1356	chip2
1728768	107343114	1	chip1
1757027	107380066	0.4212	chip2
1739122	107414895	0.6182	chip1
1658086	107497680	1.0902	chip2
1656953	107572198	1.329	chip2
1671819	107590354	1.5382	chip1
1673689	107621229	0.5976	chip1
1677243	107686943	0.7894	chip1
1678965	107713195	1.448	chip1
1680735	107744960	0.6794	chip1
1682303	107749036	0.77	chip1
1696560	107961898	0.8106	chip2
1712909	107962654	1.181	chip2
1666071	108263828	1	chip1
1701433	108279207	0.8622	chip2
1657950	108300748	0.6284	chip2
1671094	108348698	1	chip2
1674528	108353826	1	chip1
1713036	108379208	1	chip1
1728195	108385854	1	chip2
1653230	108402819	1	chip2
1722619	108430076	2.0772	chip1
1723921	108431470	1.364	chip1
1662700	108568957	0.6592	chip2
1705096	108610702	0.5212	chip1
1725662	108617859	1.8169	chip2
1753701	108711103	1.0019	chip2
1717822	108781903	1	chip1
1721276	108860497	0.6446	chip1
1715445	108883226	1.1152	chip2
1655504	109001892	1	chip1
1704085	109016446	1.4634	chip2
1662546	109256572	1.0879	chip2
1706230	109283232	1	chip1
1707829	109332648	1	chip1
1662732	109489839	1	chip2
1754821	109575808	1.5164	chip1
1710277	109870971	1	chip2
1656225	109871081	1	chip2
1690157	109872320	1	chip2
1722021	109934376	1	chip1
1664372	109992886	1.129	chip2
1732336	110078325	1	chip1
1690373	110188962	1	chip2
1731357	110266463	1	chip2
1674895	110287303	1	chip2
1731953	110303715	1	chip2
1715091	110304159	1	chip2
1703701	110307887	1	chip2
1758343	110308097	1	chip2
1682046	110346483	1	chip2
1697336	110380673	1	chip2
1654930	110612720	1	chip1
1675085	110631817	1	chip2
1660460	110823014	1	chip1
1664053	110900181	1	chip1
1707584	111024208	1	chip1
1707692	111024321	1	chip1
1707795	111026048	1	chip1
1716266	111086393	1	chip1
1756251	111154904	1	chip1
1756370	111156541	1	chip1
1756582	111166799	1	chip1
1642154	111172158	1	chip1
1643855	111173415	1	chip1
1647639	111200220	1	chip1
1757355	111251207	1	chip2
1656436	111383564	0.8366	chip1
1701762	111448370	1.6804	chip1
1708891	111478662	0.8951	chip2
1707388	111492612	1	chip1
1708734	111492995	1	chip1
1708874	111493162	1.8434	chip1
1709164	111494266	1	chip1
1709348	111495382	1	chip1
1710682	111495981	1	chip1
1707505	111640597	0.845	chip2
1642553	111700492	0.9871	chip2
1645249	111706639	0.6087	chip1
1645357	111706803	1	chip1
1645485	111706845	1	chip1
1649401	111762436	1	chip1
1687551	111767549	0.8507	chip1
1734796	111805663	1	chip2
1663110	111805881	1.3223	chip2
1691177	111806272	1	chip1
1696375	111872012	1	chip1
1724659	112000943	1.191	chip1
1724775	112001375	1.2065	chip1
1752097	112056317	0.9523	chip2
1754592	112056371	1	chip2
1732018	112113675	0.4652	chip1
1655626	112132420	0.7413	chip1
1657729	112175663	0.4882	chip1
1664864	112232080	1.4711	chip2
1666205	112251879	0.6485	chip1
1717252	112428429	1.1874	chip1
1718764	112452173	0.9825	chip1
1724417	112542837	1	chip1
1645306	112642866	0.8908	chip2
1713662	112709259	1	chip2
1724634	112715884	0.8512	chip2
1707656	112872687	1	chip1
1694235	112889806	1	chip2
1732750	112895798	1	chip2
1666102	112922663	1	chip2
1694575	113083690	1.9483	chip2
1756275	113104612	0.6984	chip1
1714162	113165529	1	chip2
1707067	113197257	1	chip2
1718625	113227424	0.7852	chip2
1650607	113237122	1.2032	chip1
1696203	113553833	1	chip1
1706938	113655750	0.6993	chip1
1756719	113726616	1.4761	chip2
1680714	113727605	0.5859	chip2
1657389	113903396	1.1929	chip2
1653136	113904386	1.0297	chip2
1753047	113906615	1.5644	chip2
1730320	114052565	1.991	chip2
1663548	114053190	0.5772	chip2
1700568	114053710	1.4877	chip2
1752620	114155679	1	chip1
1731817	114280056	1.8122	chip2
1653072	114491061	1.2277	chip2
1662535	114496592	0.709	chip1
1710257	114507546	0.6605	chip2
1665665	114513973	1	chip1
1665873	114515119	1.4071	chip1
1709554	114564021	1.1038	chip1
1691128	114598734	0.5081	chip2
1718428	114612474	1.5287	chip1
1703971	114653281	0.7753	chip2
1650424	114706761	0.6925	chip2
1688704	114784571	0.8643	chip2
1696605	115050843	2.2638	chip1
1707152	115191832	1	chip1
1707246	115192449	0.3563	chip1
1676362	115212232	1	chip2
1698535	115283466	1	chip2
1691622	115283686	0.7952	chip2
1688072	115316555	0.9998	chip2
1724152	115326057	0.4962	chip2
1727809	115326750	1.424	chip2
1704299	115342875	1.1642	chip2
1650443	115368009	1.5666	chip1
1688553	115387614	1.5212	chip1
1688671	115387740	1	chip1
1688815	115387794	1.1194	chip1
1697940	115483608	1.2933	chip1
1699834	115500728	0.4969	chip1
1701052	115500845	1.8741	chip1
1724580	115551915	1.1825	chip2
1748142	115585010	1.901	chip1
1733848	115776987	2.5998	chip2
1682803	115827823	1.633	chip1
1697237	116336468	1	chip1
1758628	116366208	1.3908	chip2
1689054	116382469	0.5675	chip2
1652888	116382605	1.3869	chip2
1749201	116383201	1	chip2
1745783	116387551	0.8882	chip1
1673395	116402091	1.427	chip1
1673481	116402257	2.3601	chip1
1738939	116446301	1.149	chip2
1645206	116446825	1.562	chip2
1704185	116446934	1.2217	chip2
1675630	116468039	1	chip2
1703568	116476727	1	chip1
1748939	116478784	0.6493	chip2
1700791	116510075	1.1621	chip2
1648920	116510762	1.9166	chip2
1664488	116511582	1.4018	chip2
1710240	116528751	0.7401	chip1
1650760	116529131	1.209	chip2
1717597	116542720	1.3165	chip2
1742999	116542916	1.6869	chip2
1716004	116558091	1	chip1
1666524	116681472	1.1649	chip2
1757469	116682098	0.6185	chip2
1650521	116723462	0.7165	chip1
1673824	116739296	1.2098	chip2
1654224	116742843	0.6844	chip1
1655648	116742932	0.3396	chip1
1662238	116768833	1.3178	chip2
1694252	116770398	1.0035	chip1
1757203	116870421	0.4444	chip2
1672518	116870559	1.2283	chip2
1660191	116870899	0.4966	chip2
1729426	117118960	1	chip2
1687859	117197201	1.586	chip1
1698512	117243223	0.6647	chip1
1690433	117269593	1	chip2
1750796	117347119	1.3454	chip1
1750912	117347233	1.4876	chip1
1724436	117374072	0.869	chip2
1756761	117374606	0.7728	chip2
1717289	117382289	0.9853	chip2
1756029	117391277	1.2313	chip1
1686898	117450810	1.6922	chip2
1758006	117452305	0.6779	chip2
1689783	117469339	0.7136	chip2
1687173	117517440	1.2444	chip1
1687275	117517569	0.6899	chip1
1738295	117702864	1	chip1
1754652	117869767	1.1719	chip2
1735275	117914424	1	chip1
1692589	118159344	0.6515	chip1
1692691	118159540	0.6477	chip1
1692020	118293657	1	chip2
1670211	118344498	1	chip2
1703178	118388831	1.7429	chip1
1753796	118448198	1	chip1
1689270	118497101	1.011	chip2
1687083	118601015	0.42	chip1
1695001	118978560	1.6144	chip2
1714815	119022078	0.9757	chip2
1736530	119356145	1.0738	chip1
1717773	119401904	0.643	chip2
1673310	119452505	0.9663	chip2
1725655	119770770	1.366	chip1
1648394	119798657	1.3392	chip2
1732581	119856511	1	chip1
1734111	119858002	1.4438	chip1
1647780	120086998	0.7247	chip2
1664991	120106919	1.8126	chip1
1644958	120110553	1.7154	chip2
1675697	120179320	1.0257	chip1
1688341	120205609	1	chip1
1689958	120219751	1.2862	chip1
1693362	120263447	0.8757	chip1
1695504	120279042	1.0306	chip1
1704356	120339965	1.1327	chip1
1650068	120369606	1	chip2
1753106	120379937	1.6206	chip1
1753232	120379988	0.6443	chip1
1755069	120398510	1	chip1
1651672	120407354	1	chip2
1689505	120524503	1	chip1
1691139	120527863	1	chip1
1691231	120528543	1.9407	chip1
1706051	120544619	1	chip2
1697029	120618867	1	chip1
1735155	120619355	0.6751	chip1
1749106	120801530	1.1248	chip1
1673241	120833682	1	chip1
1648646	120898213	0.6449	chip2
1734761	121065018	1.2397	chip1
1734877	121065170	0.5493	chip1
1712175	121067398	1.0929	chip2
1688806	121140272	0.6585	chip2
1655849	121227453	1.0203	chip2
1664996	121239757	1	chip2
1663562	121296026	1	chip2
1691840	121300556	2.1237	chip2
1668913	121403632	0.5593	chip2
1741745	121448112	0.5722	chip2
1669890	121549321	1	chip1
1755934	121584439	1.2409	chip2
1661612	121585161	1	chip2
1713659	121594004	1	chip1
1682052	121833950	1.2371	chip2
1726028	121923558	2.3083	chip2
1673640	121923937	1.8377	chip2
1678061	121938654	0.6138	chip1
1678211	121939587	1.6831	chip1
1682971	121945978	1	chip1
1684817	121953515	1.0163	chip1
1713562	121962398	1.7716	chip2
1731907	122008462	0.9343	chip2
1737326	122039613	0.7558	chip1
1737452	122039649	0.6491	chip1
1737668	122041557	1.1467	chip1
1737779	122041921	1.4784	chip1
1643433	122046764	0.7522	chip2
1741070	122051743	0.8712	chip1
1723104	122057226	1.4303	chip2
1739029	122071445	0.8452	chip2
1743579	122140083	1.1837	chip2
1680809	122186550	0.414	chip1
1680907	122187114	1	chip1
1649846	122192643	0.9114	chip2
1648570	122194317	1	chip2
1664108	122194871	0.8845	chip2
1686135	122210868	0.8918	chip1
1728716	122255445	1.7395	chip1
1705895	122272931	0.9257	chip2
1728697	122272952	0.4762	chip2
1668713	122294219	0.6947	chip2
1746046	122299124	0.4678	chip2
1737196	122318890	1	chip1
1726776	122358300	1	chip2
1667841	122396255	1.0381	chip1
1746969	122405854	1.6205	chip2
1745548	122480076	0.7981	chip2
1676753	122517064	1	chip1
1676851	122517842	1	chip1
1722725	122658990	1	chip1
1654988	122867593	0.7958	chip1
1656948	122875607	0.5923	chip1
1692946	123141745	1	chip2
1657089	123231284	1.6864	chip2
1652773	123236187	1.5916	chip1
1654068	123236446	1.6616	chip1
1717409	123302971	1.0876	chip2
1701771	123351749	0.5286	chip2
1697460	123352598	0.6045	chip2
1719523	123354169	0.6703	chip2
1746502	123377295	1.132	chip2
1685698	123380954	0.8863	chip2
1725834	123397115	0.5955	chip2
1682281	123418380	0.5912	chip1
1694365	123453506	1	chip2
1647526	123468322	1.0689	chip2
1746889	123494902	1.6841	chip2
1733297	123524329	1.3656	chip1
1738233	123563612	1.0468	chip1
1758054	123594912	1	chip2
1663232	123903882	1	chip2
1730711	123909719	1	chip2
1645694	123909780	1	chip2
1683463	123914137	1	chip1
1723911	123934064	1	chip1
1753667	123941835	0.7448	chip2
1720673	124021924	1.2174	chip2
1661871	124040774	0.9482	chip1
1671777	124089212	0.6616	chip1
1725850	124090293	0.8447	chip2
1706175	124099539	0.5706	chip2
1673927	124104326	1.9757	chip1
1674043	124104382	1.0048	chip1
1674202	124104470	1.777	chip1
1725878	124124854	1	chip2
1698457	124185586	1	chip2
1676124	124372976	0.503	chip2
1746330	124373041	0.4962	chip2
1667435	124413841	1	chip1
1706086	124424083	1	chip1
1646019	124530217	1.0484	chip1
1680920	124565643	0.7733	chip2
1652943	124622146	1.7863	chip1
1653045	124622265	1.4102	chip1
1698542	124761392	1.0774	chip1
1721782	124768051	1.64	chip2
1737525	124939301	0.9593	chip2
1735822	125021037	0.7784	chip1
1740502	125040563	0.8956	chip1
1740678	125041317	0.5812	chip1
1662096	125114690	1	chip2
1697330	125114754	0.9441	chip2
1668140	125120522	0.8563	chip2
1719317	125122157	1.3084	chip2
1731399	125139786	1.1846	chip2
1719471	125186627	0.9404	chip2
1688854	125186924	0.8853	chip2
1703085	125298612	1	chip2
1683484	125439565	0.6387	chip2
1739803	125459168	0.662	chip2
1727819	125480763	1	chip2
1669049	125489824	1.6287	chip2
1667239	125496348	1	chip1
1672483	125583266	0.9613	chip1
1711259	125616395	1.0578	chip1
1712740	125621842	1.5614	chip1
1712876	125622554	0.7965	chip1
1713068	125623526	1.0082	chip1
1647206	125655620	0.3689	chip2
1727430	125719857	0.8034	chip1
1727789	125882626	1.0708	chip2
1689779	125883609	0.5223	chip2
1715538	126075476	2.053	chip1
1663746	126166554	1.8991	chip2
1649866	126167181	0.8148	chip2
1755596	126171214	1.0154	chip2
1725162	126173145	0.9252	chip2
1677886	126233888	0.9452	chip2
1649092	126234094	1.1764	chip2
1642029	126465222	1.3648	chip2
1726318	126517735	0.9283	chip2
1657556	126617942	1.6964	chip2
1683684	126671693	1.4014	chip2
1726605	126734682	1.1655	chip1
1642747	126780197	1.9614	chip2
1716412	126934156	1	chip1
1737091	126938133	1.3436	chip2
1659930	127088666	0.6062	chip1
1703376	127132552	1.2929	chip1
1713057	127181495	0.7766	chip2
1692280	127207597	0.7789	chip2
1755565	127275548	0.9849	chip1
1662652	127309653	1.3105	chip2
1725442	127589420	1.6	chip2
1749276	127641580	0.9047	chip1
1725210	127731875	0.7402	chip2
1643635	127783076	1.1069	chip2
1668721	127829396	1.1995	chip2
1691253	127840995	1.6934	chip1
1692609	127841743	0.7277	chip1
1697927	127875098	0.9878	chip2
1723507	127960532	0.8706	chip1
1723599	127961592	1	chip1
1652069	128019903	1	chip1
1655930	128053138	1	chip1
1659643	128085516	1.7221	chip1
1662661	128102324	1	chip1
1662839	128102686	1	chip1
1681186	128154647	0.8747	chip2
1655551	128189053	1.1869	chip2
1677470	128209815	0.9517	chip2
1721110	128234935	0.8346	chip1
1754838	128238389	0.6887	chip2
1648199	128270460	1	chip1
1650047	128276831	1.0451	chip1
1658721	128403885	1.2099	chip1
1645597	128710005	1.5463	chip1
1645745	128710690	1.0062	chip1
1719823	128730576	1.1646	chip2
1691033	128752336	1	chip1
1675836	128759659	1.0437	chip2
1743333	128795161	1	chip2
1754123	129111201	1.523	chip1
1697286	129135777	1.1605	chip2
1689146	129174128	1.0582	chip2
1676252	129175939	0.7034	chip2
1657199	129396577	1.105	chip2
1679580	129396871	0.8885	chip2
1699063	129507903	0.766	chip2
1651463	129595009	1.2131	chip1
1654936	129661971	1	chip1
1660281	129848181	1	chip2
1663521	129850713	1	chip1
1703682	129996373	1	chip1
1705310	130035698	1.7324	chip1
1676970	130047404	0.4791	chip2
1666634	130050135	1.3356	chip2
1730236	130139639	1	chip2
1701297	130144130	1	chip2
1642009	130178415	1	chip2
1715976	130184385	1	chip1
1718164	130203566	1.1614	chip1
1741087	130238646	1	chip2
1645451	130264192	0.5092	chip1
1654095	130284232	0.2684	chip2
1659995	130307929	1.3031	chip2
1686012	130403794	1.3238	chip2
1691936	130508611	1.2009	chip2
1708211	130526755	1	chip1
1748322	130572194	1	chip1
1748486	130574519	0.5657	chip1
1750272	130581097	1.7887	chip1
1753407	130792830	0.8278	chip2
1719649	130868023	1.0764	chip2
1670804	130896885	1.5562	chip2
1696879	130909702	1.258	chip1
1702560	130970619	0.8885	chip1
1742074	130990894	1.5089	chip1
1687458	131000840	1	chip2
1656825	131003899	1	chip2
1713444	131004933	1	chip2
1699577	131005138	1.4891	chip2
1745731	131024294	1.6188	chip1
1675497	131057414	1.4851	chip2
1728059	131058938	0.9151	chip2
1712671	131159273	0.9015	chip2
1753214	131162267	1	chip1
1749377	131389906	0.4886	chip2
1706001	131487656	1	chip2
1745872	131578710	1.2553	chip2
1737012	131580707	0.4392	chip1
1706873	131603385	1.5697	chip2
1676465	131737892	1	chip1
1675483	131807809	0.5132	chip2
1748727	131871209	1	chip2
1753689	131901864	0.981	chip2
1745724	132036852	0.6136	chip2
1707898	132037920	1	chip2
1680676	132055114	1.2246	chip2
1758322	132095441	2.2825	chip2
1689436	132488035	1.7551	chip2
1731851	132489521	1.5352	chip2
1644925	132815417	1.5704	chip1
1723242	132966543	1.2615	chip2
1757641	133086118	0.849	chip2
1707925	133380167	1.0404	chip1
1647641	133732126	1	chip1
1694546	133945220	1.1325	chip1
1694666	133947781	1.0926	chip1
1702243	134246263	1.8225	chip2
1739940	134248268	1.0696	chip1
1740026	134248834	1.7034	chip1
1689240	134299852	1.3288	chip2
1692164	134315195	1.0337	chip2
1702437	134425218	1.598	chip2
1755516	134462223	0.8704	chip2
1703309	134536295	0.8475	chip2
1642033	134537235	0.792	chip2
1690236	134645220	1.0822	chip1
1693745	134649878	0.8261	chip2
1738998	134939894	0.5021	chip1
1740834	134982584	1	chip1
1646051	135113478	1	chip1
1646175	135113534	1	chip1
1672854	135148547	1.4588	chip2
1667118	135295013	1.3971	chip2
1675179	135495385	0.9172	chip2
1677720	135519545	0.8942	chip2
1667196	135544858	0.5918	chip2
1656641	135647385	1.1531	chip2
1659222	136002568	1.36	chip2
1742271	136052830	0.7138	chip2
1710515	136053015	0.8476	chip2
1730419	136057791	1.157	chip2
1755129	136063140	0.606	chip1
1744453	136077424	1	chip2
1704115	136131449	0.546	chip2
1723642	136179521	1.0448	chip2
1694956	136250068	0.953	chip1
1705873	136270381	1.3238	chip2
1698312	136272146	1.426	chip1
1698444	136272453	1	chip1
1698552	136273053	0.9086	chip1
1698646	136274223	1.3998	chip1
1738798	136285201	0.7614	chip1
1745465	136340801	0.8565	chip1
1747372	136359507	1.7218	chip1
1676803	136404080	1.0902	chip1
1678857	136413436	1	chip1
1733007	136656428	1.4254	chip1
1740146	136721439	0.6795	chip1
1741338	136721572	0.7038	chip1
1669763	136723754	1.4827	chip2
1672567	136797275	0.8851	chip1
1713480	136880236	0.869	chip2
1699153	136887753	0.7396	chip2
1698813	137080900	1.2739	chip2
1732449	137115812	0.686	chip2
1648986	137116238	0.9231	chip2
1710179	137118569	1.1241	chip2
1689427	137139847	0.741	chip1
1750294	137300653	2.1229	chip1
1750410	137301127	0.7235	chip1
1752488	137314987	1.179	chip1
1752708	137315809	0.9177	chip1
1712163	137357935	1.318	chip2
1731495	137358285	0.6707	chip2
1687271	137466137	1	chip1
1692297	137552670	1.8178	chip1
1692561	137559012	0.7521	chip1
1757922	137637576	0.9201	chip2
1736348	137652706	1	chip1
1742657	137664720	1	chip2
1676216	137664851	1	chip2
1744570	137796708	1	chip1
1748042	137812210	0.558	chip1
1748146	137812455	0.5858	chip1
1751295	137858931	0.9233	chip2
1736141	137895034	0.3955	chip2
1734976	137929278	0.8765	chip2
1736011	137929480	1.0153	chip2
1643281	137945075	0.7545	chip2
1730568	137984171	1.742	chip1
1730712	137987406	1	chip1
1706393	138015780	0.3978	chip2
1741008	138066521	1.0162	chip1
1734228	138155000	1.0454	chip2
1673923	138187163	0.9915	chip1
1675274	138187310	0.85	chip1
1720940	138258540	1.634	chip1
1723358	138262253	0.6829	chip2
1737439	138272860	0.9957	chip2
1736359	138338874	0.6144	chip2
1666138	138440000	1	chip2
1712185	138440752	0.7955	chip2
1699142	138513178	0.7408	chip1
1647712	138524615	0.509	chip2
1688294	138524912	1.4505	chip2
1645666	138524989	1.1829	chip2
1757814	138535820	0.7432	chip2
1744544	138560533	1.928	chip1
1749884	138641173	0.6543	chip1
1680825	138809704	2.2639	chip1
1734959	139088344	1.6163	chip1
1717941	139095290	1.2861	chip2
1688196	139095527	1.2973	chip2
1741630	139116025	0.6644	chip1
1681913	139354898	1	chip1
1682111	139356377	1	chip1
1642695	139359868	1	chip2
1687740	139424793	1	chip2
1726025	139431484	1	chip1
1744225	139441312	2.2742	chip2
1687892	139692828	1.1541	chip2
1718028	139748649	0.7828	chip1
1719532	139749250	0.7313	chip1
1719878	139751967	1	chip1
1723347	139759084	1.07	chip1
1727302	139800826	1	chip1
1728982	139820991	1.1366	chip1
1721664	139824986	1.2366	chip2
1654562	139854073	1.4804	chip1
1657791	139869165	0.8956	chip1
1657955	139869366	1.6992	chip1
1666377	140047933	1.1518	chip1
1666517	140049338	1	chip1
1668607	140068235	1.5222	chip1
1670469	140091932	0.7285	chip1
1706355	140190666	1	chip2
1676932	140191199	0.7501	chip2
1653450	140191398	0.8732	chip2
1753639	140211701	0.4899	chip2
1672990	140213831	1.1248	chip2
1750538	140257840	1.5598	chip1
1750934	140266427	0.3427	chip1
1752360	140266943	1.1753	chip1
1752526	140268034	0.8459	chip1
1674990	140275112	1.8731	chip1
1708817	140351668	1.9379	chip2
1692244	140352057	0.7873	chip2
1689261	140376273	1.2743	chip1
1687176	140384457	0.764	chip2
1699091	140386022	1.1684	chip2
1661912	140562147	0.9875	chip2
1744678	140563334	1.174	chip1
1744868	140564063	1.7685	chip1
1671800	140571983	0.6157	chip2
1693935	140642633	0.8878	chip2
1683217	140659584	0.5889	chip1
1759024	140692919	1	chip2
1675612	140702516	2.1688	chip2
1733914	140843065	1.4426	chip2
1673667	140858356	0.856	chip1
1720576	140933305	1	chip1
1678276	140961176	0.8059	chip2
1726477	140980998	1.9319	chip1
1653697	141014459	1	chip1
1643203	141014524	1.5715	chip2
1725778	141016120	1.4411	chip2
1658822	141063868	0.9512	chip2
1758608	141174124	1	chip2
1670093	141174972	0.378	chip2
1707966	141175896	1	chip2
1736427	141175979	0.6925	chip2
1744222	141209636	0.7942	chip1
1744342	141209938	1.203	chip1
1673718	141244479	1.2123	chip2
1679192	141244498	0.8514	chip2
1669707	141278983	1.1657	chip2
1753211	141280824	1	chip2
1677051	141285833	1.3937	chip1
1719707	141288203	0.9596	chip2
1645396	141288541	1.6199	chip2
1690615	141300961	1.1905	chip2
1706743	141405831	1.1742	chip2
1731776	141434528	1	chip1
1723014	141442852	1	chip2
1687940	141444126	0.8416	chip2
1716659	141444427	1.1702	chip2
1727148	141464739	1	chip2
1658128	141469812	1	chip2
1697603	141470429	1	chip2
1666357	141524299	0.4189	chip1
1680218	141524411	0.9022	chip2
1651016	141564606	1	chip2
1679925	141592062	1.2092	chip1
1722397	141670694	1	chip1
1722503	141670798	0.7335	chip1
1725735	141716927	0.6902	chip1
1725825	141717044	0.7607	chip1
1730994	141750995	0.6921	chip1
1734558	141757508	0.7719	chip2
1734709	141776023	0.5464	chip1
1656744	141788570	1	chip1
1758740	141792772	0.7906	chip2
1757623	141816212	1	chip2
1669366	141908690	0.782	chip1
1710985	141926975	0.8434	chip1
1734676	141929699	1	chip2
1718504	142010591	1.2163	chip1
1722215	142033226	1	chip1
1752661	142077099	1.3132	chip2
1727203	142081839	1.2912	chip1
1710215	142081975	2.2972	chip2
1748993	142083386	0.7592	chip2
1750319	142119640	0.8236	chip2
1741809	142189820	0.8282	chip2
1671824	142190050	1.0616	chip2
1658201	142203053	1	chip1
1658325	142203246	1.7256	chip1
1658431	142203790	1.2368	chip1
1663669	142263774	0.4527	chip1
1684494	142346235	0.7415	chip2
1715888	142401470	0.675	chip1
1716056	142402109	0.8333	chip1
1717470	142403748	0.9575	chip1
1718056	142411590	1.0615	chip1
1719494	142411726	1.1132	chip1
1734708	142417572	1.7089	chip2
1682414	142417659	0.516	chip2
1667340	142468860	1.3713	chip2
1739129	142509623	2.3056	chip2
1655768	142511931	1.1393	chip1
1655902	142513028	1	chip1
1675747	142584070	1.6961	chip1
1697192	143134810	1.1023	chip2
1659751	143143680	1.1203	chip1
1682164	143263635	0.9652	chip2
1698795	143433690	1.9193	chip2
1685464	143479680	1.1107	chip2
1668674	143708302	0.8855	chip2
1643851	143712720	0.8452	chip1
1654418	143823685	3.0513	chip1
1758265	143865765	1	chip2
1703232	143895186	0.9384	chip1
1704530	143895688	0.7815	chip1
1722402	143919247	1	chip2
1687336	143969778	0.9925	chip2
1735134	143970547	1.0857	chip2
1650480	144001998	1.1894	chip2
1750903	144017211	0.8129	chip2
1739933	144017321	0.4508	chip2
1698345	144104324	0.898	chip2
1758438	144151004	0.5548	chip2
1667184	144151507	0.7879	chip2
1662094	144250244	2.0982	chip2
1722162	144302664	1.9537	chip2
1648539	144317018	1.2225	chip1
1648647	144318314	0.4308	chip1
1651633	144345972	0.6168	chip1
1752515	144372412	1.2047	chip2
1659264	144422788	1	chip2
1664590	144474702	0.3946	chip2
1641968	144474889	1	chip1
1710501	144615964	1	chip2
1740167	144690413	1.1343	chip2
1649996	144691650	1	chip2
1717385	144692529	1.6797	chip2
1744884	144701963	1.1371	chip1
1750096	144728312	1.727	chip1
1718285	144795827	1	chip2
1716675	144848764	2.418	chip2
1678814	144893648	0.483	chip2
1727375	144896985	2.2677	chip2
1654093	144939805	0.5238	chip2
1690021	145021067	1.3488	chip2
1720028	145053122	0.6254	chip1
1724037	145088183	0.672	chip1
1732049	145171015	1.2555	chip2
1651491	145172078	0.8235	chip1
1719517	145188598	1.5519	chip2
1757658	145419332	1	chip1
1643270	145424303	1	chip1
1704631	145437954	0.5698	chip2
1650629	145441946	1.0572	chip1
1653615	145449205	0.9651	chip1
1705980	145585695	1	chip1
1708333	145625221	1.5552	chip1
1678036	145688800	0.8626	chip2
1645388	145737018	0.9134	chip2
1667164	145737116	0.983	chip2
1715747	145956371	0.8724	chip2
1744960	145964670	0.6203	chip1
1745195	145965903	1.1883	chip1
1643419	146078602	0.7401	chip2
1701703	146352280	0.48	chip2
1713809	146366199	1	chip1
1713917	146366464	0.5744	chip1
1717034	146376827	0.5518	chip1
1717230	146377596	1.8038	chip1
1750079	146388954	1.6371	chip2
1700295	146428288	1.3725	chip2
1750285	146430763	2.1452	chip2
1758868	146430919	1.4161	chip2
1706149	146436590	1.0836	chip2
1711248	146438393	1.7925	chip2
1699030	146512836	1	chip1
1699146	146512884	0.3191	chip1
1736463	146529195	1	chip2
1708183	146593149	1	chip1
1709912	146598961	1	chip1
1710010	146599800	1.4165	chip1
1673986	146603508	1.316	chip2
1650984	146604064	1	chip2
1754885	146648164	1	chip1
1756902	146670976	1	chip1
1757030	146678326	1	chip1
1642758	146697219	1	chip1
1644779	146725960	0.9609	chip1
1756186	146799196	1	chip2
1691481	146816646	1	chip1
1691783	146818012	1	chip1
1669415	146845982	1.6309	chip2
1702298	146901987	1	chip1
1703910	146911939	1	chip1
1658498	146935839	1	chip2
1642062	147048035	0.6206	chip1
1643979	147074570	1	chip1
1644093	147074618	1	chip1
1644199	147074762	1	chip1
1733740	147185318	1	chip2
1673444	147188713	0.8818	chip2
1694816	147224053	0.8831	chip1
1696259	147244032	0.8295	chip1
1733714	147245144	0.8653	chip2
1696487	147246249	1.1358	chip1
1665088	147253148	0.8247	chip2
1708651	147257081	1.1568	chip2
1740348	147329550	0.4449	chip1
1740482	147331055	1	chip1
1671768	147466421	0.9933	chip2
1656709	147466474	1.0623	chip2
1670536	147467680	0.507	chip2
1700658	147468336	1.349	chip2
1705243	147482724	0.8691	chip2
1681537	147491044	1	chip1
1665054	147536256	2.2115	chip2
1715531	147536767	0.3946	chip2
1688675	147552157	0.511	chip1
1688823	147553501	1.0418	chip1
1688929	147554396	1.1131	chip1
1734219	147645775	0.7819	chip1
1758841	147691922	0.745	chip2
1723194	147692359	1	chip2
1669481	147698060	1.5002	chip2
1736407	147698211	0.8717	chip2
1722394	147701123	1.3295	chip2
1664760	147870182	1.0136	chip2
1664842	147870586	0.7661	chip2
1645680	147873039	1	chip2
1758495	147879750	1.5385	chip2
1717832	147950341	0.7962	chip1
1721390	147991977	1.2931	chip1
1723497	148017909	1.3732	chip1
1733010	148022679	1.0661	chip2
1647273	148094592	0.6554	chip1
1755572	148109084	1.0443	chip2
1649249	148111963	1.4266	chip1
1674391	148112988	0.8185	chip2
1695309	148120714	1.4169	chip2
1690329	148183945	1.7229	chip2
1659461	148191777	1	chip1
1739189	148320326	1.213	chip2
1755178	148322609	1.2179	chip2
1656593	148345966	1	chip2
1690631	148346018	1.4981	chip2
1679470	148350204	1.7081	chip2
1737413	148350753	1.7099	chip2
1704969	148581595	0.8108	chip2
1643386	149344183	0.8208	chip1
1699564	149442712	1.147	chip1
1699686	149443335	0.9305	chip1
1741494	149481328	1.0449	chip1
1711162	149504269	1.0442	chip2
1746381	149511573	1	chip1
1650838	149533089	0.8178	chip2
1654541	149533573	0.7145	chip2
1727647	149559831	1.6219	chip2
1657189	149587520	1.2446	chip2
1688271	149632510	1.5229	chip1
1704248	149685758	1.3896	chip1
1662220	149845806	0.5557	chip2
1678310	149951089	1.369	chip2
1701403	149951344	1.0952	chip2
1753939	150053487	1.0694	chip2
1706752	150070206	1.6828	chip1
1706866	150071247	1.5632	chip1
1693194	150081028	0.4797	chip2
1754295	150104184	1.1371	chip1
1750691	150137509	0.4695	chip2
1705097	150188704	0.945	chip2
1675343	150190388	1.285	chip2
1749786	150244003	1	chip1
1680883	150338575	0.7767	chip1
1733172	150341710	1.0948	chip2
1674521	150380732	1.176	chip2
1647250	150419653	1.3178	chip2
1746146	150618673	0.8235	chip2
1745211	150645024	0.7851	chip1
1745339	150645082	1	chip1
1742691	150647705	0.4032	chip2
1685459	150792235	1.2031	chip1
1686747	150792655	1.2915	chip1
1686981	150792900	0.8473	chip1
1689025	150812595	1	chip1
1738081	150903333	1	chip1
1739650	150905924	1	chip1
1647690	151012799	1.9794	chip2
1723584	151271927	1.6911	chip2
1699941	151345477	1.2706	chip2
1738469	151367997	0.8658	chip2
1757735	151457617	1.3785	chip2
1697982	151746442	0.9497	chip1
1751992	151882198	1	chip1
1714705	151892195	0.9504	chip2
1737366	152162103	0.6011	chip1
1737534	152162949	0.7202	chip1
1678725	152284751	0.4945	chip1
1680547	152352913	0.8938	chip1
1715623	152983236	0.6762	chip2
1686301	154070562	1	chip1
1642739	154499298	0.8244	chip2
