0.449138
2.72173
2.72215
6.98748
7.17
7.39325
9.60148
10.3735
11.7889
11.789
13.4097
22.2168
22.4214
22.4214
22.4768
22.4768
22.4771
22.4773
22.4773
22.4773
22.4805
22.4805
22.4905
22.4907
22.5238
22.7613
22.8565
22.8567
23.1657
23.3252
24.6507
25.519
25.5191
25.5191
25.5491
25.6404
25.6406
25.6406
25.6407
25.6659
25.666
25.8559
25.8906
26.0608
26.0609
26.1905
27.0341
27.266
27.3141
27.5838
27.7529
27.7531
27.8952
28.057
28.6426
28.9762
28.9765
28.9766
29.0209
29.0212
29.4738
30.1323
30.2841
30.3501
30.4647
31.8728
32.5924
32.8337
32.907
32.9073
33.2084
34.1253
34.1288
34.3413
34.3464
34.5629
34.6124
34.6135
34.6442
34.7627
35.1609
35.1616
35.9298
35.9304
35.9305
36.2425
36.4854
36.5291
37.0233
37.2153
37.2555
37.3699
37.6521
38.09
38.4762
38.7672
38.771
39.3416
39.3461
39.4183
41.7302
42.43
42.43
43.2718
43.2739
44.8856
45.5159
46.5116
46.5129
46.6795
47.4198
47.4198
47.8298
48.2438
48.2443
48.2444
48.6292
48.7206
49.2153
49.5068
49.8252
49.8253
50.5891
51.5649
51.5696
51.9322
52.836
52.8636
52.92
52.92
52.9409
53.2605
53.2608
53.378
53.6661
53.6865
53.8991
54.21
54.21
55.5673
55.568
55.6507
55.8103
55.8163
55.8168
55.8282
55.8494
55.9071
55.9284
55.9412
55.9412
56.0506
56.0943
56.264
56.9316
56.9322
57.3487
58.4546
58.5038
60.3829
61.2146
61.6419
62.3797
63.8323
63.8326
64.0226
64.3107
65.0257
65.0378
65.0462
65.0767
65.1973
65.2045
65.2295
65.3734
65.8477
65.9838
65.9839
66.23
66.38
66.3927
66.7469
67.6538
67.7794
68.6725
69.1251
69.1254
70.4191
70.7005
71.58
72.8408
73.0985
73.2612
73.3798
73.6259
73.6665
73.7212
73.8662
74.1291
74.2701
74.9397
75.1101
75.1102
75.2071
75.2176
75.3783
75.6106
75.6742
75.7603
75.8037
76.0619
76.3601
76.6767
77.0168
77.0651
78.0413
78.6966
78.7071
78.727
78.9111
79.0062
79.0198
79.0368
79.0372
79.1831
79.4957
79.5038
79.8772
79.8884
80.2872
80.3319
80.38
80.38
80.38
80.4318
80.4813
80.7224
80.8232
80.8233
80.8234
82.2968
82.4966
82.4972
82.4973
82.8541
82.8787
83.9195
84.0738
84.0739
84.3662
84.5904
84.5905
85.1673
85.202
85.2579
85.3236
85.42
85.916
86.6646
86.6647
86.6893
86.771
86.8829
86.9538
87.0941
87.7983
87.7985
87.7996
87.9276
88.043
88.0685
88.0685
88.0741
88.2846
88.6709
89.5124
90.03
90.03
90.03
90.03
90.03
90.03
90.03
90.03
90.03
90.03
90.03
90.03
90.03
90.03
90.2916
91.5412
91.6972
91.8785
92.0023
92.057
92.301
92.4004
92.4054
92.4688
92.4973
92.4974
92.5528
92.6163
92.6164
92.6165
92.6165
92.8676
92.9751
93.1534
93.2611
93.2699
93.9421
94.26
94.5791
94.9158
95.0142
95.4434
95.5503
95.582
95.5821
96.96
96.96
96.96
98.5709
98.5709
98.6028
98.6915
98.8802
99.3639
99.3809
99.381
99.3922
99.4233
99.52
100.121
100.212
100.215
101.005
102.212
102.223
102.276
102.645
102.673
102.768
102.785
102.786
102.799
103.51
103.658
104.165
104.324
104.767
105.927
106.052
106.33
106.331
106.582
106.65
106.698
106.727
107.211
107.227
107.335
107.335
107.884
108.021
108.275
109.14
109.14
109.177
109.539
109.592
109.592
109.83
109.83
109.856
110.686
111.323
111.63
111.63
111.746
112.099
112.738
113.325
114.202
114.216
114.762
114.762
115.379
117.812
118.593
118.882
118.889
119.04
119.084
120.477
120.65
120.65
120.73
120.939
120.939
120.952
121.272
121.303
121.37
121.492
122.101
122.149
122.242
122.482
122.519
122.626
122.97
122.97
123.249
123.476
123.495
124.671
124.686
124.866
124.874
124.929
125.003
125.054
125.121
125.121
125.425
125.459
125.459
125.47
125.47
125.47
125.823
125.9
126.074
126.264
126.288
126.395
126.395
126.524
126.524
126.762
127.014
127.596
127.625
127.848
128.014
128.08
128.08
128.08
128.08
128.08
128.08
128.343
128.59
128.59
128.847
129.168
129.672
130.127
130.226
130.565
130.565
131.315
131.373
131.373
131.476
131.59
131.59
131.59
132.061
132.064
132.064
132.064
132.393
132.393
132.746
133.119
133.119
133.341
133.341
133.57
133.747
133.836
133.853
133.922
134.157
134.365
135.335
135.793
136.189
137.574
137.746
138.666
138.667
139.405
139.566
139.764
140.08
140.08
140.08
140.08
140.08
140.189
140.189
140.47
141.354
141.82
142.597
142.847
143.562
143.562
144.379
144.388
144.539
144.539
144.543
144.55
144.659
144.826
145.077
145.077
145.126
145.7
145.733
145.734
147.244
147.245
147.245
147.602
147.603
147.604
147.678
149.01
149.709
149.742
149.797
149.797
149.893
149.982
149.982
150.246
150.499
150.499
150.568
150.569
150.608
150.608
151.464
151.75
152.311
152.349
152.373
152.381
152.414
152.467
152.879
154.058
154.085
154.157
154.188
154.35
155.28
155.416
155.416
155.67
155.696
155.726
155.726
155.726
157.447
157.529
157.807
157.884
158.9
160.579
160.585
160.625
160.625
160.625
160.886
160.886
160.886
160.976
161.103
161.226
162.015
162.923
163.066
163.65
165.602
165.767
165.943
166.169
166.181
166.181
166.181
166.257
166.352
166.847
166.847
166.936
166.936
166.942
167.329
167.42
167.733
167.789
167.789
168.003
168.07
170.014
170.264
170.308
170.774
171.666
171.666
171.666
171.885
171.918
172.032
172.032
172.063
172.074
172.374
172.665
172.859
172.859
172.859
172.977
172.977
173.224
173.233
173.723
174.001
174.197
174.982
175.108
175.117
175.117
175.752
176.623
177.197
177.512
177.806
177.806
177.836
178.415
180.633
180.633
180.633
180.952
180.984
181.303
181.62
181.62
183.124
184.651
185.892
189.375
190.346
190.851
192.742
193.56
194.222
194.905
196.135
197.25
197.352
197.893
198.61
199.287
202.578
202.66
202.661
202.661
203.092
203.391
203.391
203.391
203.581
203.6
203.88
204.153
204.241
204.284
204.396
204.47
204.47
204.47
