0.508017111
0.822171495
0.822171495
0.41460821
0.456116799
0.93196179
0.045058147
0.175972752
0.430554065
0.587317142
0.852349941
0.31604689
0.534844464
0.401996829
0.485087091
0.32472528
0.163984497
0.03899776
0.15959945
0.114149422
0.385567871
0.113548714
0.114655433
0.419751944
0.323466424
0.74565799
0.070481
0.29006646
0.431994066
0.993198879
0.110660179
0.129222899
0.418604334
0.417568757
0.298125502
0.639138148
0.619411323
0.092223003
0.645730176
0.874904918
0.35875579
0.282443596
0.87038482
0.028876384
0.111074872
0.67593571
0.442377918
0.284585128
0.719165808
0.286838813
0.985485467
0.498733515
0.382132448
0.655964023
0.352615929
0.882429161
0.399031575
0.400711543
0.798555174
0.911950181
0.155843347
0.742257083
0.289861754
0.190132778
0.933192865
0.449742589
0.823201898
0.682350766
0.609766948
0.903851233
0.373903283
0.812168094
0.525634583
0.965882115
0.768181957
0.036460203
0.076670615
0.054681593
0.658152994
0.807107097
0.984773516
0.031022356
0.84277486
0.581159078
0.023906827
0.604999913
0.691366955
0.013659899
0.262466072
0.388386964
0.375736151
0.720276842
0.685252288
0.266216836
0.014230424
0.579537804
0.78680984
0.377243376
0.336440578
0.913384348
0.084561978
0.236122621
0.418636501
0.042038688
0.416619152
0.958660878
0.199723621
0.081183242
0.017591154
0.002841251
0.147736493
0.004575411
0.99020772
0.647750518
0.97428127
0.600389855
0.134133786
0.591283315
0.200850416
0.639141717
0.406346571
0.770216876
0.484706492
0.666542304
0.816830156
0.751643708
0.540459835
0.428867565
0.056563973
0.896208212
0.022131979
0.525950493
0.657702681
0.777164692
0.663697229
0.180203532
0.939959859
0.813750029
0.278495471
0.509695031
0.142367528
0.640773397
0.151079707
0.700429125
0.753694425
0.200735044
0.055909036
0.496976814
0.10608106
0.291836272
0.816796785
0.509834776
0.43377474
0.538313495
0.58364643
0.612848739
0.874322586
0.846225482
0.233263103
0.088963099
0.718614915
0.386179642
0.849401544
0.267413415
0.26691006
0.687822568
0.512747243
0.141356394
0.580646283
0.964958285
0.87700161
0.985736726
0.324940944
0.731412984
0.01928277
0.43262196
0.256375272
0.289597609
0.827324588
0.099104332
0.395680883
0.99047711
0.258453573
0.604492865
0.328078398
0.406347237
0.619739641
0.331276568
0.310583443
0.352110484
0.589522592
0.250260147
0.634814499
0.863075315
0.751058168
0.9784886
0.655478101
0.369214522
0.107391521
0.632988898
0.548968489
0.221242049
0.301526217
0.121189922
0.152165566
0.392019184
0.915703363
0.624923337
0.621004736
0.833104264
0.499813481
0.192417523
0.868446147
0.723923238
0.351822036
0.537008857
0.624499883
0.509043513
0.706633137
0.034170611
0.952442476
0.960364739
0.752276225
0.449964686
0.66104967
0.271896869
0.39995863
0.512544905
0.607518975
0.759653887
0.336622706
0.036818112
0.886310278
0.410270251
0.292389269
0.842944288
0.78064303
0.768887723
0.531622512
0.197356012
0.165634671
0.822416628
0.176555979
0.415664165
0.892394658
0.344447539
0.182921259
0.99286226
0.995648
0.965126248
0.200361781
0.434303607
0.60445342
0.080876965
0.90842745
0.245359602
0.294596538
0.090853058
0.758611103
0.875331504
0.931505602
0.476360341
0.313949263
0.81962717
0.98262846
0.247257105
0.886797943
0.499204338
0.090866516
0.419018484
0.400386285
0.891405791
0.58438402
0.710679496
0.932007264
0.806132129
0.239927846
0.535355379
0.287645088
0.724646318
0.320251664
0.533306728
0.220921918
0.286746483
0.278328359
0.286746483
0.047501653
0.41062618
0.828422133
0.983074301
0.151339561
0.522851464
0.766618874
0.024094975
0.579296057
0.80338639
0.448538584
0.465880952
0.592920204
0.905470185
0.290365627
0.972338644
0.915113455
0.403460749
0.183154069
0.217884018
0.618875793
0.003323883
0.672572813
0.543858527
0.104113963
0.0489108
0.45856744
0.760100314
0.570028664
0.567634089
0.70977888
0.904756604
0.514661763
0.94632628
0.945385355
0.005307827
0.102218913
0.327725215
0.667550976
0.031171412
0.684641545
0.431004115
0.733513523
0.515810469
0.78926038
0.550551862
0.930620853
0.911225716
0.531470092
0.884499028
0.623835374
0.777546961
0.035008541
0.549230191
0.831743426
0.496617854
0.208487578
0.306126236
0.382644522
0.957057918
0.840681542
0.411463997
0.043489201
0.341736283
0.635578283
0.91638014
0.449841469
0.445106136
0.344923411
0.098778593
0.965087349
0.257309283
0.880066744
0.452094733
0.011800255
0.916924815
0.630011074
0.105918889
0.162753245
0.587189121
0.920695449
0.338825187
0.895757315
0.049072898
0.885403595
0.722474181
0.797774126
0.217416208
0.757230682
0.294140273
0.437795056
0.537390874
0.419945532
0.997858335
0.454531118
0.608948945
0.216672599
0.451322149
0.662627159
0.106867818
0.302399643
0.636563491
0.968053133
0.389721252
0.529469004
0.402707417
0.123997226
0.365553241
0.427773607
0.219777795
0.968714232
0.973341845
0.135868564
0.798181893
0.580208825
0.253884911
0.871239826
0.071062512
0.153866959
0.684015532
0.600908315
0.238027429
0.169342608
0.055857908
0.731814175
0.320817783
0.339279731
0.734903548
0.493695771
0.70180905
0.314106071
0.029241295
0.300350412
0.362168474
0.455779098
0.657706108
0.768981099
0.483864295
0.851448855
0.367518186
0.468995363
0.365913249
0.288458671
0.227556487
0.200022034
0.708698475
0.293028739
0.72438682
0.370367438
0.697445356
0.863132158
0.315778347
0.16785497
0.956860288
0.876558627
0.731422655
0.586248422
0.602587173
0.443550021
0.444524277
0.482827609
0.579649417
0.298571207
0.517755078
0.258852194
0.332494253
0.349637897
0.549568617
0.998520111
0.334502373
0.960447913
0.638387087
0.551580592
0.599165369
0.35875525
0.27262483
0.781818092
0.983132055
0.52203084
0.485497338
0.083938722
0.322866612
0.397908653
0.397908653
0.388350992
0.965406981
0.668227604
0.810530603
0.796800633
0.503149826
0.242333465
0.799188535
1
0.72349295
0.01149191
0.04051966
0.470101862
0.844447957
0.087146526
0.139972514
0.06137101
0.865725341
0.515680729
0.280582513
0.659098343
0.805977125
0.116748902
0.115327802
0.112419127
0.025904625
0.694281812
0.910609219
0.191887245
0.16453654
0.028114592
0.016838664
0.268511617
0.852928029
0.050380355
0.11955294
0.244640039
0.710378845
0.747314032
0.289215192
0.187615222
0.579278513
0.652014014
0.328096876
0.307501398
0.477747689
0.744300377
0.927386711
0.32366432
0.020451477
0.435268309
0.586937729
0.384435465
0.679166287
0.403399515
0.680802627
0.676540563
0.363532717
0.444039926
0.852150053
0.081978093
0.047280364
0.049475272
0.380517641
0.97067772
0.530006089
0.335817339
0.782966489
0.178716465
0.904815371
0.391096129
0.362035957
0.60037763
0.27196784
0.281148132
0.314560968
0.95837052
0.266195035
0.250813714
0.364775125
0.409483199
0.449005709
0.474853731
0.468080875
0.094681778
0.685613293
0.19975337
0.36805313
0.255981221
0.698676569
0.468896434
0.887623944
0.780149286
0.327095478
0.371789098
0.361927905
0.917538888
0.820778095
0.765471947
0.970090621
0.976359467
0.3397253
0.32694758
0.189455115
0.125516006
0.793431109
0.687916013
1
0.432481003
0.996118381
0.998172104
0.812616681
0.810578639
0.749711077
0.405400745
0.259303596
0.944534186
0.72616897
0.314493673
0.690228869
0.936872791
0.897427971
0.40186266
0.490565042
0.91612122
0.474100232
0.357426854
0.738676455
0.595012218
0.219359952
0.860347694
0.287096751
0.620636052
0.330677982
0.51976261
0.804562923
0.713243045
0.618794253
0.754435482
0.577338429
0.802400405
0.467148786
0.211929717
0.586595362
0.041224196
0.847898231
0.493451518
0.891250185
0.219464972
0.603391086
0.345233603
0.827451982
0.843250648
0.866572267
0.713410312
0.45082846
0.496878387
0.984679157
0.202946479
0.501358842
0.942700936
0.04802921
0.254215199
0.628265027
0.706742275
0.927837738
0.291027927
0.757537204
0.016902809
0.050423069
0.009897289
0.352767042
0.061598519
0.972294134
0.861823802
0.42845849
0.524319228
0.865897379
0.701791694
0.695843914
0.924840813
0.913388118
0.738551424
0.51278775
0.338580933
0.225498537
0.708493756
0.208833599
0.645731155
0.897639762
0.549125094
0.890592806
0.220618109
0.959174229
0.891713111
0.294893528
0.815184404
0.297959481
0.742695975
0.456249099
0.520500059
0.05668028
0.397053976
0.814419942
0.556338251
0.543416404
0.500431943
0.285183897
0.857098643
0.985203808
0.376080907
0.442802657
0.009713181
0.412676708
0.667065184
0.145043893
0.553509233
0.563525005
0.867523054
0.170968673
0.041353004
