1.43353
1.91072
3.50711
3.50727
4.06647
4.06673
4.1145
5.80924
5.81008
7.76885
7.82102
8.38968
8.54853
9.02914
10.5211
10.64
11.0115
11.012
11.1645
11.5535
13.9232
14.8671
15.5778
15.6447
15.8506
16.379
16.7351
17.1999
17.2001
17.216
17.221
17.2215
17.3587
17.4909
17.4917
18.0308
19.6343
20.008
21.704
22.73
22.8333
23.5274
24.4183
25.6697
25.9138
27.827
28.2508
28.7113
30.5343
30.6753
31.7393
31.961
32.3386
32.6565
33.469
34.47
34.4978
34.7442
34.7914
34.842
34.9252
34.9252
35.9392
35.9393
35.9397
36.3282
36.3734
36.3881
36.517
39.5811
39.8437
39.8439
39.96
39.96
39.96
39.96
39.96
39.96
40.2709
40.4072
40.6908
40.7898
40.9136
41.3847
41.7159
41.7342
41.7773
41.7775
43.864
44.7726
44.9905
44.9907
44.9908
45.064
45.0822
46.3234
47.0499
47.1504
47.4654
47.6198
47.6795
47.6988
47.98
48.0111
48.0114
49.1366
50.1216
50.206
50.401
50.4011
50.771
52.2184
53.0584
53.0588
53.3083
53.8337
54.0125
54.2829
54.5956
54.8405
55.3207
55.3717
55.4198
55.4391
55.4783
55.9314
55.9609
56.0142
56.3349
56.335
56.5363
56.6457
56.6457
56.982
57.5032
57.5579
57.5856
57.9279
57.9285
57.9951
57.9959
58.006
58.0083
58.0211
58.0765
58.0765
58.153
58.153
58.706
58.7063
59.4365
59.4441
59.4442
59.5022
59.5599
59.564
59.5641
59.5642
59.6278
59.7
59.8001
59.8339
59.9714
59.9715
60.3928
61.778
61.9848
62.0246
62.118
62.9409
63.0149
63.2801
63.6002
63.9356
64.4305
64.7306
64.7361
64.8849
64.8849
64.885
64.8882
64.8883
64.8918
64.9742
65.1893
65.2248
65.3394
65.3394
65.3395
65.456
65.464
65.6712
65.8236
65.9567
65.9572
66.2781
68.55
68.55
69.7474
69.9905
71.1118
71.2181
71.3636
71.3638
71.7056
72.2927
73.11
73.3191
74.4726
74.5135
74.788
74.9254
74.9433
74.9434
74.9486
75.056
75.0561
75.1578
75.6263
75.6536
75.7248
75.7751
75.7753
75.8719
75.872
75.9889
76.0688
76.8445
76.8454
76.8775
76.962
77.0485
77.1127
77.3336
77.4016
77.6562
77.7524
77.7604
77.7604
77.7843
77.8334
77.8971
77.9922
78.36
78.36
78.36
78.36
78.36
78.36
78.36
78.4077
78.4077
79.0795
79.0799
79.1523
79.4738
79.6315
79.6653
79.7486
79.824
79.8747
80.0101
80.0875
80.3722
80.472
80.5468
80.547
80.9453
80.9453
81.0557
81.0631
81.1947
81.4519
81.7
81.7
81.7
82.1708
83.4475
83.56
83.7808
83.98
83.98
83.98
84.6412
85.4859
87.2021
87.5972
88.0298
88.4878
89.24
89.24
90.0945
90.5755
90.6003
90.6003
90.6009
91.1836
92.4462
92.5205
92.5592
93.0054
94.8556
95.052
95.3082
95.4696
96.3956
97.2
97.2
100.847
100.85
100.994
101.289
101.374
101.611
101.793
102.18
102.5
102.876
102.876
103.417
103.467
103.621
103.624
103.624
103.678
103.943
104.05
105.37
105.426
105.523
106.189
106.189
106.482
106.791
106.829
107.188
107.293
107.723
107.723
107.752
107.752
107.798
107.798
107.806
107.824
107.88
110.045
110.129
110.209
110.239
111.475
111.475
111.491
111.491
112.065
112.065
112.952
113.033
113.854
113.866
115.076
115.241
115.706
116.13
116.13
116.13
116.237
116.328
116.807
116.963
117.441
117.697
118.26
118.26
118.26
118.333
118.981
119.164
119.985
120.148
120.221
120.653
120.653
120.724
120.844
121.834
122.194
122.252
122.414
122.414
123.064
123.722
123.884
123.956
124.304
124.94
125.235
125.4
125.4
125.4
125.4
126.598
126.598
126.971
127.086
127.213
127.33
127.382
127.533
127.784
127.801
128.013
128.047
128.047
128.047
128.061
128.061
128.061
128.588
128.681
128.681
128.778
128.99
129.134
129.349
130.088
130.221
130.829
131.518
134.913
134.913
134.918
134.935
135.029
135.064
135.092
135.093
135.129
135.147
135.223
135.28
135.28
135.28
135.28
135.349
135.492
136.349
136.396
136.396
136.42
136.42
136.452
136.452
136.622
136.771
136.887
137.118
137.62
137.62
138.047
139.94
140.939
141.825
141.825
142.35
142.414
142.539
146.128
146.128
147.055
147.259
147.933
148.81
149.267
149.66
149.66
149.66
149.692
149.71
150.18
150.28
150.38
150.402
151.383
151.831
151.962
152.098
152.203
152.325
152.367
152.582
152.809
153.065
153.17
153.387
153.57
155.796
156.293
157.19
157.19
157.19
157.19
157.249
157.456
157.598
157.988
158.258
158.327
158.349
158.349
158.652
158.789
159.087
159.285
160.636
160.696
160.817
161.042
161.044
161.25
161.376
161.455
162.15
162.334
162.334
162.346
162.526
162.526
162.944
162.967
163.04
163.27
163.682
163.799
163.873
165.181
165.186
165.187
165.187
165.499
165.592
165.644
165.979
166.252
166.347
166.395
166.526
166.84
166.84
167.814
167.817
167.91
167.91
168.195
168.195
168.654
168.739
168.8
168.919
169.471
169.496
169.508
169.511
170.091
170.305
170.305
170.325
170.353
170.365
170.365
170.388
170.391
170.394
170.519
171
171.409
171.451
171.539
171.587
171.942
172.403
172.403
172.435
173.17
173.188
174.144
174.809
176.357
176.413
176.413
176.693
177.351
177.391
177.397
177.687
177.98
177.98
177.98
177.98
179.615
180.424
180.424
181.475
181.755
182.033
182.089
182.161
182.881
182.881
182.928
183.152
183.384
183.918
183.923
184.438
184.439
184.681
185.061
185.3
185.3
185.3
185.408
185.612
185.691
185.714
185.716
185.716
185.734
185.805
185.921
186.058
186.111
186.158
186.158
186.24
186.61
186.895
186.923
187.526
187.699
187.811
188.467
188.471
188.518
188.968
189.052
189.103
189.103
189.172
189.194
189.227
189.261
189.335
189.379
189.478
189.493
189.497
189.548
189.569
189.976
190.399
191.508
191.577
191.875
194.388
194.426
194.426
194.436
194.492
194.496
194.503
194.525
194.62
194.63
194.854
196.137
196.229
196.24
196.24
196.51
196.51
196.51
196.51
196.51
196.51
196.51
196.51
196.51
196.51
196.51
196.662
197.601
197.658
197.768
198.28
198.725
198.863
199.026
199.196
199.394
200.724
200.813
200.813
200.83
200.911
200.914
201.198
201.582
201.786
203.436
203.436
204.097
204.332
204.332
204.332
204.352
204.463
204.693
204.755
204.853
204.888
204.902
204.902
205.007
205.007
205.886
205.95
206.3
206.3
206.3
206.69
206.707
206.751
206.758
206.806
207.384
207.657
207.714
207.768
208.352
209.357
210.287
210.288
210.381
210.415
210.47
210.69
210.739
211.471
211.471
211.549
212.176
212.194
213.62
213.714
214.814
214.821
215.996
216.01
216.01
216.258
217.789
218.168
218.635
218.677
221.36
221.506
221.506
222.914
223.89
224.029
224.029
224.307
224.87
225.34
225.819
225.819
226.303
226.742
226.847
226.848
226.951
227.26
227.26
227.448
227.676
228.089
228.272
228.372
228.455
228.455
228.629
228.784
228.807
228.808
229.125
229.125
229.142
229.395
230.32
230.356
230.488
230.589
231.646
232.01
232.682
233.4
233.662
233.848
234.047
234.167
234.167
234.294
235.395
235.416
235.884
236.153
236.597
238.341
241.226
241.56
241.949
241.95
242.133
242.133
242.476
243.577
243.995
243.995
244.435
247.766
248.917
248.983
249.15
250.199
251.82
251.82
