0.02365773
0.043453602
0.77241904
0.285664099
0.617761584
0.143623655
0.215804749
0.428799718
0.65811519
0.206230925
0.758819438
0.100509514
0.540204415
0.349733634
0.686617482
0.913725204
0.531597747
0.103274337
0.716442545
0.924012892
0.161201145
0.398383626
0.137437748
0.285825181
0.767248298
0.728744002
0.791876132
0.357267394
0.307349695
0.236566466
0.234053586
0.477646331
0.665100373
0.016924142
0.105047894
0.016788952
0.424742425
0.517860761
0.144660043
0.769492399
0.938109943
0.320078397
0.186712847
0.485026302
0.120474928
0.324061967
0.566606939
0.602445604
0.927731134
0.894490727
0.714261184
0.750851636
0.476898414
0.026506589
0.968150764
0.60009511
0.090404282
0.143950732
0.390697537
0.278381574
0.600655531
0.763710574
0.074593601
0.069151688
0.159183515
0.007038688
0.057352154
0.105415646
0.164294148
0.126039841
0.358716479
0.83677688
0.279331339
0.260476562
0.331952246
0.347947449
0.112437089
0.621100696
0.603158769
0.685632882
0.482896716
0.456295281
0.21800069
0.886866075
0.699034266
0.702528291
0.825576748
0.744768623
0.816105819
0.179208361
0.113648896
0.535282693
0.534741109
0.859535257
0.502646827
0.640662691
0.642510864
0.859823261
0.941333469
0.838616974
0.58426337
0.679727606
0.15816263
0.116629268
0.056867769
0.203813263
0.193460882
0.158390253
0.607333992
1
0.895021761
0.919014343
0.468228012
0.734995719
0.045309492
0.14773551
0.441756355
0.660769116
0.416424218
0.366279513
0.140567881
0.047575188
0.05067566
0.710524348
0.390747155
0.047760844
0.188979764
0.026410579
0.328031615
0.776217132
0.857813378
0.808655695
0.826626328
0.317459407
0.468603298
0.756078813
0.706955019
0.923701117
0.24775949
0.595989264
0.042896606
0.238533912
0.378171088
0.7613324
0.495616243
0.014762786
0.190287688
0.372172798
0.636708755
0.983038159
0.824307609
0.827249136
0.815636385
0.17275953
0.785692899
0.129109139
0.17388069
0.206741853
0.749503013
0.189425484
0.175328078
0.162131217
0.577703722
0.867059209
0.454100583
0.912308613
0.529368276
0.82009515
0.696306852
0.958135792
0.657979112
0.607771977
0.880346464
0.002995462
0.305563182
0.10140955
0.818045751
0.283409769
0.280673671
0.859900656
0.65237889
0.350330952
0.249186862
0.30141292
0.809128406
0.164166783
0.762903641
0.282800412
0.368678136
0.73641256
0.585302787
0.319319917
0.378532287
0.59335413
0.705298901
0.73733752
0.425607914
0.887907822
0.947857384
0.348741039
0.698762511
0.685719775
0.882277132
0.998334019
0.332287611
0.957595354
0.963275529
0.783732681
0.083298615
0.847460415
0.941021241
0.677457837
0.97560108
0.204846072
0.337466232
0.338890672
0.463018233
0.1822405
0.628365796
0.562287889
0.667240053
0.548563369
0.912186033
0.647813511
0.913215369
0.573077579
0.365081155
0.604260711
0.901094087
0.001444781
0.690460493
0.002984388
0.250288757
0.994961177
0.568976432
0.084530674
0.56932787
0.543693206
0.67005058
0.334726456
0.243408828
0.015639747
0.252696319
0.40591015
0.404735861
0.216301897
0.432006069
0.78943748
0.376059756
0.08368828
0.427448175
0.261517579
0.468284859
0.035496785
0.100937749
0.906117275
0.4156474
0.461243689
0.738778251
0.37197073
0.122780696
0.754907116
0.32466304
0.300528637
0.281451492
0.365246003
0.94262081
0.086092083
0.573712633
0.132753139
0.71035004
0.653654219
0.815478973
0.704192393
0.813666243
0.761261989
0.244044183
0.616702831
0.244457168
0.525007403
0.430196022
0.982374558
0.256005166
0.26353881
0.584041018
0.655806542
0.291087769
0.305550442
0.686451369
0.939829517
0.656841377
0.16187372
0.87875669
0.182201133
0.702413701
0.042378719
0.541841167
0.475381102
0.983808722
0.978623831
0.14316913
0.194256006
0.798095949
0.886143943
0.831138569
0.590984309
0.98347344
0.625959558
0.608659167
0.53600004
0.296738152
0.785680931
0.424470671
0.068633931
0.926077022
0.093162594
0.005290006
0.415434275
0.344566759
0.95073298
0.661302905
0.162559945
0.000365656
0.016225198
0.040331375
0.98711981
0.065265728
0.461103093
0.06033145
0.102170698
0.083383277
0.103227694
0.798369175
0.400763439
0.290380146
0.279902725
0.178474036
0.585244351
0.644222106
0.048787979
0.683523166
0.744956032
0.976784361
0.938119269
0.589859187
0.377524941
0.020599347
0.018051891
0.485898303
0.70322162
0.828306514
0.761438892
0.853227346
0.020954247
0.045139866
0.633841719
0.267313457
0.552486415
0.333954662
0.378542651
0.783667909
0.175894788
0.648950525
0.971693299
0.04575261
0.928853041
0.194772536
0.719207799
0.954984218
0.821986702
0.543130742
0.888625435
0.007027673
0.011646487
0.272121599
0.033968403
0.735584224
0.384973041
0.002282402
0.507304513
0.690494624
0.605037572
0.553377031
0.811519375
0.043216257
0.799961527
0.686167659
0.672687883
0.42062375
0.495151579
0.457760775
0.323847505
0.686739339
0.911106092
0.839524934
0.705983235
0.256341327
0.547181736
0.720005861
0.037526529
0.34609972
0.116301861
0.073378068
0.577945545
0.813493255
0.820881033
0.97433967
0.80311224
0.454495482
0.839123508
0.593060714
0.33460935
0.111531959
0.92885639
0.906516285
0.973931107
0.865155721
0.54280093
0.840278785
0.388415481
0.450316339
0.985021252
0.1062613
0.261789145
0.54607512
0.322876842
0.943793593
0.966465106
0.399184863
0.444214131
0.060959065
0.003793783
0.005253437
0.983291551
0.076820512
0.854583658
0.590640816
0.202391063
0.419183304
0.253991575
0.588879477
0.364088028
0.654983345
0.79477145
0.174905106
0.42852034
0.910824998
0.45664503
0.852029569
0.366103648
0.207972066
0.246849763
0.012227713
0.888668179
0.61815846
0.342009748
0.698963235
0.696470893
0.175565875
0.123758568
0.69548531
0.700933378
0.978568869
0.120458513
0.499698248
0.745782726
0.652327315
0.249481943
0.579725351
0.523609688
0.266337975
0.554553464
0.813138335
0.644714559
0.094088268
0.329998376
0.642083531
0.055476802
0.73001294
0.004114121
0.286658293
0.399023631
0.369665093
0.739520274
0.63940216
0.803340108
0.542202337
0.687357141
0.500970836
0.462635187
0.341838798
0.499169907
0.459694378
0.383155478
0.562171118
0.47645417
0.35213647
0.198321139
0.183822722
0.565693429
0.944123413
0.830640673
0.631738475
0.210189009
0.832673277
0.501867405
0.85776162
0.066718884
0.294073417
0.857654818
0.219925921
0.544234231
0.150169428
0.394436311
0.940018197
0.326792136
0.723914847
0.185063707
0.028192334
0.72234013
0.621040276
0.078847216
0.290191726
0.00179923
0.00179923
0.16609564
0.087078088
0.899123479
0.036773545
0.726486022
0.916331699
0.698715831
0.436597549
0.821524183
0.36876231
0.784098861
0.217214788
0.283917605
0.862242836
0.031970725
0.370780348
0.049226472
0.900095087
0.305845846
0.045510207
0.874319983
0.24689969
0.624392423
0.394206754
0.628196598
0.778559241
0.492416886
0.466145327
0.034671281
0.702353727
0.943401089
0.146481064
0.187359333
0.259577029
0.89382642
0.658293384
0.85924866
0.963452877
0.186136344
0.913751523
0.393070488
0.557282206
0.570392262
0.092146203
0.179930846
0.769446163
0.907380721
0.252476485
0.042914113
0.856079119
0.102939518
0.888700443
0.182736345
0.053198536
0.172392509
0.301687062
0.058246519
0.953190439
0.340420855
0.025887631
0.586392983
0.133905925
0.402617608
0.359997849
0.107647662
0.778950806
0.268631634
0.543369221
0.721012308
0.654560267
0.02073596
0.541557188
0.540017568
0.091146282
0.337633479
0.785726208
0.314618658
0.122695556
0.914812109
0.887968607
0.881034414
0.82833021
0.579447607
0.345000926
0.440476081
0.537044147
0.997465451
0.785303558
0.896509972
0.914839038
0.91529954
0.351702114
0.217605917
0.986196688
0.9431272
0.478495699
0.889941382
0.380890791
0.444275726
0.671039385
0.536658011
0.122559214
0.144363751
0.88137304
0.419960821
0.592532718
0.342294369
0.451835906
0.70689322
0.433537986
0.778054927
0.22399799
0.47862396
0.173672671
0.727087147
0.920755106
0.203279092
0.053123422
0.537704797
0.639960321
0.941982962
0.476642635
0.008421292
0.346358111
0.067865865
0.796901426
0.22626421
0.403532299
0.156737767
0.958054512
0.867647152
0.343126417
0.717559518
0.016132954
0.617951192
0.488247773
0.688774631
0.788495285
0.01361419
0.186253076
0.272518734
0.107506817
0.797650665
0.779028332
0.811622461
0.965609733
0.899135525
0.104599189
0.397209882
0.804109934
0.307889947
0.64024411
0.279066904
0.707133592
0.479835573
0.807812853
0.5993175
0.709154101
0.337149501
0.651285197
0.782991501
0.74098002
0.437053312
0.471647955
0.852112105
0.056430324
0.872725227
0.058514586
0.109648173
0.848826936
0.659656255
0.225012056
0.792199391
0.709371311
0.970448461
0.148082844
0.362719891
0.208057543
0.646527315
0.006385852
0.589325939
0.713199154
0.846404264
0.551027045
0.930547805
0.034502889
0.721172523
0.846781209
0.976597363
0.976597363
0.960797685
0.454771178
0.228071025
0.039499429
0.49710744
0.642975141
0.288670873
0.242342487
0.99419432
0.821371351
0.757025751
0.595888333
0.509621471
0.825112573
0.813684674
0.316885641
0.914988322
0.725693818
0.934201468
0.851968033
0.75993789
0.752864416
0.250663437
0.673734124
0.545981321
0.21521983
0.350915943
0.472805756
0.599599568
0.943794927
0.482926333
0.827974825
0.662114584
0.707253505
0.863844081
0.535535086
0.528353799
0.606825801
0.68256857
0.682469208
0.899480239
0.924441353
0.745506709
0.790224092
0.211678788
0.771313433
0.18148619
0.108159625
0.684524161
0.129591601
0.755967894
0.439375884
0.388444254
0.559672916
0.33904222
0.234379318
0.672767965
0.020758085
0.826855373
0.065822985
0.203968903
0.555571527
0.064230649
0.659241942
0.980064112
0.727985664
0.118279367
0.85883908
0.562202591
0.677302675
0.300388054
0.536896411
0.691043933
0.341200494
0.695797235
0.375094743
0.575561047
0.692113256
0.224506627
0.957596908
0.729630808
0.790272459
0.860449791
0.373357869
0.218682089
0.595716113
0.354686527
0.103461072
0.482235273
0.911992372
0.834851405
0.902897519
0.201790582
0.13294691
0.85260876
0.716447706
0.809822249
0.866507924
0.264916709
0.361441363
0.114057162
0.276180078
0.270477491
0.513955026
0.066031688
0.35328399
0.611174922
0.687779939
0.783473077
0.783473077
0.111836549
0.715165787
0.44850793
0.24913273
0.620411797
0.659607295
0.244044868
0.791515145
0.526891578
0.016178231
0.172835854
0.291617401
