Probe_set	Phy_position	Chiptype	num_AA	mean_AA	std_AA	num_AB	mean_AB	std_AB	num_BB	mean_BB	std_BB
 1749981	14919559	chip2	66	0.89145	0.03179	20	0.4674	0.05805	0	NA	NA
 1654373	15268577	chip2	11	0.98991	0.00907	33	0.46773	0.04521	31	0.01061	0.01195
 1680777	15276762	chip1	0	NA	NA	1	0.53	NA	78	0.22235	0.115
 1671443	15474749	chip1	0	NA	NA	26	0.48046	0.05288	46	0.22509	0.0304
 1676020	15510409	chip2	7	0.82971	0.0378	37	0.49511	0.08699	38	0.05847	0.02144
 1708986	15570730	chip1	78	0.96099	0.06661	3	0.574	0.00436	0	NA	NA
 1702725	15575867	chip2	0	NA	NA	10	0.5039	0.05752	76	0.0153	0.02046
 1708272	15691027	chip2	2	0.9445	0.01909	40	0.51577	0.02316	44	0.05755	0.02502
 1718977	15791899	chip2	62	0.8951	0.02263	21	0.47333	0.02444	3	0.14133	0.03139
 1716814	15809384	chip1	16	0.913	0.03086	24	0.49925	0.04691	32	0.01822	0.01183
 1716938	15809434	chip1	84	0.9928	0.01148	2	0.472	0.01697	0	NA	NA
 1718630	15815034	chip1	0	NA	NA	0	NA	NA	86	0.04217	0.02454
 1662117	15881980	chip1	77	0.7963	0.08656	4	0.515	0.01657	0	NA	NA
 1723298	15919678	chip2	5	0.9032	0.02689	37	0.48114	0.04345	44	0.11811	0.01778
 1645267	15930418	chip1	6	0.9965	0.00857	25	0.50376	0.12687	42	0.06733	0.06082
 1728745	16033955	chip2	1	0.902	NA	9	0.50911	0.02957	73	0.07215	0.04065
 1675654	16260070	chip2	46	0.9533	0.03427	30	0.5295	0.03462	10	0.0276	0.02602
 1715645	16295430	chip2	3	0.99067	0.00751	28	0.49389	0.03036	55	0.04527	0.02016
 1745287	16298345	chip1	86	0.95099	0.04976	0	NA	NA	0	NA	NA
 1681763	16351225	chip1	82	0.87887	0.03718	1	0.464	NA	0	NA	NA
 1681863	16351841	chip1	0	NA	NA	0	NA	NA	85	0.03239	0.01825
 1724286	16378807	chip2	0	NA	NA	9	0.44178	0.07395	77	0.0779	0.04588
 1747135	16413199	chip2	12	0.98175	0.01929	39	0.53385	0.02323	35	0.05011	0.01533
 1740830	16442891	chip1	0	NA	NA	0	NA	NA	86	0.13113	0.03421
 1740924	16442987	chip1	62	0.9435	0.02847	14	0.49757	0.04311	4	0.07675	0.15019
 1651743	16511431	chip1	0	NA	NA	2	0.281	0.00141	77	0.05799	0.03471
 1651859	16511546	chip1	66	0.94239	0.10653	5	0.4966	0.21585	2	0.223	0.11597
 1663971	16585430	chip1	79	0.89599	0.03361	7	0.48814	0.02884	0	NA	NA
 1664083	16585557	chip1	2	0.872	0.00707	18	0.489	0.04242	66	0.05197	0.02511
 1702120	16587251	chip1	63	0.93933	0.04354	12	0.46783	0.05276	2	0.0965	0.01344
 1702336	16589920	chip1	78	0.90433	0.06775	1	0.551	NA	0	NA	NA
 1704112	16592531	chip1	0	NA	NA	2	0.524	0.00566	84	0.1047	0.04099
 1706038	16596392	chip1	86	0.97663	0.02668	0	NA	NA	0	NA	NA
 1696207	16769082	chip1	10	0.9146	0.02967	48	0.49223	0.01832	28	0.06671	0.01472
 1696401	16775241	chip1	1	0.75	NA	4	0.56125	0.0408	74	0.0365	0.02019
 1697928	16787468	chip1	20	0.89655	0.04971	38	0.50476	0.05369	20	0.02925	0.02021
 1662192	16849599	chip2	20	0.94855	0.03595	45	0.51256	0.05479	21	0.01543	0.01999
 1708288	16919553	chip2	56	0.97029	0.02833	26	0.49112	0.02828	4	0.06225	0.00512
 1688634	16931487	chip2	0	NA	NA	1	0.512	NA	85	0.14921	0.0404
 1749493	16931780	chip2	85	0.92106	0.02635	1	0.521	NA	0	NA	NA
 1678136	16993045	chip2	80	0.95467	0.0747	4	0.41425	0.05687	2	0.017	0.0198
 1677573	17370886	chip1	86	0.97791	0.02116	0	NA	NA	0	NA	NA
 1671342	17381744	chip2	86	0.94549	0.02763	0	NA	NA	0	NA	NA
 1756749	17381841	chip2	3	0.97433	0.0215	27	0.49433	0.03762	52	0.13148	0.06457
 1748858	17465202	chip1	2	1	0	10	0.535	0.03424	67	0.02496	0.01333
 1750808	17477437	chip1	0	NA	NA	5	0.5052	0.04519	74	0.1168	0.04867
 1750920	17477680	chip1	10	0.9658	0.02132	42	0.5	0.04765	30	0.13013	0.03312
 1752658	17478642	chip1	10	0.919	0.05654	34	0.47968	0.07018	34	0.0165	0.02594
 1710497	17512325	chip2	9	0.99367	0.00577	36	0.52169	0.02071	37	0.15668	0.02252
 1678028	17673768	chip2	23	0.99917	0.00396	41	0.53529	0.03872	22	0.027	0.01669
 1686097	17728158	chip1	1	0.976	NA	14	0.50214	0.06502	62	0.04674	0.05102
 1686255	17728281	chip1	2	0.94	0.00141	16	0.50013	0.05585	44	0.12227	0.0289
 1689764	17752797	chip1	75	0.93824	0.04817	1	0.564	NA	0	NA	NA
 1696826	17794222	chip2	83	0.95752	0.01202	3	0.51433	0.01762	0	NA	NA
 1721345	17831186	chip2	3	0.83967	0.01626	27	0.50011	0.02894	56	0.06286	0.02451
 1671378	17831268	chip2	34	0.99171	0.0098	31	0.51774	0.04369	18	0.02983	0.03829
 1681260	17880832	chip2	2	0.881	0.04101	10	0.4885	0.03658	71	0.05699	0.0279
 1654305	17945732	chip2	0	NA	NA	23	0.52091	0.04897	61	0.04174	0.0305
 1698975	18014134	chip2	0	NA	NA	5	0.5272	0.03408	73	0.09826	0.04166
 1675632	18014330	chip2	29	0.91917	0.02572	37	0.46616	0.03592	14	0.00243	0.00909
 1668098	18300949	chip2	41	0.91193	0.02235	35	0.49534	0.02259	10	0.073	0.02312
 1752003	18301003	chip2	4	0.98875	0.01473	27	0.46737	0.04339	49	0.02618	0.05097
 1663020	18356834	chip2	9	0.96367	0.01598	40	0.4929	0.0556	37	0.03541	0.02015
 1671513	18450354	chip1	77	0.97564	0.02305	8	0.4885	0.03251	0	NA	NA
 1687197	18478521	chip1	0	NA	NA	10	0.4924	0.06941	76	0.01399	0.01263
 1687299	18478544	chip1	78	0.87996	0.05093	6	0.49367	0.0472	0	NA	NA
 1687403	18478582	chip1	23	0.93478	0.03536	20	0.49045	0.06825	18	0.0285	0.03289
 1670378	19088954	chip1	4	0.8655	0.02027	17	0.49953	0.05511	60	0.0844	0.03574
 1723363	19151874	chip1	17	0.95594	0.03995	41	0.48778	0.05309	25	0.05076	0.04214
 1727123	19202855	chip1	6	0.9635	0.02656	12	0.43133	0.15796	37	0.16814	0.0745
 1730275	19221928	chip1	7	0.87671	0.01962	48	0.498	0.02752	28	0.12032	0.02329
 1741582	19347884	chip1	82	0.91299	0.02081	4	0.49025	0.0217	0	NA	NA
 1703685	19459559	chip2	19	0.97616	0.01161	31	0.44832	0.02681	28	0.02386	0.06456
 1732645	19550733	chip1	0	NA	NA	7	0.511	0.05406	74	0.034	0.05991
 1652288	19697590	chip2	34	0.959	0.03456	36	0.53364	0.02245	15	0.01847	0.01336
 1698883	19779028	chip2	68	0.96397	0.01495	17	0.49006	0.02453	1	0.101	NA
 1722176	19779411	chip2	68	0.90378	0.02772	17	0.47541	0.02498	1	0.071	NA
 1655335	19786518	chip2	0	NA	NA	0	NA	NA	86	0.00124	0.00635
 1691848	20312249	chip2	22	0.91532	0.01427	48	0.5021	0.02956	16	0.13512	0.03906
 1694211	20312340	chip2	16	0.92106	0.03976	51	0.50306	0.02151	19	0.13558	0.03429
 1749317	20336219	chip2	85	0.99361	0.01625	1	0.467	NA	0	NA	NA
 1731830	20485119	chip1	86	0.8893	0.04224	0	NA	NA	0	NA	NA
 1691662	20510183	chip2	1	0.944	NA	1	0.49	NA	84	0.05364	0.01609
 1668045	20614513	chip1	81	0.94283	0.05209	0	NA	NA	1	0.067	NA
 1720934	20685496	chip1	82	0.97224	0.02104	4	0.46575	0.02501	0	NA	NA
 1722351	20685640	chip1	0	NA	NA	2	0.44	0.06788	83	0.0501	0.04921
 1722449	20688410	chip1	75	0.85888	0.08017	1	0.476	NA	0	NA	NA
 1722781	20693499	chip1	84	0.96833	0.0403	0	NA	NA	0	NA	NA
 1704151	20751249	chip2	2	0.925	0.00707	13	0.538	0.02964	70	0.11773	0.02439
 1712444	20781477	chip1	48	0.81283	0.051	9	0.52133	0.09144	0	NA	NA
 1718206	20804910	chip1	65	0.92457	0.05833	17	0.47559	0.0646	2	0.114	0.00141
 1677762	20813912	chip2	54	0.9605	0.06885	10	0.6252	0.0951	6	0.077	0.04884
 1676416	20814348	chip2	8	0.93088	0.0294	40	0.49047	0.0399	38	0.04853	0.02869
 1735735	20835322	chip2	78	0.99949	0.002	8	0.54163	0.02437	0	NA	NA
 1694327	20835539	chip2	80	0.9812	0.04417	2	0.5165	0.01485	0	NA	NA
 1745558	20835574	chip2	82	0.98095	0.06136	0	NA	NA	0	NA	NA
 1678852	20836340	chip2	0	NA	NA	10	0.4998	0.03433	76	0.04257	0.0204
 1711576	20837057	chip2	4	0.981	0.01236	40	0.47175	0.04417	41	0.07539	0.01735
 1702890	20854871	chip1	0	NA	NA	5	0.5282	0.06863	81	0.04584	0.02249
 1709840	20867581	chip1	1	1	NA	24	0.48579	0.06591	61	0.07513	0.0355
 1721058	21000081	chip1	0	NA	NA	2	0.4895	0.00919	84	0.04231	0.02588
 1721186	21000103	chip1	2	1	0	20	0.4931	0.05669	64	0.00912	0.01771
 1665850	21011312	chip2	0	NA	NA	11	0.50073	0.0307	74	0.04031	0.0296
 1646678	21032390	chip2	74	0.96491	0.02821	12	0.52775	0.04776	0	NA	NA
 1695617	21036563	chip2	74	0.92499	0.03632	12	0.51467	0.03428	0	NA	NA
 1662241	21056968	chip1	0	NA	NA	0	NA	NA	85	0.09529	0.06116
 1663805	21057571	chip1	0	NA	NA	0	NA	NA	86	0.0066	0.015
 1708192	21092651	chip2	53	0.96572	0.03581	27	0.50593	0.07611	2	0.106	0.03253
 1745600	21105099	chip2	85	0.95062	0.01653	1	0.494	NA	0	NA	NA
 1652945	21170280	chip1	86	0.94108	0.03023	0	NA	NA	0	NA	NA
 1653115	21171102	chip1	54	0.98594	0.02792	24	0.51292	0.08709	3	0.08933	0.01185
 1679546	21178528	chip2	76	0.93137	0.10897	2	0.5175	0.06152	2	0.073	0.02828
 1753616	21247025	chip1	56	0.91102	0.03603	22	0.50045	0.08362	2	0.1545	0.01909
 1664022	21275823	chip2	59	0.86598	0.03287	21	0.48743	0.05941	4	0.06825	0.02179
 1705375	21275890	chip2	60	0.93102	0.01879	22	0.48936	0.07053	4	0.03925	0.01936
 1671660	21343007	chip2	6	0.89267	0.0404	20	0.5231	0.08658	55	0.00316	0.00443
 1752840	21444938	chip1	1	0.893	NA	15	0.49833	0.08345	70	0.0659	0.02402
 1724056	21484582	chip2	86	0.9952	0.01138	0	NA	NA	0	NA	NA
 1643084	21585556	chip1	10	0.8927	0.14209	13	0.49546	0.05958	31	0.10939	0.03544
 1695236	21630887	chip1	86	0.94228	0.03377	0	NA	NA	0	NA	NA
 1737656	21665700	chip1	0	NA	NA	1	0.495	NA	81	0.08422	0.02999
 1739404	21693429	chip1	0	NA	NA	2	0.5095	0.00778	84	0.10074	0.02953
 1744382	21760410	chip1	11	0.96091	0.02741	32	0.50616	0.05001	41	0.05768	0.02368
 1746169	21769530	chip1	11	0.85327	0.02828	33	0.49291	0.06041	38	0.18745	0.03868
 1655052	21835934	chip1	4	0.90925	0.03816	55	0.50111	0.09627	9	0.201	0.04962
 1703658	21898858	chip1	7	0.98286	0.0147	22	0.529	0.04739	44	0.04325	0.02546
 1704606	21996929	chip1	86	0.98312	0.01943	0	NA	NA	0	NA	NA
 1697549	22038020	chip2	0	NA	NA	1	0.496	NA	85	0.06692	0.0293
 1752490	22157304	chip1	5	0.9686	0.02489	47	0.49153	0.01834	34	0.07065	0.02541
 1686021	22352975	chip1	35	0.91754	0.04119	35	0.50991	0.03728	9	0.10122	0.02594
 1706186	22581517	chip1	25	0.9544	0.04203	9	0.45078	0.05158	29	0.10693	0.11405
 1696960	22666327	chip2	18	0.96172	0.02456	41	0.47312	0.02573	27	0.00522	0.00721
 1648730	22833987	chip2	0	NA	NA	18	0.51367	0.01225	68	0.04062	0.02405
 1701029	23011579	chip2	33	0.99024	0.01354	42	0.52052	0.04437	8	0.0835	0.01551
 1659572	23012015	chip2	86	0.90373	0.02074	0	NA	NA	0	NA	NA
 1727996	23030854	chip1	39	0.97128	0.01574	36	0.49878	0.04538	10	0.0274	0.02925
 1676344	23037112	chip2	54	0.9747	0.02006	30	0.52217	0.04072	2	0.106	0.00141
 1748539	23375872	chip2	0	NA	NA	84	0.45876	0.05033	0	NA	NA
 1727997	23488326	chip2	29	0.91907	0.02745	42	0.45943	0.04043	15	0.04573	0.02765
 1758795	23489862	chip2	13	0.89108	0.02983	44	0.47827	0.03384	28	0.12064	0.04301
 1661947	23564014	chip1	25	0.97244	0.07335	19	0.53847	0.06094	15	0.11613	0.0462
 1677718	23605393	chip2	2	0.972	0.0396	19	0.51789	0.02403	64	0.07889	0.01391
 1665360	23753062	chip2	50	0.872	0.03094	35	0.50051	0.02619	1	0.064	NA
 1676865	23803526	chip1	4	0.949	0.03575	30	0.5128	0.0267	52	0.09296	0.04251
 1738300	23923658	chip2	29	0.94138	0.02026	33	0.48982	0.03397	19	0.01242	0.01247
 1689570	23923690	chip2	17	0.85424	0.03283	39	0.50582	0.05332	29	0.03372	0.0195
 1696184	23962266	chip2	2	0.8955	0.07425	18	0.49578	0.03858	66	0.04397	0.01641
 1666021	24037443	chip1	0	NA	NA	0	NA	NA	86	0.07697	0.03072
 1709100	24208363	chip1	0	NA	NA	0	NA	NA	86	0.03508	0.02181
 1735808	24249492	chip1	0	NA	NA	7	0.47671	0.08109	76	0.08891	0.0379
 1737518	24251753	chip1	44	0.87761	0.0895	21	0.48129	0.14189	1	0.133	NA
 1737614	24251783	chip1	40	0.9518	0.07577	21	0.49024	0.11514	1	0.08	NA
 1739188	24251868	chip1	0	NA	NA	14	0.49121	0.07053	69	0.04125	0.02757
 1742744	24267821	chip1	29	0.97783	0.04427	18	0.51033	0.07357	16	0.03012	0.04611
 1744412	24272595	chip1	32	0.97131	0.04089	40	0.49103	0.03993	14	0.02043	0.01784
 1744530	24272670	chip1	12	0.98958	0.01713	44	0.48998	0.04821	27	0.07174	0.04182
 1723050	24405006	chip2	0	NA	NA	0	NA	NA	85	0.03013	0.02507
 1735177	24424963	chip1	0	NA	NA	0	NA	NA	85	0.05799	0.096
 1653740	24561951	chip2	4	0.853	0.04286	27	0.4737	0.07094	45	0.031	0.02566
 1668173	24598340	chip1	8	0.9655	0.01566	39	0.49869	0.04968	28	0.11468	0.05696
 1717414	24629346	chip1	8	0.994	0.00888	21	0.51148	0.02449	57	0.03618	0.0206
 1719468	24635307	chip1	0	NA	NA	0	NA	NA	86	0.06481	0.03839
 1677180	24638720	chip2	17	0.87871	0.04017	43	0.485	0.03044	26	0.044	0.02339
 1660607	24677844	chip2	25	0.86828	0.04566	43	0.48581	0.03935	15	0.13467	0.04053
 1683110	24768495	chip2	47	0.98115	0.02359	33	0.52821	0.02818	3	0.12033	0.04509
 1743209	24806756	chip2	52	0.95442	0.07043	9	0.54433	0.02403	7	0.044	0.02089
 1688744	24807288	chip2	78	0.93729	0.04295	7	0.50671	0.01437	1	0.05	NA
 1720177	24815870	chip2	0	NA	NA	0	NA	NA	86	0.05908	0.02097
 1690962	24828721	chip2	0	NA	NA	0	NA	NA	86	0.13806	0.0475
 1693587	24830417	chip2	6	0.98767	0.01375	28	0.52389	0.02843	50	0.04778	0.00868
 1728945	24831884	chip2	17	0.95947	0.02297	30	0.47467	0.02304	36	0.061	0.02455
 1750669	24833944	chip2	36	0.95753	0.02033	29	0.47959	0.03709	17	0.07453	0.03478
 1668733	24834002	chip2	45	0.97824	0.02102	32	0.45553	0.02172	9	0.02356	0.01729
 1680586	24834037	chip2	17	0.94565	0.01653	33	0.50876	0.04026	36	0.01644	0.02085
 1657881	24838521	chip1	1	1	NA	6	0.4585	0.0911	72	0.04276	0.03334
 1684766	24892140	chip2	76	0.95167	0.03064	9	0.49533	0.05413	1	0.031	NA
 1740068	24982123	chip1	44	0.94864	0.05117	28	0.48646	0.12426	2	0.123	0.03394
 1667453	24996590	chip1	0	NA	NA	0	NA	NA	86	0.00581	0.01138
 1730930	25063244	chip1	65	0.90829	0.02609	19	0.48174	0.02934	2	0.0815	0.00495
 1731026	25063299	chip1	65	0.87795	0.02825	18	0.51289	0.03772	1	0.121	NA
 1688154	25069840	chip2	34	0.84735	0.03119	39	0.50577	0.032	13	0.12292	0.02838
 1704741	25070281	chip2	9	0.90822	0.03652	38	0.50437	0.03245	38	0.07368	0.02483
 1701001	25100876	chip2	78	0.87365	0.035	6	0.49767	0.04241	2	0.0485	0.00212
 1711132	25127692	chip2	6	0.89067	0.0172	36	0.48992	0.03956	44	0.02743	0.01745
 1666542	25136710	chip2	42	0.94624	0.01353	38	0.49897	0.02756	6	0.094	0.03105
 1724769	25142756	chip1	46	0.93526	0.03027	30	0.50873	0.03783	8	0.092	0.05939
 1657370	25192041	chip1	6	0.916	0.06336	33	0.50294	0.06526	46	0.15128	0.06931
 1657460	25192153	chip1	48	0.92973	0.04207	31	0.49826	0.03353	2	0.1635	0.00071
 1657609	25192772	chip1	0	NA	NA	28	0.49246	0.02583	58	0.02157	0.02152
 1659033	25193559	chip1	5	0.9316	0.11649	26	0.5025	0.04249	44	0.07489	0.05285
 1704827	25202104	chip2	0	NA	NA	0	NA	NA	83	0.09387	0.05267
 1654836	25368299	chip1	10	0.8738	0.03849	42	0.48843	0.03492	34	0.06632	0.03106
 1696461	25381338	chip1	13	0.99992	0.00028	44	0.50436	0.03708	21	0.08671	0.01973
 1737088	25519774	chip1	46	0.94028	0.04386	26	0.529	0.03138	7	0.06171	0.02828
 1743666	25540691	chip1	14	0.96321	0.01838	32	0.48906	0.02932	36	0.05772	0.0258
 1698001	25549881	chip2	14	0.94257	0.02381	38	0.50889	0.03172	33	0.03091	0.02618
 1643225	25552286	chip2	50	0.9021	0.04653	32	0.52481	0.0543	4	0.11775	0.0418
 1645754	25552694	chip2	86	0.9865	0.01786	0	NA	NA	0	NA	NA
 1696772	25582454	chip2	84	0.93876	0.0231	2	0.521	0.01697	0	NA	NA
 1725863	25588789	chip1	0	NA	NA	0	NA	NA	86	0.0864	0.01825
 1725975	25589079	chip1	10	0.9224	0.02662	41	0.48732	0.04344	35	0.02174	0.01812
 1727564	25590639	chip1	0	NA	NA	0	NA	NA	66	0.14027	0.11397
 1656513	25595522	chip2	0	NA	NA	0	NA	NA	86	0.01356	0.01587
 1730834	25609702	chip1	7	0.95871	0.00974	23	0.50565	0.05414	56	0.03325	0.03057
 1730936	25609749	chip1	53	0.90906	0.02183	32	0.50894	0.03948	1	0.068	NA
 1734852	25646435	chip2	51	0.89067	0.04114	30	0.47853	0.03476	5	0.1076	0.02857
 1703703	25690964	chip2	13	0.96469	0.01396	44	0.47875	0.02167	29	0.00062	0.00297
 1723521	25701062	chip1	0	NA	NA	0	NA	NA	86	0.00216	0.00691
 1689354	25710730	chip2	82	0.98198	0.01458	3	0.51267	0.07257	1	0.049	NA
 1749389	25711346	chip2	8	0.855	0.03136	31	0.502	0.02564	43	0.11821	0.02253
 1742775	25711837	chip2	53	0.9824	0.01963	27	0.49333	0.03268	6	0.01717	0.01202
 1700434	25774882	chip2	0	NA	NA	20	0.47095	0.0302	66	0.03945	0.0212
 1717124	25799165	chip1	75	0.87107	0.04483	2	0.43	0.02263	0	NA	NA
 1755812	25822536	chip2	0	NA	NA	0	NA	NA	86	0.02349	0.02822
 1735611	25823361	chip2	86	0.90458	0.02948	0	NA	NA	0	NA	NA
 1705256	25895909	chip1	1	0.922	NA	16	0.5045	0.0416	69	0.04265	0.02369
 1708818	25900548	chip1	85	0.91731	0.05444	0	NA	NA	0	NA	NA
 1744429	25914291	chip2	61	0.95089	0.04619	22	0.49941	0.06141	2	0.2	0.01697
 1716088	25917222	chip1	2	0.916	0.05233	24	0.43583	0.05688	56	0.06445	0.04275
 1686048	25930516	chip2	57	0.87765	0.03475	28	0.55493	0.02447	1	0.187	NA
 1699785	25930538	chip2	0	NA	NA	0	NA	NA	86	0.00723	0.01146
 1695577	25930604	chip2	1	0.978	NA	29	0.52041	0.03036	54	0.11526	0.02851
 1645466	25940562	chip2	86	0.99307	0.0207	0	NA	NA	0	NA	NA
 1730399	25940680	chip2	48	0.83019	0.02107	35	0.48071	0.02555	3	0.11767	0.01155
 1648941	25945410	chip1	1	0.929	NA	26	0.4815	0.05853	50	0.0981	0.06048
 1724102	25947895	chip2	82	0.96763	0.03482	2	0.6115	0.00495	0	NA	NA
 1727094	25950353	chip2	0	NA	NA	0	NA	NA	86	0.09174	0.04773
 1652127	25957316	chip1	44	0.82925	0.06077	29	0.49703	0.05963	1	0.186	NA
 1652239	25957416	chip1	36	0.86639	0.03427	41	0.52227	0.04514	3	0.08267	0.03272
 1652465	25957598	chip1	0	NA	NA	0	NA	NA	86	0.03466	0.01825
 1652581	25958151	chip1	57	0.99493	0.00905	21	0.5619	0.0657	1	0.262	NA
 1652687	25958728	chip1	29	0.93579	0.0348	30	0.50723	0.03561	13	0.08315	0.05653
 1703871	26003159	chip2	1	0.972	NA	28	0.49679	0.02212	52	0.11846	0.01739
 1731664	26033428	chip1	1	1	NA	6	0.50117	0.04413	77	0.00814	0.01825
 1732993	26034433	chip1	86	0.9073	0.02913	0	NA	NA	0	NA	NA
 1687988	26045760	chip2	40	0.91548	0.02719	36	0.49958	0.03341	9	0.03233	0.02039
 1692428	26076118	chip2	79	0.99724	0.01011	6	0.5	0.08422	1	0.037	NA
 1734586	26077251	chip2	1	1	NA	6	0.4535	0.05649	79	0.03485	0.03206
 1682582	26077270	chip2	28	0.99654	0.00783	44	0.53041	0.059	11	0.03945	0.01508
 1680716	26089299	chip2	8	0.90613	0.05181	34	0.5245	0.04044	40	0.04823	0.03275
 1758634	26144210	chip2	86	0.9138	0.03255	0	NA	NA	0	NA	NA
 1720707	26292231	chip2	11	0.89636	0.04432	38	0.51637	0.06426	37	0.01319	0.01664
 1731257	26292517	chip2	9	0.87444	0.0248	38	0.49318	0.05623	37	0.111	0.05197
 1681850	26292718	chip2	73	0.97571	0.01211	11	0.47218	0.03772	1	0.111	NA
 1708909	26341067	chip2	32	0.93188	0.02561	39	0.53579	0.03044	15	0.01133	0.00684
 1743417	26350528	chip2	44	0.87927	0.03677	37	0.49508	0.02381	5	0.1006	0.01108
 1690718	26405879	chip1	37	0.86476	0.10407	32	0.5145	0.1439	6	0.11933	0.14179
 1642157	26583225	chip2	76	0.92987	0.02274	8	0.47075	0.01606	0	NA	NA
 1655112	26592401	chip1	0	NA	NA	0	NA	NA	86	0.02767	0.03326
 1655222	26593421	chip1	0	NA	NA	0	NA	NA	82	0.06461	0.02857
 1655460	26594377	chip1	0	NA	NA	0	NA	NA	86	0.12281	0.03314
 1716059	26594974	chip2	78	0.94985	0.02286	8	0.49575	0.01061	0	NA	NA
 1663835	26623980	chip1	24	0.88125	0.03462	31	0.48029	0.0377	16	0.06075	0.02437
 1667693	26643583	chip1	16	0.90812	0.03218	36	0.49753	0.05845	33	0.09855	0.03988
 1753625	26648192	chip2	86	0.96926	0.02015	0	NA	NA	0	NA	NA
 1659106	26687674	chip2	50	0.8975	0.01724	18	0.51422	0.02239	2	0.0545	0.01344
 1652671	26791138	chip1	0	NA	NA	1	0.515	NA	85	0.13427	0.03812
 1654642	26799117	chip1	86	0.99219	0.02488	0	NA	NA	0	NA	NA
 1654812	26799795	chip1	0	NA	NA	0	NA	NA	86	0.06884	0.03253
 1656260	26800382	chip1	0	NA	NA	0	NA	NA	86	0.00937	0.01878
 1658271	26820418	chip1	0	NA	NA	0	NA	NA	76	0.10299	0.03882
 1696130	26877846	chip2	0	NA	NA	14	0.48614	0.03285	72	0.01611	0.01803
 1705464	26906960	chip1	0	NA	NA	1	0.403	NA	85	0.01954	0.01614
 1715830	26971134	chip1	38	0.96813	0.02076	38	0.50026	0.05274	10	0.0376	0.02021
 1716006	26973510	chip1	0	NA	NA	0	NA	NA	86	0.08715	0.02852
 1716122	26973884	chip1	9	0.94989	0.0961	17	0.49947	0.05003	43	0.0204	0.00943
 1717542	26975300	chip1	0	NA	NA	0	NA	NA	85	0.03791	0.03583
 1756239	26993405	chip1	42	0.90433	0.04388	36	0.49364	0.03381	8	0.0605	0.03373
 1718401	26996961	chip2	36	0.94214	0.01141	36	0.49558	0.02488	14	0.02643	0.02157
 1673744	27012616	chip2	18	0.99878	0.00383	34	0.54691	0.02634	27	0.02811	0.00787
 1642913	27023496	chip2	38	0.97045	0.01669	24	0.47583	0.03657	12	0.00383	0.00838
 1647387	27026368	chip1	0	NA	NA	1	0.506	NA	85	0.05141	0.02128
 1650985	27049656	chip1	85	0.92326	0.04134	1	0.449	NA	0	NA	NA
 1694108	27086581	chip1	27	0.90522	0.06097	44	0.4802	0.04584	10	0.0325	0.03097
 1695966	27100055	chip1	85	0.96122	0.02386	1	0.524	NA	0	NA	NA
 1701270	27141488	chip1	85	0.93453	0.06685	0	NA	NA	0	NA	NA
 1704976	27161814	chip1	82	0.953	0.03244	1	0.447	NA	0	NA	NA
 1705094	27161919	chip1	86	0.98623	0.0161	0	NA	NA	0	NA	NA
 1732862	27216805	chip2	51	0.99539	0.00683	30	0.48327	0.0457	4	0.00125	0.0025
 1751976	27228127	chip1	0	NA	NA	0	NA	NA	86	0.06987	0.03144
 1679368	27440759	chip2	57	0.98972	0.01626	25	0.51528	0.07566	0	NA	NA
 1745799	27557971	chip1	35	0.92406	0.07458	21	0.50333	0.02082	23	0.06743	0.02825
 1708140	27563262	chip2	12	0.96417	0.01645	42	0.52174	0.0219	32	0.07991	0.01758
 1702299	27664600	chip2	75	0.9432	0.02229	11	0.50755	0.01934	0	NA	NA
 1656668	27690297	chip1	37	0.98943	0.01862	38	0.48532	0.03232	11	0.04173	0.02456
 1684968	27711152	chip2	0	NA	NA	12	0.48775	0.03526	74	0.07439	0.02626
 1663239	27725969	chip1	37	0.94476	0.02974	35	0.47529	0.04337	11	0.07355	0.02961
 1664921	27732751	chip1	68	0.92897	0.05178	5	0.4896	0.12212	0	NA	NA
 1670700	27773709	chip2	21	0.9991	0.00247	33	0.54106	0.06145	17	0.09912	0.0544
 1716289	27807841	chip2	37	0.94589	0.02689	43	0.52474	0.02197	5	0.1366	0.0348
 1647175	27822258	chip1	65	0.988	0.01906	21	0.50214	0.03064	0	NA	NA
 1653913	27841620	chip1	7	0.97171	0.01103	27	0.47274	0.04344	49	0.02518	0.02663
 1710021	27999648	chip2	48	0.99308	0.00824	32	0.52256	0.02703	6	0.063	0.02392
 1696556	28000939	chip2	48	0.95858	0.02616	30	0.47197	0.03508	6	0.00317	0.00601
 1696441	28073779	chip1	37	0.92722	0.02719	39	0.50887	0.05742	6	0.13867	0.03088
 1662068	28149081	chip2	36	0.87497	0.02673	49	0.52522	0.07953	0	NA	NA
 1688585	28237850	chip1	21	0.96	0.02738	31	0.49987	0.06648	25	0.06992	0.06277
 1692197	28257223	chip1	48	0.99198	0.01178	31	0.49719	0.05159	7	0.14014	0.03232
 1747890	28377891	chip1	43	0.96114	0.05662	27	0.51811	0.05456	11	0.09118	0.03381
 1748016	28377920	chip1	34	0.95326	0.05301	15	0.51513	0.08711	9	0.125	0.03301
 1668731	28385674	chip2	13	0.977	0.00989	29	0.51431	0.03831	43	0.05542	0.04489
 1675514	28402685	chip1	0	NA	NA	1	0.456	NA	84	0.12077	0.04128
 1677551	28414739	chip1	47	0.92513	0.0667	19	0.49437	0.06791	9	0.07722	0.05369
 1716044	28554141	chip1	1	0.992	NA	13	0.49308	0.056	62	0.11182	0.05157
 1718238	28599773	chip1	1	0.767	NA	7	0.46629	0.20437	30	0.0981	0.09731
 1648895	28644092	chip1	55	0.90075	0.04686	30	0.4855	0.04379	1	0.085	NA
 1649009	28645416	chip1	6	0.9405	0.02492	35	0.50654	0.05303	40	0.07742	0.03641
 1660343	28675792	chip2	29	0.94145	0.04559	11	0.49791	0.09234	16	0.11363	0.14841
 1657965	28704281	chip1	71	0.94769	0.07027	8	0.41213	0.08761	1	0.07	NA
 1699682	28718601	chip1	30	0.9526	0.04586	17	0.48824	0.05044	16	0.05488	0.08581
 1699880	28718758	chip1	0	NA	NA	17	0.52076	0.04372	68	0.14471	0.06177
 1703154	28729417	chip1	0	NA	NA	12	0.4765	0.03299	74	0.0472	0.03529
 1698113	28905163	chip2	60	0.9871	0.01129	25	0.4928	0.05423	1	0.04	NA
 1653736	28911722	chip2	21	0.90924	0.11558	19	0.536	0.04694	17	0.10224	0.03825
 1743986	29055302	chip1	1	0.995	NA	13	0.489	0.03332	70	0.02181	0.0263
 1719171	29635842	chip2	86	0.96778	0.01897	0	NA	NA	0	NA	NA
 1709939	30006454	chip2	1	0.927	NA	18	0.49383	0.0241	67	0.05761	0.01933
 1693468	30020528	chip1	0	NA	NA	10	0.4291	0.04363	66	0.01885	0.03416
 1752700	30186121	chip1	1	0.931	NA	10	0.4782	0.04272	75	0.06229	0.04279
 1732855	30407247	chip1	0	NA	NA	7	0.511	0.02332	74	0.20608	0.04583
 1736296	30440163	chip1	3	0.97167	0.02631	19	0.493	0.02099	64	0.04664	0.02286
 1742942	30540763	chip1	69	0.90806	0.03526	16	0.51106	0.04986	0	NA	NA
 1681395	30672976	chip1	64	0.95928	0.05965	10	0.552	0.02899	1	0.069	NA
 1724434	30724890	chip2	86	0.98388	0.01519	0	NA	NA	0	NA	NA
 1725278	30788861	chip2	84	0.69565	0.02256	0	NA	NA	0	NA	NA
 1707812	30789451	chip2	86	0.95522	0.01381	0	NA	NA	0	NA	NA
 1730074	30882082	chip2	0	NA	NA	22	0.49586	0.10365	55	0.02791	0.05082
 1744738	30937057	chip1	0	NA	NA	0	NA	NA	84	0.10821	0.04732
 1744864	30937074	chip1	0	NA	NA	0	NA	NA	86	0.05916	0.02282
 1744990	30937116	chip1	86	0.95164	0.0367	0	NA	NA	0	NA	NA
 1753788	30995789	chip1	36	0.94244	0.03234	23	0.50004	0.04386	13	0.11523	0.03098
 1681619	31013496	chip1	5	0.9664	0.02932	22	0.51645	0.06693	40	0.15093	0.07451
 1698395	31091715	chip2	85	0.91806	0.01575	1	0.486	NA	0	NA	NA
 1713420	31098551	chip2	21	0.90286	0.03275	48	0.52315	0.03621	16	0.1085	0.02428
 1745808	31123269	chip2	17	0.88959	0.0152	48	0.51233	0.02035	21	0.19943	0.0317
 1682119	31142543	chip1	17	0.94565	0.02378	48	0.50404	0.03202	21	0.04195	0.02582
 1682473	31144711	chip1	22	0.94645	0.05229	39	0.49031	0.05676	14	0.13114	0.04663
 1740056	31205871	chip1	37	0.92903	0.02462	35	0.4924	0.02497	9	0.143	0.02662
 1741360	31208244	chip1	17	0.95229	0.02044	37	0.48095	0.04615	32	0.01178	0.01435
 1743112	31216785	chip1	39	0.93587	0.01949	38	0.5015	0.0174	9	0.08167	0.01975
 1743222	31216998	chip1	9	0.92578	0.03121	38	0.489	0.02308	39	0.06185	0.02796
 1743330	31217150	chip1	37	0.86322	0.04297	38	0.48905	0.037	9	0.05378	0.03449
 1723563	31293295	chip1	24	0.88162	0.02799	43	0.48995	0.04101	19	0.146	0.04062
 1729195	31317955	chip1	0	NA	NA	1	0.535	NA	85	0.09052	0.04375
 1730516	31319141	chip1	63	0.89937	0.05253	15	0.52873	0.05947	1	0.096	NA
 1734097	31331354	chip1	0	NA	NA	7	0.50771	0.04217	75	0.08497	0.03818
 1725248	31434058	chip2	77	0.93945	0.0244	9	0.49633	0.03375	0	NA	NA
 1673988	31434103	chip2	0	NA	NA	3	0.474	0.05839	77	0.05616	0.05012
 1649848	31434377	chip2	0	NA	NA	7	0.47071	0.02586	79	0.01427	0.00881
 1721314	31438536	chip1	11	0.93064	0.03613	46	0.51424	0.07061	29	0.04641	0.04419
 1749042	31497851	chip1	27	0.94381	0.03129	43	0.51714	0.04369	13	0.101	0.02153
 1749176	31497869	chip1	16	0.90713	0.02413	43	0.50419	0.04053	27	0.0293	0.01504
 1706135	31501931	chip2	26	0.91938	0.04168	43	0.51244	0.02183	17	0.11159	0.0293
 1664322	31517342	chip2	76	0.86533	0.02438	7	0.488	0.0271	0	NA	NA
 1642405	31517942	chip2	0	NA	NA	6	0.521	0.02452	79	0.04362	0.01803
 1692147	31564179	chip1	77	0.99723	0.00513	8	0.50825	0.02985	1	0.005	NA
 1692421	31564931	chip1	37	0.94441	0.03659	43	0.49179	0.07957	5	0.0494	0.02876
 1664510	31576032	chip2	33	0.90503	0.04975	37	0.50803	0.06019	10	0.1583	0.02516
 1750339	31604166	chip2	73	0.97481	0.02302	12	0.4845	0.02269	1	0.022	NA
 1741416	31610097	chip1	0	NA	NA	7	0.501	0.05884	78	0.09337	0.02527
 1675893	31655803	chip1	2	0.8035	0.00495	22	0.50064	0.05785	52	0.1439	0.03382
 1677481	31662712	chip1	81	0.95628	0.02752	4	0.52175	0.04496	0	NA	NA
 1733529	31744164	chip1	40	0.8681	0.0508	39	0.50128	0.05872	7	0.05629	0.03177
 1737428	31770219	chip1	0	NA	NA	6	0.51833	0.02733	80	0.11229	0.03556
 1654203	31777946	chip2	75	0.92877	0.02612	11	0.53027	0.02058	0	NA	NA
 1670656	31779418	chip2	65	0.95126	0.02616	20	0.49745	0.0279	1	0.132	NA
 1664419	31801598	chip1	53	0.93634	0.03095	23	0.47622	0.06927	6	0.01283	0.02726
 1648224	31818404	chip2	31	0.95258	0.032	45	0.51718	0.03924	9	0.12511	0.02102
 1717202	31879485	chip1	24	0.98667	0.01833	31	0.50852	0.04403	19	0.04532	0.03741
 1718728	31880052	chip1	24	0.95642	0.04007	39	0.50456	0.04554	20	0.1052	0.03414
 1684728	31895885	chip2	80	0.97364	0.03119	6	0.4805	0.03312	0	NA	NA
 1727668	31898560	chip1	80	0.90947	0.04507	4	0.51175	0.02626	0	NA	NA
 1664023	31946088	chip1	3	0.98933	0.00404	28	0.49304	0.05873	46	0.09433	0.0531
 1667295	31961908	chip1	4	0.89375	0.03863	26	0.49165	0.0391	47	0.05064	0.02754
 1663754	31973591	chip2	84	0.90487	0.02613	2	0.5035	0.03041	0	NA	NA
 1746683	31978717	chip2	0	NA	NA	2	0.55	0.05233	84	0.03935	0.03796
 1650797	32068865	chip1	1	0.826	NA	10	0.5089	0.06328	74	0.12639	0.04831
 1653712	32076526	chip2	21	0.95495	0.01933	40	0.48018	0.02447	25	0.01048	0.00985
 1659565	32121374	chip1	54	0.9128	0.06365	23	0.50383	0.0712	3	0.019	0.01706
 1653498	32150256	chip2	3	0.92567	0.04143	32	0.47947	0.03922	49	0.09388	0.04307
 1680953	32164668	chip1	73	0.9674	0.04579	12	0.44142	0.12007	0	NA	NA
 1653406	32191275	chip2	49	0.98567	0.01664	30	0.48917	0.02774	7	0.04786	0.04633
 1715751	32222590	chip2	14	0.89986	0.03004	41	0.50098	0.04018	30	0.21203	0.02396
 1663718	32223601	chip2	46	0.87857	0.03566	30	0.5103	0.03481	2	0.0795	0.04031
 1684496	32280513	chip2	7	0.82557	0.04255	34	0.49221	0.02265	45	0.11164	0.02518
 1669084	32290548	chip1	0	NA	NA	0	NA	NA	85	0.12347	0.02226
 1669382	32291892	chip1	86	0.98021	0.02503	0	NA	NA	0	NA	NA
 1650724	32300742	chip2	0	NA	NA	0	NA	NA	84	0.07096	0.02306
 1677911	32313594	chip1	14	0.99693	0.00634	42	0.51326	0.05116	22	0.08014	0.05128
 1703049	32324030	chip2	0	NA	NA	0	NA	NA	86	0.01113	0.00837
 1722399	32339001	chip1	86	0.99222	0.01991	0	NA	NA	0	NA	NA
 1724019	32343807	chip1	11	0.89964	0.09336	18	0.55561	0.08903	39	0.08177	0.0441
 1734514	32379096	chip2	23	0.96648	0.01486	49	0.49286	0.01537	14	0.03443	0.01184
 1740285	32396384	chip2	20	0.87105	0.01903	47	0.47594	0.02116	19	0.01658	0.01395
 1755588	32396846	chip2	10	0.9644	0.02392	22	0.47205	0.04618	35	0.0768	0.07133
 1723205	32447487	chip1	86	0.98055	0.01934	0	NA	NA	0	NA	NA
 1658895	32482976	chip1	0	NA	NA	0	NA	NA	86	0.04583	0.02454
 1711215	32525172	chip1	79	0.97522	0.02286	7	0.48257	0.0411	0	NA	NA
 1713437	32536144	chip1	17	0.98947	0.01053	44	0.50652	0.05456	24	0.04662	0.02991
 1714762	32536341	chip1	13	0.88831	0.01725	45	0.49938	0.02995	28	0.14307	0.03296
 1751187	32541592	chip2	65	0.9562	0.02337	20	0.46755	0.02523	1	0.079	NA
 1668662	32543356	chip2	0	NA	NA	6	0.532	0.04919	79	0.03549	0.03259
 1746711	32568178	chip2	86	0.9516	0.02515	0	NA	NA	0	NA	NA
 1742159	32568465	chip2	24	0.98513	0.0218	47	0.52555	0.04004	13	0.00762	0.01218
 1712366	32668825	chip1	0	NA	NA	10	0.4864	0.03772	72	0.08749	0.0639
 1706781	32673542	chip2	0	NA	NA	2	0.485	0.01556	84	0.06386	0.04315
 1711656	32739899	chip2	86	0.97462	0.01586	0	NA	NA	0	NA	NA
 1746861	32771926	chip2	86	0.9354	0.01959	0	NA	NA	0	NA	NA
 1673257	32799753	chip1	32	0.91559	0.02567	39	0.50508	0.06227	10	0.1833	0.03833
 1673403	32800167	chip1	47	0.96213	0.02271	35	0.49146	0.03106	4	0.011	0.0127
 1724321	32864107	chip1	8	0.96688	0.04773	28	0.47418	0.07005	36	0.03711	0.04982
 1752425	32891720	chip2	27	0.95522	0.03217	33	0.513	0.03723	26	0.08669	0.04512
 1698605	32905158	chip2	28	0.98304	0.04963	32	0.52222	0.02847	25	0.08232	0.02588
 1658739	32911320	chip1	23	0.94504	0.03151	39	0.49949	0.04324	24	0.03717	0.01655
 1717908	32948189	chip1	0	NA	NA	0	NA	NA	86	0.00199	0.00453
 1713635	33083336	chip1	33	0.90733	0.04582	20	0.50265	0.15985	4	0.14475	0.1012
 1715056	33083671	chip1	65	0.96515	0.03934	14	0.52986	0.05288	2	0.0825	0.02051
 1743045	33124787	chip2	45	0.9494	0.01492	26	0.52627	0.02593	6	0.03717	0.03497
 1700270	33158406	chip1	56	0.96227	0.01847	20	0.50745	0.04944	4	0.03525	0.0705
 1700561	33159527	chip1	67	0.99318	0.01339	4	0.53925	0.08125	3	0.26533	0.0225
 1704939	33170736	chip2	54	0.924	0.03492	31	0.49842	0.03851	1	0.012	NA
 1710623	33198272	chip1	85	0.93371	0.02462	0	NA	NA	0	NA	NA
 1647433	33235434	chip1	0	NA	NA	0	NA	NA	80	0.09248	0.03417
 1647519	33235776	chip1	3	0.96	0.00964	22	0.49591	0.0356	61	0.09121	0.04174
 1647635	33235937	chip1	0	NA	NA	0	NA	NA	86	0.02572	0.01473
 1680034	33239613	chip2	3	0.98467	0.01328	26	0.51027	0.02838	57	0.03247	0.01683
 1729990	33318577	chip2	46	0.97193	0.01851	32	0.54606	0.0367	8	0.0885	0.04048
 1646698	33318594	chip2	46	0.96333	0.03057	32	0.50797	0.02855	8	0.00588	0.01109
 1732890	33368036	chip2	70	0.95431	0.02637	15	0.51413	0.04386	1	0.075	NA
 1754948	33368314	chip2	70	0.92137	0.04444	14	0.49586	0.03152	1	0.15	NA
 1671576	33368444	chip2	5	0.984	0.01785	23	0.55309	0.0593	53	0.073	0.04772
 1658852	33403105	chip2	42	0.97452	0.02184	34	0.55665	0.03269	10	0.0518	0.02495
 1737930	33414055	chip2	38	0.82216	0.03646	38	0.49558	0.07025	7	0.094	0.03772
 1705147	33414632	chip2	38	0.97761	0.01625	36	0.46208	0.04966	11	0.01636	0.01502
 1709317	33420522	chip2	71	0.94096	0.01786	14	0.49714	0.02077	1	0.068	NA
 1657508	33445122	chip2	60	0.91405	0.03589	15	0.49147	0.06586	1	0.456	NA
 1753500	33454893	chip1	38	0.93805	0.0382	32	0.51947	0.04784	11	0.04236	0.0146
 1755561	33465106	chip1	86	0.98285	0.02472	0	NA	NA	0	NA	NA
 1680436	33470182	chip2	86	0.97587	0.01602	0	NA	NA	0	NA	NA
 1740637	33486009	chip2	51	0.9019	0.02633	28	0.52439	0.03844	5	0.0628	0.01132
 1642451	33492495	chip2	8	0.87913	0.03261	38	0.50503	0.02183	40	0.09485	0.02225
 1754280	33492696	chip2	74	0.91378	0.03306	12	0.50133	0.01795	0	NA	NA
 1646597	33493778	chip1	3	0.77733	0.17727	11	0.49436	0.03438	60	0.03343	0.02037
 1671560	33500735	chip2	0	NA	NA	0	NA	NA	86	0.00737	0.00817
 1718905	33536872	chip2	15	0.91533	0.01174	39	0.52533	0.03584	32	0.14428	0.03503
 1742108	33567581	chip1	0	NA	NA	3	0.47267	0.05516	83	0.08788	0.04065
 1749634	33604183	chip1	0	NA	NA	4	0.53925	0.06217	82	0.04421	0.03217
 1754865	33622292	chip1	84	0.90804	0.01924	2	0.458	0.0297	0	NA	NA
 1754981	33622510	chip1	3	0.97667	0.01716	39	0.49874	0.04172	44	0.05957	0.02054
 1660959	33627311	chip2	4	0.951	0.02741	37	0.49149	0.02031	45	0.02413	0.01921
 1677465	33628506	chip1	0	NA	NA	26	0.50262	0.03746	60	0.07518	0.04208
 1735450	33631197	chip2	42	0.8839	0.03621	39	0.49485	0.02877	5	0.0262	0.0131
 1646212	33632518	chip2	3	0.88833	0.04452	38	0.51708	0.0332	45	0.14518	0.05366
 1691105	33669852	chip1	11	0.93682	0.07068	32	0.47181	0.05347	34	0.01721	0.04304
 1693005	33677360	chip1	32	0.92766	0.04182	40	0.49445	0.05859	12	0.04683	0.03085
 1734997	33701223	chip1	84	0.9866	0.02225	0	NA	NA	0	NA	NA
 1743412	33742768	chip1	9	0.94611	0.02339	33	0.49748	0.03468	25	0.13616	0.03189
 1661011	33780304	chip2	58	0.9296	0.03121	24	0.46733	0.02407	1	0.113	NA
 1709331	33781234	chip2	83	0.98146	0.02298	3	0.47267	0.0462	0	NA	NA
 1676279	33795085	chip1	56	0.94007	0.06509	11	0.543	0.04208	3	0.032	0.038
 1722582	33808858	chip2	5	0.9994	0.00134	44	0.49148	0.08199	35	0.03883	0.0193
 1727987	33809546	chip2	78	0.904	0.0289	7	0.475	0.02625	1	0.087	NA
 1709559	33809597	chip2	36	0.96378	0.02073	39	0.53721	0.0467	5	0.022	0.00941
 1643251	33906731	chip2	0	NA	NA	0	NA	NA	86	0.06357	0.03099
 1689720	33925720	chip1	27	0.89822	0.02771	40	0.49085	0.03554	19	0.09316	0.03871
 1689896	33926150	chip1	32	0.98494	0.01205	37	0.50424	0.03133	16	0.0325	0.02691
 1689996	33926232	chip1	27	0.90811	0.03455	40	0.51913	0.04215	13	0.12962	0.02751
 1693237	33932898	chip1	0	NA	NA	0	NA	NA	86	0.02285	0.01921
 1714561	33961544	chip2	62	0.99471	0.01097	23	0.5193	0.02949	0	NA	NA
 1705534	33993523	chip1	18	0.93067	0.07314	31	0.53203	0.04373	33	0.06003	0.03378
 1745497	34007701	chip1	16	0.88281	0.01926	30	0.50797	0.0352	32	0.21178	0.04929
 1755995	34052011	chip1	0	NA	NA	18	0.47761	0.04676	63	0.00965	0.01313
 1756125	34052126	chip1	66	0.93777	0.03088	18	0.50483	0.05654	1	0.181	NA
 1739652	34229330	chip1	17	0.97106	0.02386	45	0.54296	0.06559	8	0.12512	0.03325
 1739760	34229422	chip1	1	0.777	NA	16	0.51787	0.04492	60	0.24152	0.03422
 1648036	34247492	chip2	9	0.91967	0.01244	31	0.51103	0.02453	46	0.03804	0.01541
 1751113	34256333	chip2	64	0.86862	0.0353	21	0.48781	0.03137	1	0.007	NA
 1670011	34256413	chip2	64	0.94066	0.02412	21	0.50938	0.02414	1	0.16	NA
 1721926	34411916	chip2	4	0.95925	0.0065	15	0.46553	0.01978	63	0.03076	0.06128
 1719549	34411961	chip2	4	0.78575	0.02822	24	0.49217	0.03047	58	0.08719	0.01602
 1740927	34460028	chip2	4	0.8345	0.02374	7	0.46514	0.02251	75	0.07639	0.01917
 1743870	34534249	chip1	76	0.91178	0.03062	10	0.4838	0.03765	0	NA	NA
 1669970	34602583	chip1	75	0.91539	0.03885	9	0.47444	0.03579	0	NA	NA
 1675028	34664207	chip1	84	0.87235	0.03323	0	NA	NA	0	NA	NA
 1675442	34671762	chip1	86	0.95033	0.04141	0	NA	NA	0	NA	NA
 1676771	34685304	chip1	0	NA	NA	11	0.51436	0.0534	75	0.03261	0.01802
 1667395	34902461	chip1	84	0.98867	0.0157	0	NA	NA	0	NA	NA
 1742361	34909112	chip2	64	0.91067	0.01822	21	0.48933	0.0175	1	0.025	NA
 1719229	34915188	chip2	4	0.92525	0.03324	21	0.55371	0.0889	46	0.15676	0.07941
 1740792	34987542	chip1	2	0.937	0.01697	26	0.51012	0.0579	58	0.10359	0.03664
 1740892	34987574	chip1	2	0.984	0.00424	15	0.4996	0.04495	58	0.04978	0.04458
 1742496	34989517	chip1	56	0.9368	0.03249	22	0.49345	0.03638	1	0.15	NA
 1745883	34993948	chip1	0	NA	NA	0	NA	NA	85	0.03487	0.02087
 1691277	35094480	chip1	0	NA	NA	0	NA	NA	86	0.0622	0.03849
 1693141	35102699	chip1	85	0.93896	0.03387	1	0.531	NA	0	NA	NA
 1704931	35167066	chip2	86	0.91379	0.02089	0	NA	NA	0	NA	NA
 1731229	35179861	chip2	0	NA	NA	24	0.47371	0.03905	62	0.0819	0.03659
 1747108	35242670	chip1	57	0.96588	0.03913	19	0.51195	0.04235	0	NA	NA
 1749030	35251148	chip1	0	NA	NA	0	NA	NA	86	0.08835	0.03663
 1671147	35251560	chip1	86	0.96498	0.02783	0	NA	NA	0	NA	NA
 1744843	35263614	chip2	0	NA	NA	1	0.522	NA	85	0.06186	0.05755
 1729451	35338874	chip1	48	0.83494	0.06137	1	0.342	NA	0	NA	NA
 1725944	35396435	chip2	67	0.94234	0.027	7	0.516	0.03529	2	0.0465	0.02051
 1665383	35415881	chip1	4	0.867	0.06036	29	0.48517	0.06783	47	0.1567	0.04798
 1674055	35447030	chip1	14	0.98886	0.01401	29	0.51372	0.03628	35	0.12014	0.03794
 1726721	35496620	chip1	0	NA	NA	8	0.48962	0.07962	77	0.11914	0.02755
 1728388	35502559	chip1	86	0.82693	0.06638	0	NA	NA	0	NA	NA
 1653662	35626482	chip2	37	0.89659	0.01878	43	0.50109	0.02235	6	0.11167	0.01879
 1647727	35646895	chip1	26	0.95177	0.02554	40	0.51085	0.03011	20	0.1332	0.04016
 1678398	35659491	chip2	0	NA	NA	14	0.51657	0.0388	72	0.05494	0.02327
 1660178	35696772	chip1	0	NA	NA	0	NA	NA	85	0.04446	0.02758
 1681127	35730030	chip1	86	0.84414	0.05429	0	NA	NA	0	NA	NA
 1682959	35731478	chip1	13	0.93938	0.03039	37	0.514	0.03334	36	0.10017	0.03156
 1683143	35731738	chip1	35	0.90574	0.03204	36	0.47572	0.04281	13	0.03223	0.02154
 1667121	35912151	chip1	36	0.93694	0.03642	32	0.49316	0.05591	14	0.03936	0.02767
 1737149	35978628	chip2	14	0.96657	0.01927	44	0.49198	0.04213	27	0.0113	0.01213
 1655916	36050214	chip1	51	0.9148	0.03906	33	0.50009	0.03232	2	0.14	0.02546
 1656142	36052836	chip1	42	0.8575	0.03484	38	0.50703	0.03723	5	0.149	0.0311
 1736217	36157142	chip2	6	0.98017	0.01306	29	0.47766	0.03637	50	0.0106	0.01608
 1647745	36232658	chip1	86	0.88633	0.04262	0	NA	NA	0	NA	NA
 1733665	36572759	chip1	4	0.831	0.03129	22	0.49909	0.06861	38	0.11139	0.04127
 1735442	36729044	chip2	4	0.9675	0.02864	31	0.48961	0.04391	49	0.01769	0.02481
 1666135	36755989	chip1	4	0.86	0.01568	34	0.50309	0.03309	48	0.21056	0.03304
 1756915	36860698	chip2	86	0.88755	0.03924	0	NA	NA	0	NA	NA
 1719816	37117885	chip1	62	0.96435	0.01191	24	0.48292	0.02461	0	NA	NA
 1721675	37119622	chip1	71	0.9471	0.11667	2	0.526	0.02404	0	NA	NA
 1721949	37120474	chip1	0	NA	NA	22	0.53436	0.05113	60	0.0779	0.04662
 1652679	37150541	chip1	3	0.94467	0.05405	21	0.48471	0.04714	55	0.06358	0.03529
 1678804	37425644	chip2	23	0.97487	0.01463	39	0.51318	0.02476	24	0.02008	0.01146
 1673262	37450184	chip2	4	0.951	0.02018	15	0.51887	0.02968	67	0.03642	0.01802
 1756779	37450440	chip2	67	0.92691	0.03107	15	0.4912	0.0415	4	0.0655	0.00839
 1701916	37560010	chip1	66	0.93988	0.05217	12	0.491	0.06283	1	0.078	NA
 1719961	37647050	chip2	2	0.918	0.01131	14	0.54743	0.03955	69	0.10683	0.02818
 1709286	38042260	chip1	79	0.90827	0.05377	4	0.5095	0.02509	0	NA	NA
 1712350	38044854	chip1	86	0.97442	0.02017	0	NA	NA	0	NA	NA
 1722020	38108113	chip2	86	0.92778	0.0339	0	NA	NA	0	NA	NA
 1658870	38108273	chip2	86	0.96529	0.03487	0	NA	NA	0	NA	NA
 1753298	38327576	chip1	0	NA	NA	1	0.424	NA	84	0.0633	0.0527
 1755073	38338772	chip1	60	0.99132	0.01757	20	0.53805	0.04397	1	0.016	NA
 1698321	38497089	chip2	0	NA	NA	1	0.519	NA	83	0.04804	0.03513
 1695016	38518746	chip1	86	0.96869	0.03106	0	NA	NA	0	NA	NA
 1696397	38527629	chip1	86	0.91851	0.03633	0	NA	NA	0	NA	NA
 1654011	38565782	chip2	78	0.95565	0.02377	7	0.43143	0.02928	1	0.161	NA
 1749893	38634527	chip2	8	0.91275	0.04825	16	0.52587	0.03849	35	0.01589	0.03085
 1693182	38639276	chip2	86	0.98421	0.0125	0	NA	NA	0	NA	NA
 1747310	38728791	chip1	50	0.88464	0.03	27	0.50322	0.03296	7	0.21	0.02365
 1756271	38838668	chip1	84	0.9585	0.03077	0	NA	NA	0	NA	NA
 1643581	38857804	chip1	38	0.95108	0.037	27	0.47407	0.04275	10	0.0899	0.05844
 1666598	38942982	chip2	0	NA	NA	3	0.50867	0.03647	83	0.11878	0.0355
 1673336	38943019	chip2	83	0.91336	0.02533	3	0.52267	0.01677	0	NA	NA
 1710852	39006932	chip2	27	0.94219	0.03008	42	0.4866	0.02528	17	0.06071	0.03223
 1727808	39159899	chip1	39	0.9019	0.07952	24	0.49671	0.08401	7	0.12929	0.03314
 1728062	39162321	chip1	35	0.89743	0.03073	42	0.50574	0.02833	8	0.2115	0.03428
 1758353	39200740	chip2	38	0.97705	0.00888	40	0.47838	0.02328	8	0.00637	0.00646
 1655502	39213545	chip1	8	0.97113	0.01519	30	0.50073	0.02984	38	0.06082	0.02636
 1643668	39231291	chip2	8	0.94662	0.0169	40	0.5413	0.03573	38	0.02066	0.01397
 1662802	39236581	chip2	38	0.98903	0.01659	38	0.49437	0.03312	8	0.06075	0.01025
 1658889	39251626	chip1	9	0.95689	0.03337	33	0.50706	0.06717	38	0.01763	0.02032
 1660628	39294334	chip1	1	0.957	NA	13	0.50062	0.05613	71	0.02049	0.02034
 1665927	39371814	chip1	86	0.96008	0.05801	0	NA	NA	0	NA	NA
 1723578	39399540	chip2	0	NA	NA	0	NA	NA	86	0.25388	0.05312
 1697631	39399572	chip2	0	NA	NA	0	NA	NA	86	0.1606	0.07061
 1705731	39870970	chip2	59	0.87944	0.05451	26	0.48242	0.04351	1	0.037	NA
 1712086	39879867	chip1	59	0.94205	0.01571	26	0.50608	0.03763	1	0.056	NA
 1754377	40190424	chip1	86	0.90098	0.03304	0	NA	NA	0	NA	NA
 1756217	40196884	chip1	76	0.94658	0.03866	7	0.54943	0.03721	0	NA	NA
 1694366	40331129	chip1	2	0.9335	0.01909	11	0.491	0.02071	73	0.05221	0.02046
 1694502	40331251	chip1	0	NA	NA	0	NA	NA	86	0.04651	0.02104
 1746545	40453045	chip1	0	NA	NA	10	0.5114	0.05591	74	0.10297	0.04358
 1746652	40453345	chip1	2	0.9275	0.00778	12	0.48817	0.02168	72	0.06519	0.01749
 1748766	40466876	chip1	70	0.8738	0.04376	11	0.49291	0.02183	0	NA	NA
 1743145	40507986	chip2	2	0.916	0.0594	10	0.4763	0.03084	72	0.04819	0.03581
 1662503	40610564	chip1	39	0.87005	0.04175	40	0.51295	0.05123	2	0.2195	0.00495
 1734098	40669462	chip2	1	0.973	NA	24	0.45458	0.03478	61	0.03798	0.02379
 1716594	40742311	chip1	3	0.93367	0.03695	13	0.51654	0.07021	68	0.03971	0.02515
 1695056	40899114	chip1	85	0.96684	0.02204	1	0.564	NA	0	NA	NA
 1698276	40911192	chip1	85	0.94259	0.04019	1	0.54	NA	0	NA	NA
 1680228	40932648	chip2	50	0.94448	0.03917	29	0.50028	0.04465	3	0.017	0.01609
 1686886	40948613	chip2	3	0.90833	0.0342	31	0.51187	0.08015	49	0.10312	0.06104
 1750428	41001431	chip1	33	0.92882	0.02735	39	0.49179	0.06929	12	0.1315	0.05768
 1645029	41058112	chip1	11	0.91209	0.03503	31	0.49839	0.0566	41	0.06817	0.02572
 1734084	41674625	chip2	43	0.93472	0.02735	29	0.47445	0.02966	13	0.02762	0.01833
 1705169	41674874	chip2	86	0.99871	0.00552	0	NA	NA	0	NA	NA
 1755878	41676614	chip2	86	0.94233	0.01692	0	NA	NA	0	NA	NA
 1663498	41677063	chip2	86	0.9654	0.01888	0	NA	NA	0	NA	NA
 1662920	41677130	chip2	83	0.9618	0.03518	3	0.42167	0.06882	0	NA	NA
 1649765	41700493	chip1	48	0.87688	0.03707	28	0.48093	0.02783	10	0.0697	0.01814
 1692907	41729950	chip1	6	0.99583	0.01021	24	0.50283	0.03746	51	0.06112	0.02516
 1693037	41730708	chip1	51	0.95061	0.02825	29	0.518	0.06232	6	0.01533	0.01886
 1696739	41763948	chip1	66	0.80276	0.05297	13	0.50585	0.07229	0	NA	NA
 1702256	41789790	chip1	85	0.93566	0.03047	1	0.537	NA	0	NA	NA
 1747358	41836209	chip1	30	0.8927	0.04081	39	0.51523	0.02095	16	0.13569	0.03878
 1752874	41859258	chip1	29	0.9509	0.03734	32	0.49984	0.04924	15	0.07427	0.03809
 1751470	42010931	chip1	0	NA	NA	0	NA	NA	81	0.03656	0.05845
 1674168	42014074	chip1	4	0.9245	0.01967	18	0.48672	0.0523	55	0.05889	0.04909
 1689932	42061618	chip1	21	0.90386	0.01261	38	0.50763	0.01777	27	0.15893	0.03397
 1690054	42062368	chip1	26	0.92565	0.02441	35	0.50846	0.03333	25	0.1434	0.03272
 1649186	42341477	chip2	40	0.99885	0.00275	31	0.53887	0.0395	6	0.068	0.02654
 1729255	42358549	chip1	0	NA	NA	12	0.54317	0.04865	72	0.0425	0.03534
 1734295	42390405	chip1	43	0.95719	0.03282	32	0.48563	0.08465	4	0.09025	0.01106
 1696906	42409840	chip2	70	0.9423	0.03101	15	0.5504	0.04234	0	NA	NA
 1737443	42414775	chip2	43	0.9286	0.02032	34	0.53285	0.02504	9	0.07078	0.01293
 1735208	42428015	chip2	14	0.94793	0.02573	39	0.47356	0.02909	29	0.02824	0.03482
 1753692	42440031	chip1	0	NA	NA	0	NA	NA	86	0.1147	0.03077
 1753816	42440405	chip1	67	0.94513	0.03286	13	0.47415	0.04822	0	NA	NA
 1753934	42441431	chip1	43	0.92407	0.02514	33	0.52261	0.05641	9	0.07544	0.04675
 1663348	42460308	chip2	15	0.926	0.03198	22	0.44591	0.03861	31	0.04629	0.07993
 1645135	42472606	chip1	72	0.89372	0.03963	14	0.52543	0.04627	0	NA	NA
 1679974	42489823	chip2	0	NA	NA	14	0.50536	0.02048	72	0.0666	0.02098
 1686839	42520129	chip1	31	0.92274	0.03603	44	0.49573	0.03788	10	0.1283	0.04293
 1746013	42614026	chip1	1	0.837	NA	10	0.4569	0.06964	55	0.05675	0.07078
 1694230	42708775	chip1	24	0.93546	0.05361	32	0.51187	0.04481	27	0.04626	0.02366
 1733325	42717614	chip1	11	0.86773	0.02028	42	0.50669	0.01982	33	0.114	0.02807
 1741576	42759300	chip1	16	0.95219	0.04293	32	0.489	0.02897	30	0.09917	0.03546
 1665684	42880277	chip2	27	0.94441	0.02393	44	0.50373	0.02649	15	0.0956	0.01779
 1720918	43011095	chip1	19	0.95947	0.02782	38	0.49289	0.03584	22	0.07014	0.02924
 1670315	43147223	chip2	70	0.94349	0.02806	14	0.48786	0.04977	1	0.374	NA
 1660684	43175021	chip1	28	0.89393	0.04272	33	0.49236	0.03958	21	0.09852	0.03353
 1662319	43176767	chip1	82	0.94207	0.05058	0	NA	NA	0	NA	NA
 1681088	43190700	chip2	15	0.9626	0.0303	42	0.53274	0.03964	29	0.10948	0.03127
 1705876	43236110	chip1	2	0.9675	0.04596	16	0.484	0.04467	66	0.0255	0.0229
 1647401	43335493	chip1	54	0.9717	0.0249	24	0.48571	0.06998	6	0.1185	0.0309
 1692809	43382542	chip1	23	0.89678	0.13705	23	0.49774	0.04555	36	0.08458	0.06066
 1737488	43571324	chip1	62	0.99397	0.01066	20	0.5006	0.05139	1	0.066	NA
 1738854	43571475	chip1	56	0.94979	0.03308	17	0.48953	0.04141	3	0.19167	0.15934
 1745093	43673106	chip2	83	0.95146	0.03083	3	0.48833	0.02401	0	NA	NA
 1732757	43710517	chip1	0	NA	NA	0	NA	NA	75	0.11261	0.06979
 1704349	43771033	chip2	0	NA	NA	9	0.49556	0.03468	77	0.07948	0.02088
 1647284	43808941	chip2	11	0.994	0.0094	37	0.47243	0.01477	38	0.04982	0.01432
 1749332	43904148	chip1	47	0.87632	0.03842	35	0.4902	0.02746	3	0.06667	0.02822
 1749558	43911330	chip1	22	0.98755	0.0249	26	0.50762	0.06397	21	0.15267	0.07005
 1751334	43924064	chip1	0	NA	NA	1	0.465	NA	85	0.07046	0.03058
 1712893	43945366	chip2	20	0.98325	0.03317	38	0.50137	0.04247	25	0.06588	0.02334
 1684313	43955895	chip1	13	0.81954	0.12413	28	0.45821	0.0811	20	0.0295	0.03989
 1646734	43987248	chip2	0	NA	NA	0	NA	NA	86	0.03441	0.01706
 1698409	44097291	chip2	14	0.92486	0.0106	43	0.502	0.03203	29	0.14314	0.02829
 1691380	44097407	chip2	14	0.90486	0.02614	42	0.51276	0.02445	29	0.04931	0.02029
 1678161	44110203	chip1	0	NA	NA	12	0.51808	0.06658	64	0.06888	0.05878
 1657576	44137422	chip2	17	0.95135	0.10025	27	0.5223	0.03775	30	0.03453	0.06569
 1705069	44149283	chip2	14	0.80164	0.05191	41	0.51115	0.02995	30	0.07367	0.01887
 1742254	44243719	chip1	0	NA	NA	9	0.48544	0.03496	74	0.09773	0.06055
 1744084	44250132	chip1	0	NA	NA	24	0.49458	0.0505	62	0.09547	0.03425
 1744228	44250171	chip1	75	0.95727	0.03928	11	0.49873	0.05429	0	NA	NA
 1670499	44287559	chip1	26	0.91219	0.04831	41	0.49459	0.04879	15	0.04513	0.02665
 1670619	44287817	chip1	2	0.863	0.07212	28	0.4775	0.08994	44	0.1042	0.04563
 1672011	44288816	chip1	26	0.86892	0.01528	27	0.4883	0.04682	8	0.1415	0.10508
 1672183	44290254	chip1	61	0.97854	0.01525	22	0.48582	0.06915	2	0.141	0.01838
 1675875	44301130	chip1	0	NA	NA	2	0.483	0.04384	81	0.03975	0.06925
 1677507	44303830	chip1	64	0.91959	0.07231	14	0.48143	0.03366	1	0.108	NA
 1668382	44400710	chip2	2	0.9755	0.00495	25	0.46608	0.03716	59	0.05786	0.0186
 1703237	44413466	chip2	8	0.99925	0.00149	34	0.49397	0.02581	42	0.00026	0.00106
 1671219	44416281	chip1	7	0.87471	0.05898	24	0.47679	0.08309	46	0.09985	0.05395
 1671447	44417456	chip1	30	0.95207	0.04411	25	0.50728	0.05128	19	0.05179	0.02104
 1732269	44419443	chip2	42	0.9476	0.01262	35	0.52123	0.01967	9	0.10333	0.02089
 1759029	44485578	chip2	68	0.95865	0.0294	10	0.4308	0.06771	2	0.084	0.02263
 1715456	44492811	chip1	7	0.95843	0.01358	27	0.47422	0.04498	51	0.06118	0.04199
 1715568	44492908	chip1	2	0.9925	0.00071	11	0.48955	0.04235	73	0.07358	0.03472
 1657055	44511673	chip2	7	0.92886	0.02975	23	0.44926	0.041	51	0.01908	0.01903
 1726205	44536492	chip1	7	0.84357	0.05295	28	0.48904	0.03559	48	0.09977	0.03417
 1672840	44543765	chip2	1	0.644	NA	9	0.48811	0.13572	74	0.05995	0.06238
 1729841	44556673	chip1	72	0.96735	0.02341	10	0.5102	0.05797	2	0.043	0.01131
 1733124	44575545	chip2	7	0.92271	0.01613	29	0.4871	0.03	48	0.07465	0.01213
 1655214	44582854	chip1	74	0.93157	0.04062	8	0.496	0.04634	1	0.019	NA
 1657100	44593015	chip1	45	0.96709	0.02985	24	0.51254	0.06423	8	0.14012	0.10629
 1657274	44593368	chip1	20	0.86775	0.03889	41	0.49895	0.03445	25	0.07748	0.03741
 1657670	45250436	chip2	64	0.95959	0.01824	16	0.53981	0.04222	4	0.0125	0.01725
 1703431	45289960	chip2	56	0.90548	0.03471	26	0.545	0.04727	4	0.05725	0.0083
 1720273	45585337	chip2	85	0.97815	0.02904	1	0.558	NA	0	NA	NA
 1712950	45643433	chip1	6	0.945	0.02203	33	0.50555	0.05727	41	0.04856	0.04311
 1670612	45657701	chip2	35	0.94837	0.01278	37	0.50303	0.02597	13	0.09385	0.02084
 1718505	45676443	chip2	74	0.95727	0.03496	7	0.55257	0.04742	2	0.0525	0.02899
 1668523	45720422	chip1	86	0.95874	0.02025	0	NA	NA	0	NA	NA
 1722759	45791152	chip1	50	0.91226	0.03199	34	0.52185	0.07335	1	0.036	NA
 1674686	45881731	chip1	18	0.90644	0.03234	53	0.51045	0.03598	12	0.06483	0.01748
 1675989	45882028	chip1	7	0.87971	0.05575	23	0.46913	0.04318	25	0.10108	0.13396
 1664631	45983000	chip1	22	0.9005	0.05877	32	0.51519	0.04482	26	0.05181	0.08704
 1737233	45988100	chip2	82	0.83235	0.03033	1	0.505	NA	0	NA	NA
 1713895	46033388	chip1	75	0.95009	0.07384	7	0.50029	0.01767	0	NA	NA
 1653297	46111404	chip1	20	0.99255	0.01538	43	0.50867	0.12885	21	0.02457	0.01335
 1653407	46111442	chip1	86	0.9746	0.01667	0	NA	NA	0	NA	NA
 1653497	46111582	chip1	21	0.99505	0.01433	24	0.4945	0.04795	20	0.10375	0.05478
 1709332	46193217	chip1	86	0.96167	0.02158	0	NA	NA	0	NA	NA
 1713168	46211471	chip1	78	0.92104	0.03649	7	0.50986	0.04486	1	0.129	NA
 1714942	46215076	chip1	41	0.95	0.05722	30	0.52003	0.04235	8	0.0345	0.0204
 1643959	46243428	chip1	6	0.8925	0.02322	29	0.51279	0.05213	50	0.07238	0.02389
 1668908	46319092	chip1	35	0.94143	0.03119	35	0.48937	0.03591	14	0.01186	0.0156
 1662759	46450326	chip1	0	NA	NA	0	NA	NA	86	0.10973	0.0478
 1667763	46460049	chip1	0	NA	NA	0	NA	NA	86	0.00152	0.0058
 1713252	46502674	chip1	5	0.964	0.01129	34	0.52397	0.05116	43	0.07472	0.02448
 1718751	46511252	chip2	62	0.89023	0.03192	21	0.53281	0.03719	0	NA	NA
 1663740	46569391	chip2	2	0.981	0.00566	5	0.515	0.03465	79	0.08452	0.03305
 1722134	46595929	chip2	1	0.897	NA	7	0.47214	0.01087	78	0.04605	0.02107
 1683746	46609605	chip2	71	0.94604	0.03782	11	0.52591	0.06021	0	NA	NA
 1723798	46610226	chip2	86	0.96055	0.02287	0	NA	NA	0	NA	NA
 1699059	46613506	chip2	0	NA	NA	0	NA	NA	86	0.06865	0.02187
 1718841	46614607	chip2	0	NA	NA	0	NA	NA	86	0.11579	0.04204
 1706910	46625415	chip1	0	NA	NA	15	0.49413	0.03896	71	0.02401	0.02194
 1728979	46627384	chip2	10	0.9449	0.02183	34	0.46803	0.05575	35	0.00074	0.00422
 1710843	46639423	chip1	83	0.8459	0.02495	0	NA	NA	0	NA	NA
 1657627	46720490	chip1	32	0.96394	0.03265	41	0.50415	0.03654	13	0.01692	0.01388
 1705992	46772088	chip1	64	0.94841	0.0281	15	0.4944	0.02301	2	0.0735	0.02051
 1706224	46773410	chip1	0	NA	NA	0	NA	NA	86	0.09149	0.03413
 1644369	46835938	chip1	35	0.95426	0.04185	38	0.49924	0.03417	13	0.07108	0.02159
 1646473	46842676	chip1	57	0.90528	0.05997	18	0.53544	0.06132	2	0.1025	0.00919
 1689756	46868963	chip1	66	0.93808	0.03301	17	0.52918	0.02979	0	NA	NA
 1742163	46949920	chip2	56	0.83311	0.02679	27	0.46741	0.03337	3	0.08633	0.00451
 1646326	47008803	chip2	86	0.85113	0.0355	0	NA	NA	0	NA	NA
 1736665	47046698	chip2	2	0.96	0.00707	30	0.46713	0.03837	48	0.0165	0.02358
 1694719	47047245	chip2	9	0.994	0.00825	35	0.46697	0.03132	42	0.02174	0.0183
 1722779	47186149	chip1	11	0.90836	0.05884	34	0.48888	0.06756	29	0.04517	0.0378
 1723011	47186741	chip1	31	0.96448	0.06457	28	0.50329	0.04251	15	0.02633	0.04568
 1724237	47187015	chip1	38	0.93639	0.05463	25	0.4974	0.08004	4	0.0895	0.02373
 1724351	47187524	chip1	6	0.8775	0.03534	40	0.4982	0.05393	37	0.11295	0.03715
 1724483	47187576	chip1	25	0.91788	0.03482	44	0.49014	0.05411	17	0.16894	0.05306
 1750143	47201283	chip2	31	0.94265	0.02384	40	0.5202	0.02464	14	0.1125	0.03155
 1697993	47256280	chip2	7	0.91143	0.07471	36	0.46633	0.05037	43	0.06091	0.01901
 1686702	47270978	chip2	22	0.94432	0.00761	30	0.48687	0.02095	30	0.03417	0.06812
 1650900	47337591	chip2	43	0.86412	0.02605	35	0.50051	0.02305	8	0.15713	0.04331
 1682026	47337756	chip2	49	0.97112	0.03157	33	0.50958	0.02806	2	0.0655	0.05869
 1736787	47456129	chip2	3	0.93667	0.02706	19	0.53832	0.03015	64	0.03375	0.01943
 1662969	47565017	chip1	60	0.92288	0.01869	21	0.47276	0.04769	1	0.011	NA
 1663161	47565552	chip1	8	0.93825	0.01289	33	0.50673	0.06029	41	0.07802	0.04205
 1666469	47574067	chip1	0	NA	NA	0	NA	NA	86	0.01888	0.01431
 1704030	47760593	chip1	66	0.92482	0.03549	16	0.48206	0.06379	2	0.006	0.00849
 1671182	47830403	chip2	5	1	0	40	0.50687	0.0157	41	0.02161	0.01953
 1758612	47830859	chip2	0	NA	NA	0	NA	NA	84	0.16371	0.05206
 1696109	47847801	chip1	83	0.94712	0.02127	0	NA	NA	0	NA	NA
 1697922	47849529	chip1	86	0.9481	0.02903	0	NA	NA	0	NA	NA
 1699920	47854671	chip1	56	0.93337	0.037	28	0.522	0.04139	1	0.091	NA
 1652506	47893894	chip2	73	0.83659	0.02224	0	NA	NA	0	NA	NA
 1679476	47904448	chip2	0	NA	NA	4	0.4215	0.04514	82	0.0413	0.01881
 1681253	47913657	chip1	0	NA	NA	21	0.49219	0.03392	65	0.02449	0.02119
 1686765	47928225	chip1	60	0.97972	0.01581	24	0.51638	0.03496	1	0.16	NA
 1749168	47980260	chip1	65	0.95489	0.03539	18	0.51633	0.04604	2	0.1185	0.02616
 1697991	47996263	chip2	66	0.9112	0.02069	19	0.47821	0.02253	0	NA	NA
 1664084	47999013	chip2	52	0.93925	0.03363	30	0.4801	0.04026	2	0.0095	0.00354
 1684788	47999144	chip2	1	0.95	NA	15	0.45647	0.03227	70	0.01993	0.01989
 1708002	47999394	chip2	52	0.98762	0.01494	32	0.51784	0.04079	1	0.111	NA
 1729162	48069777	chip2	11	0.93755	0.02117	45	0.50891	0.0322	29	0.03024	0.01347
 1722344	48069909	chip2	54	0.92807	0.02731	28	0.5095	0.04064	4	0.09	0.0178
 1659784	48070584	chip2	17	0.93424	0.02516	42	0.49719	0.02909	27	0.05026	0.01264
 1661844	48071459	chip2	84	0.8988	0.02367	2	0.545	0.03111	0	NA	NA
 1693764	48114679	chip1	0	NA	NA	0	NA	NA	86	0.0585	0.02382
 1693890	48114794	chip1	14	0.84493	0.04132	51	0.49412	0.11808	7	0.02414	0.0132
 1695394	48115070	chip1	0	NA	NA	0	NA	NA	86	0.07084	0.04003
 1719133	48118077	chip2	0	NA	NA	8	0.5035	0.02401	78	0.03468	0.01869
 1684852	48118190	chip2	75	0.99131	0.01673	10	0.5314	0.03481	0	NA	NA
 1688737	48313502	chip1	9	0.95956	0.03096	35	0.50466	0.04306	40	0.05288	0.0261
 1690248	48313749	chip1	0	NA	NA	1	0.457	NA	85	0.05407	0.04134
 1690370	48313892	chip1	0	NA	NA	0	NA	NA	86	0.03652	0.02175
 1690702	48314173	chip1	77	0.88171	0.05213	8	0.49188	0.0767	0	NA	NA
 1691981	48314526	chip1	62	0.93224	0.05443	12	0.5275	0.03509	2	0.0245	0.03323
 1692099	48314593	chip1	39	0.93759	0.03099	41	0.51851	0.04275	6	0.13333	0.01891
 1726747	48481817	chip1	41	0.96563	0.02661	36	0.50072	0.04443	4	0.168	0.04507
 1726963	48482509	chip1	5	0.9682	0.02404	37	0.506	0.03176	41	0.04207	0.0174
 1728292	48482917	chip1	21	0.99767	0.00779	45	0.50411	0.03107	19	0.01821	0.01705
 1732096	48538572	chip1	75	0.93744	0.04804	6	0.51433	0.04858	0	NA	NA
 1651039	48667921	chip1	1	0.886	NA	12	0.46808	0.04907	59	0.04224	0.06943
 1651281	48668990	chip1	0	NA	NA	4	0.49775	0.07714	80	0.08821	0.10374
 1704908	48874725	chip1	41	0.94288	0.02925	34	0.50624	0.04989	8	0.05575	0.03769
 1746738	48898863	chip1	71	0.94032	0.08668	5	0.5148	0.07712	1	0.055	NA
 1748348	48899534	chip1	55	0.89785	0.04464	24	0.518	0.09293	0	NA	NA
 1710085	49023156	chip2	9	0.93989	0.02388	41	0.49339	0.03375	36	0.06192	0.02403
