Probe_set	Phy_position	Chiptype	num_AA	mean_AA	std_AA	num_AB	mean_AB	std_AB	num_BB	mean_BB	std_BB
 1691210	  341341	chip2	10	0.8837	0.04066	17	0.46488	0.06235	30	0.10053	0.06925
 1657667	 1888178	chip1	59	0.86997	0.03623	25	0.49836	0.04854	2	0.0655	0.06293
 1715362	 2071154	chip1	0	NA	NA	1	0.448	NA	80	0.18113	0.05792
 1705593	 2190966	chip2	0	NA	NA	15	0.4618	0.02994	71	0.02403	0.01697
 1701380	 2705548	chip1	10	0.9556	0.02263	36	0.49794	0.06616	28	0.14346	0.03326
 1702852	 2705840	chip1	86	0.98302	0.01696	0	NA	NA	0	NA	NA
 1721414	 3540074	chip1	1	0.875	NA	14	0.46307	0.0439	71	0.00963	0.01325
 1676844	 4091563	chip2	46	0.89324	0.02305	23	0.56809	0.07446	0	NA	NA
 1757880	 4092209	chip2	0	NA	NA	20	0.51315	0.02136	66	0.07055	0.02865
 1720032	 4367411	chip1	34	0.9695	0.04494	37	0.49181	0.0797	8	0.09125	0.03415
 1727605	 4990135	chip2	0	NA	NA	0	NA	NA	86	0.05793	0.0274
 1690484	 5186958	chip1	85	0.92027	0.04171	0	NA	NA	0	NA	NA
 1690608	 5187166	chip1	62	0.96516	0.03729	18	0.49428	0.05151	3	0.042	0.04015
 1697936	 5259347	chip1	0	NA	NA	11	0.48427	0.02496	74	0.01788	0.00973
 1758880	 5374643	chip2	7	0.97871	0.01447	38	0.44179	0.03487	41	0.04912	0.01879
 1725387	 5560257	chip1	70	0.96451	0.04558	13	0.50369	0.03194	0	NA	NA
 1727534	 5576802	chip1	59	0.87134	0.04286	23	0.48865	0.03273	4	0.0675	0.02537
 1652775	 5622821	chip1	76	0.93116	0.04821	7	0.49186	0.04382	1	0.13	NA
 1752051	 5913530	chip2	9	0.81578	0.03247	33	0.52109	0.02804	42	0.11807	0.02194
 1727040	 6010840	chip2	0	NA	NA	0	NA	NA	86	0.0444	0.02345
 1662532	 6109492	chip2	75	0.92247	0.02413	11	0.50491	0.02234	0	NA	NA
 1749438	 6189414	chip1	3	0.96333	0.01429	22	0.49718	0.03949	61	0.03989	0.02506
 1745101	 6503386	chip2	86	0.95755	0.02713	0	NA	NA	0	NA	NA
 1679968	 6633953	chip2	11	0.99645	0.01111	39	0.51003	0.02442	36	0.05172	0.0269
 1676578	 6635197	chip2	1	0.873	NA	19	0.51221	0.02898	65	0.00785	0.01645
 1712387	 6636304	chip2	8	0.94412	0.01612	43	0.52481	0.02176	35	0.04957	0.02604
 1723549	 6693864	chip1	66	0.89203	0.04044	17	0.48641	0.0333	2	0.0615	0.03465
 1729226	 6779040	chip2	36	0.92461	0.03502	5	0.423	0.01543	12	0.085	0.09495
 1647978	 6859557	chip2	22	0.993	0.01054	22	0.52923	0.02586	27	0.05444	0.01815
 1642547	 6909134	chip2	1	1	NA	16	0.41263	0.07226	69	0.0482	0.04414
 1653105	 6912182	chip1	60	0.90292	0.02473	20	0.48765	0.03052	0	NA	NA
 1692021	 7133963	chip1	69	0.93562	0.02513	15	0.49967	0.04271	2	0.119	0.01556
 1743419	 7403288	chip2	40	0.91825	0.02266	33	0.49912	0.02851	10	0.0404	0.00682
 1695988	 7687435	chip1	52	0.9486	0.02944	23	0.50387	0.03615	8	0.05825	0.02738
 1719545	 8214446	chip2	1	0.928	NA	21	0.52514	0.08357	61	0.04416	0.04155
 1687507	 8782486	chip1	3	0.89067	0.02635	41	0.51349	0.13886	39	0.09308	0.03379
 1753028	 9240628	chip1	75	0.90744	0.03874	6	0.4975	0.02947	0	NA	NA
 1644359	 9335633	chip1	82	0.94787	0.0235	2	0.569	0.03394	0	NA	NA
 1683967	 9349461	chip1	13	0.90931	0.07575	41	0.49141	0.0495	24	0.03142	0.04127
 1689656	 9369228	chip1	14	0.93786	0.05926	39	0.51469	0.05482	27	0.11963	0.06963
 1742917	 9464695	chip2	0	NA	NA	4	0.4575	0.03599	77	0.06695	0.05876
 1678216	 9464751	chip2	79	0.9293	0.02588	5	0.5114	0.02136	0	NA	NA
 1741797	 9660655	chip2	0	NA	NA	5	0.4736	0.02866	81	0.03884	0.03469
 1643383	 9661290	chip2	86	0.96514	0.01734	0	NA	NA	0	NA	NA
 1750892	 9666692	chip1	81	0.98473	0.0137	5	0.4992	0.01055	0	NA	NA
 1669127	11088554	chip2	0	NA	NA	1	0.604	NA	85	0.04632	0.02157
 1744043	11088602	chip2	58	0.92966	0.05194	27	0.49437	0.11185	1	0.039	NA
 1684761	11295505	chip1	64	0.90964	0.03982	20	0.5069	0.04543	1	0.155	NA
 1679808	11658252	chip2	0	NA	NA	7	0.416	0.04128	77	0.10561	0.04349
 1730831	11658308	chip2	78	0.98208	0.01654	8	0.52925	0.04843	0	NA	NA
 1731584	11730080	chip1	86	0.98195	0.03273	0	NA	NA	0	NA	NA
 1662079	11769397	chip1	28	0.94046	0.02711	43	0.5014	0.03437	12	0.04525	0.03982
 1733247	12158369	chip1	5	0.9736	0.01504	22	0.44395	0.02656	46	0.03711	0.02678
 1743078	12322072	chip1	0	NA	NA	0	NA	NA	86	0.10145	0.04101
 1716183	13425865	chip2	18	0.87633	0.02135	41	0.49305	0.02333	8	0.15525	0.01017
 1655367	13445855	chip2	16	0.97256	0.07952	32	0.53069	0.05351	25	0.04448	0.03478
 1671617	14490150	chip1	72	0.97258	0.02861	12	0.51267	0.05631	0	NA	NA
 1673235	14510264	chip1	85	0.96342	0.03439	1	0.513	NA	0	NA	NA
 1738114	14603924	chip2	85	0.92018	0.01473	1	0.537	NA	0	NA	NA
 1648830	14604003	chip2	22	0.97014	0.01885	38	0.47832	0.02974	26	0.06881	0.02907
 1664712	14604245	chip2	5	0.907	0.03469	12	0.52792	0.03467	59	0.04263	0.04234
 1704341	14801001	chip2	19	0.94779	0.02554	39	0.47546	0.02088	26	0.01688	0.01116
 1695541	14886268	chip2	7	0.93586	0.05207	39	0.50141	0.06214	35	0.07994	0.04184
 1652199	14900519	chip1	14	0.97807	0.06261	17	0.55524	0.07513	20	0.0906	0.04865
 1652323	14900616	chip1	12	0.90758	0.0309	38	0.49713	0.04511	36	0.07478	0.01627
 1683610	15020981	chip2	62	0.9509	0.01788	23	0.47622	0.02495	1	0.038	NA
 1679762	15035585	chip2	83	0.91827	0.02256	3	0.48967	0.00666	0	NA	NA
 1656048	15579349	chip1	2	0.919	0.01556	28	0.50707	0.03181	54	0.09369	0.02763
 1666083	15604035	chip1	27	0.86693	0.04339	30	0.47793	0.0706	6	0.16933	0.06428
 1750747	15627419	chip2	41	0.91939	0.03428	34	0.56515	0.04678	9	0.15322	0.04412
 1718899	15627470	chip2	2	0.977	0.03253	19	0.56268	0.04261	62	0.10613	0.04993
 1690537	15685071	chip2	14	0.95971	0.01976	43	0.49591	0.05705	28	0.05636	0.03154
 1655162	15712143	chip1	0	NA	NA	2	0.622	0.14001	82	0.08848	0.04398
 1655272	15712229	chip1	0	NA	NA	2	0.4715	0.01061	83	0.03463	0.02716
 1655388	15712261	chip1	9	0.997	0.00762	34	0.50868	0.044	34	0.05515	0.02453
 1738142	15720629	chip2	3	0.90167	0.01955	29	0.51159	0.01572	54	0.10041	0.02255
 1706177	15720712	chip2	54	0.93931	0.0319	29	0.53821	0.03125	3	0.095	0.01039
 1707107	15771308	chip2	1	1	NA	22	0.55759	0.05266	48	0.0836	0.02511
 1680722	15858564	chip2	11	0.92564	0.03611	45	0.48011	0.0293	30	0.03157	0.01892
 1743997	15883000	chip2	26	0.84077	0.01926	38	0.50013	0.01684	5	0.1008	0.01946
 1738306	15912902	chip2	73	0.91433	0.01893	11	0.493	0.02069	1	0.125	NA
 1751538	15919348	chip1	74	0.93268	0.03538	11	0.51127	0.04417	1	0.094	NA
 1751724	15919803	chip1	1	0.966	NA	11	0.48155	0.02921	74	0.01978	0.01755
 1691657	16012223	chip1	9	0.89122	0.15802	26	0.49592	0.05924	44	0.06084	0.02494
 1652402	16194998	chip2	1	0.881	NA	22	0.48009	0.03613	62	0.14	0.04091
 1666632	16213403	chip2	14	0.92421	0.02759	39	0.50738	0.01585	32	0.11247	0.01633
 1706811	16317260	chip2	16	0.86519	0.03043	40	0.4585	0.05412	15	0.00573	0.0075
 1723600	16332871	chip2	34	0.93921	0.01914	32	0.49675	0.01803	16	0.12131	0.03254
 1723935	16371279	chip1	46	0.85528	0.043	36	0.49892	0.02815	4	0.12725	0.04153
 1730892	16436298	chip1	86	0.95884	0.03247	0	NA	NA	0	NA	NA
 1670724	16452464	chip2	14	0.9275	0.02857	29	0.49266	0.02841	41	0.049	0.01577
 1737347	16473011	chip2	55	0.96493	0.03972	25	0.45312	0.08131	4	0.10875	0.00995
 1666484	16489850	chip2	62	0.95224	0.0649	20	0.51255	0.02581	3	0.029	0.00608
 1674108	16560813	chip2	28	0.88293	0.02893	34	0.50706	0.04953	24	0.01967	0.02206
 1685754	16561051	chip2	7	0.92043	0.03021	38	0.52692	0.05857	33	0.12109	0.03905
 1720055	17528970	chip2	17	0.95653	0.02843	14	0.54314	0.03727	20	0.03785	0.04356
 1666594	17725452	chip2	57	0.98825	0.01867	26	0.51708	0.02359	3	0.04133	0.01429
 1719780	18643377	chip1	35	0.89986	0.04925	41	0.50417	0.04349	7	0.14529	0.05493
 1752909	19380568	chip2	0	NA	NA	0	NA	NA	86	0.02031	0.01509
 1683302	19428248	chip2	7	0.92286	0.01496	36	0.51111	0.02348	43	0.10558	0.01763
 1748399	19584215	chip2	1	0.917	NA	5	0.4404	0.01967	71	0.02415	0.07316
 1645327	19682367	chip1	37	0.92551	0.05342	20	0.4972	0.05408	7	0.121	0.1092
 1685813	19987398	chip1	3	0.96467	0.04574	25	0.50684	0.0616	56	0.08046	0.04964
 1663486	20070589	chip2	85	0.92788	0.03265	1	0.549	NA	0	NA	NA
 1669441	20152263	chip2	24	0.91858	0.01956	39	0.50718	0.01828	23	0.09413	0.02542
 1647219	20195097	chip1	22	0.85132	0.03155	63	0.48657	0.10741	0	NA	NA
 1652213	20282246	chip1	0	NA	NA	0	NA	NA	85	0.02422	0.0316
 1670177	20287003	chip2	24	0.89758	0.04273	38	0.49829	0.02246	24	0.13658	0.02497
 1679882	20533429	chip2	14	0.88986	0.03029	43	0.48628	0.02181	29	0.11221	0.03384
 1667910	20582566	chip2	53	0.8784	0.0318	27	0.50874	0.04352	5	0.0574	0.0141
 1646257	20592745	chip1	59	0.9399	0.04014	22	0.49486	0.0468	5	0.097	0.05199
 1743656	20748902	chip1	52	0.98119	0.02312	27	0.4997	0.02994	4	0.14775	0.01636
 1720147	20914290	chip2	0	NA	NA	0	NA	NA	86	0.04449	0.03722
 1734397	20949730	chip1	15	0.903	0.03343	38	0.49368	0.048	31	0.07703	0.03802
 1734517	20949974	chip1	30	0.955	0.0428	39	0.50364	0.02662	17	0.04906	0.01145
 1658576	20961394	chip2	86	0.98837	0.01329	0	NA	NA	0	NA	NA
 1682030	21223021	chip2	5	0.8798	0.05524	23	0.49552	0.06169	51	0.01584	0.02332
 1722870	21497820	chip2	0	NA	NA	9	0.47533	0.02232	77	0.08787	0.01831
 1754959	21633219	chip1	0	NA	NA	1	0.451	NA	85	0.03882	0.05051
 1683288	21847999	chip2	52	0.99819	0.0038	30	0.51783	0.04502	3	0.03167	0.01955
 1690626	21948425	chip1	0	NA	NA	34	0.50171	0.08026	50	0.15964	0.0553
 1694457	21977650	chip2	41	0.80715	0.04419	43	0.522	0.07463	0	NA	NA
 1698915	22007281	chip2	42	0.97848	0.02144	39	0.52256	0.03014	5	0.128	0.05094
 1727611	22007807	chip2	3	0.816	0.014	33	0.4823	0.05836	48	0.12446	0.04285
 1745803	22044663	chip1	0	NA	NA	10	0.4979	0.10691	75	0.04156	0.03971
 1668563	22064583	chip1	37	0.95541	0.02153	36	0.50531	0.0626	12	0.13842	0.04988
 1693577	22097926	chip2	84	0.9313	0.01546	0	NA	NA	0	NA	NA
 1645838	22111849	chip2	27	0.84607	0.03973	31	0.52903	0.06292	9	0.17144	0.06806
 1710822	22119329	chip2	0	NA	NA	64	0.52169	0.12754	9	0.08378	0.01793
 1725705	22427388	chip1	28	0.87507	0.04743	41	0.4979	0.04269	12	0.17125	0.03826
 1730632	22461475	chip1	4	0.9015	0.02699	23	0.47613	0.05212	58	0.02309	0.01911
 1705547	22475916	chip2	84	0.9696	0.01493	2	0.506	0.03394	0	NA	NA
 1742998	22477588	chip1	19	0.91668	0.0282	41	0.51324	0.04273	23	0.09357	0.05018
 1754532	22527304	chip2	0	NA	NA	3	0.547	0.00656	83	0.04669	0.02422
 1696188	22528358	chip2	0	NA	NA	0	NA	NA	86	0.02634	0.02603
 1646022	22533197	chip2	62	0.95515	0.02079	22	0.51268	0.02433	2	0.038	0.00141
 1758114	22533355	chip2	62	0.95165	0.0187	21	0.46381	0.04564	2	0.034	0.01697
 1709199	22533515	chip2	2	0.872	0.16829	21	0.45586	0.04511	57	0.04951	0.03269
 1758713	22534304	chip2	63	0.9337	0.04671	16	0.4785	0.03688	2	0.1055	0.04172
 1744005	22534698	chip2	62	0.9176	0.0377	18	0.48717	0.03582	2	0.166	0.05515
 1681005	22541300	chip1	84	0.95881	0.02198	0	NA	NA	0	NA	NA
 1681117	22541318	chip1	81	0.96968	0.02601	5	0.4938	0.04915	0	NA	NA
 1686185	22565844	chip1	0	NA	NA	10	0.501	0.05842	64	0.02684	0.03418
 1687841	22570023	chip1	63	0.95668	0.03095	16	0.51031	0.02772	4	0.02075	0.01559
 1689806	22575060	chip1	1	0.762	NA	8	0.48825	0.02449	74	0.10547	0.0345
 1673381	22665207	chip1	0	NA	NA	0	NA	NA	85	0.08815	0.02721
 1734373	22799189	chip1	8	0.95175	0.034	21	0.49514	0.03027	54	0.05119	0.03083
 1734549	22799478	chip1	29	0.94659	0.0277	45	0.48484	0.04896	11	0.00191	0.00388
 1734707	22799865	chip1	16	0.86475	0.05682	55	0.53755	0.09598	2	0.1965	0.00354
 1734823	22799942	chip1	1	0.992	NA	26	0.51231	0.02511	59	0.03151	0.01268
 1741274	22881156	chip1	0	NA	NA	5	0.4738	0.03075	75	0.18939	0.03755
 1741386	22881436	chip1	43	0.94644	0.0474	23	0.49057	0.05589	5	0.0092	0.01647
 1742984	22887073	chip1	1	0.906	NA	25	0.5082	0.04408	60	0.15408	0.04626
 1743176	22888187	chip1	33	0.9117	0.0193	37	0.49778	0.0356	6	0.16817	0.039
 1679813	22945590	chip1	34	0.86435	0.06328	22	0.46491	0.0582	6	0.1605	0.0495
 1646064	22968111	chip2	75	0.86528	0.04406	10	0.5394	0.05105	0	NA	NA
 1726039	23278621	chip1	10	0.9177	0.03602	39	0.47846	0.04593	35	0.02989	0.02473
 1726193	23279090	chip1	4	0.954	0.03976	28	0.49604	0.03715	53	0.11042	0.04234
 1734538	23286841	chip2	39	0.93031	0.02004	39	0.48564	0.04143	8	0.04725	0.02145
 1653513	23303058	chip1	44	0.94918	0.0814	10	0.4948	0.12031	2	0.105	0.02828
 1655566	23308886	chip1	41	0.89722	0.11345	9	0.483	0.11793	4	0.10625	0.01769
 1662145	23354569	chip1	11	0.90273	0.10471	35	0.50006	0.08742	39	0.04726	0.02786
 1729902	23432635	chip2	9	0.79411	0.14845	28	0.46296	0.09878	37	0.06859	0.04099
 1682581	23715789	chip1	0	NA	NA	5	0.472	0.02453	81	0.05795	0.01801
 1648482	23837692	chip2	0	NA	NA	16	0.47994	0.03183	70	0.08844	0.03799
 1736537	23839200	chip2	3	0.842	0.02862	31	0.5	0.03043	52	0.14929	0.04474
 1731512	23846921	chip1	56	0.98586	0.01161	17	0.49494	0.03921	5	0.108	0.12252
 1653046	23871401	chip2	0	NA	NA	14	0.528	0.04096	70	0.00109	0.00794
 1667839	23966918	chip1	86	0.96203	0.02629	0	NA	NA	0	NA	NA
 1723130	24132342	chip2	1	0.977	NA	41	0.52605	0.02758	44	0.09805	0.02267
 1722447	24137864	chip1	0	NA	NA	26	0.50135	0.04195	60	0.08655	0.04236
 1723783	24138372	chip1	1	0.989	NA	43	0.52267	0.09822	22	0.13695	0.05497
 1725681	24148100	chip1	0	NA	NA	0	NA	NA	86	0.1622	0.06299
 1725781	24148147	chip1	1	0.948	NA	42	0.52386	0.04468	37	0.06892	0.03005
 1671448	24164001	chip2	0	NA	NA	2	0.439	0.01273	84	0.06738	0.02129
 1744595	24164050	chip2	1	0.918	NA	13	0.49062	0.06018	72	0.03604	0.02276
 1654926	24194887	chip1	0	NA	NA	0	NA	NA	86	0.01034	0.0188
 1719368	32615675	chip1	0	NA	NA	0	NA	NA	86	0.09491	0.0341
 1723541	32693527	chip1	80	0.9347	0.03328	4	0.5345	0.02049	0	NA	NA
 1646861	32715604	chip1	83	0.98729	0.01762	2	0.538	0.08202	0	NA	NA
 1650583	32787652	chip1	0	NA	NA	5	0.4862	0.04201	81	0.00349	0.00809
 1709633	32842516	chip2	0	NA	NA	5	0.3518	0.06036	81	0.04183	0.04258
 1716644	33008112	chip1	0	NA	NA	1	0.524	NA	85	0.0254	0.03343
 1738189	33056517	chip1	83	0.97582	0.01881	3	0.538	0.02946	0	NA	NA
 1738307	33056542	chip1	0	NA	NA	2	0.487	0.00283	71	0.09906	0.02198
 1719977	33079622	chip2	0	NA	NA	3	0.48467	0.01222	83	0.09896	0.02069
 1744205	33080969	chip2	82	0.78898	0.02699	1	0.5	NA	0	NA	NA
 1669238	33102850	chip1	81	0.95541	0.03343	2	0.4295	0.06859	0	NA	NA
 1669470	33103335	chip1	0	NA	NA	1	0.549	NA	82	0.14254	0.07239
 1670679	33103370	chip1	86	0.82091	0.03636	0	NA	NA	0	NA	NA
 1670791	33103464	chip1	16	0.9615	0.04814	28	0.43446	0.0578	27	0.07793	0.06188
 1670987	33104223	chip1	1	0.801	NA	22	0.49714	0.0507	62	0.05724	0.04082
 1716507	33125194	chip2	81	0.9181	0.02026	5	0.4818	0.02594	0	NA	NA
 1684300	33155427	chip2	0	NA	NA	32	0.49247	0.04456	52	0.19492	0.02369
 1752089	33171310	chip2	0	NA	NA	15	0.47787	0.04152	67	0.00973	0.01445
 1716263	33171613	chip2	70	0.89813	0.02613	4	0.3915	0.03818	1	0.294	NA
 1754186	33176984	chip2	19	0.99616	0.00948	48	0.51973	0.03071	19	0.03179	0.01361
 1659194	33183715	chip2	4	0.98425	0.01841	27	0.52585	0.03529	53	0.0823	0.04107
 1677662	33183796	chip2	58	0.93728	0.02468	24	0.49533	0.03185	3	0.15833	0.02665
 1647794	33184440	chip2	53	0.98181	0.01411	29	0.48555	0.02573	4	0.1305	0.02721
 1714048	33195577	chip2	0	NA	NA	24	0.43725	0.12518	54	0.0205	0.02071
 1701071	33195886	chip2	48	0.89475	0.03795	21	0.48514	0.04516	4	0.06	0.02082
 1687862	33209953	chip2	20	0.84775	0.02411	35	0.48434	0.02307	31	0.04829	0.01725
 1659715	33222516	chip1	17	0.937	0.05147	26	0.49096	0.12323	39	0.02887	0.05107
 1756551	33306533	chip2	76	0.98521	0.01334	10	0.4924	0.02959	0	NA	NA
 1728885	33307040	chip2	3	0.99033	0.01002	21	0.46671	0.05759	60	0.04708	0.03242
 1673589	33308700	chip1	3	0.916	0.0347	22	0.50564	0.05498	60	0.06477	0.03127
 1727884	33355863	chip1	63	0.84206	0.04148	18	0.49067	0.03001	3	0.138	0.03651
 1730065	33368561	chip1	1	1	NA	6	0.47683	0.03569	76	0.03599	0.024
 1712335	33393607	chip2	2	0.904	0	22	0.49436	0.02056	62	0.10358	0.01853
 1711357	33484543	chip1	0	NA	NA	5	0.4876	0.04863	72	0.00029	0.00179
 1711475	33484736	chip1	0	NA	NA	6	0.50317	0.02837	79	0.07653	0.01863
 1712846	33484875	chip1	0	NA	NA	12	0.48233	0.04356	72	0.16257	0.02958
 1646418	33488516	chip2	0	NA	NA	18	0.49561	0.03653	68	0.07054	0.02675
 1651003	33528626	chip1	49	0.96569	0.01428	30	0.4968	0.0344	7	0.08914	0.01403
 1651193	33528682	chip1	7	0.99286	0.00612	22	0.47464	0.03182	46	0.01652	0.02111
 1707180	33633026	chip1	1	0.86	NA	14	0.46821	0.06317	71	0.08894	0.02526
 1712226	33651905	chip1	18	0.99756	0.00358	40	0.48545	0.05196	27	0.09226	0.05559
 1648579	33743206	chip1	78	0.96942	0.03392	7	0.50929	0.10627	0	NA	NA
 1649035	33759714	chip1	0	NA	NA	4	0.497	0.05897	82	0.02462	0.01431
 1650774	33775624	chip2	41	0.93129	0.01397	41	0.53046	0.02166	4	0.06325	0.01576
 1664775	33783434	chip1	4	0.884	0.12627	28	0.48896	0.0872	45	0.03707	0.05379
 1758362	33798612	chip2	19	0.89905	0.02502	27	0.44137	0.03485	24	0.0475	0.07172
 1673671	33888946	chip1	27	0.92641	0.06428	38	0.50371	0.05225	15	0.081	0.03813
 1726037	33969048	chip1	2	0.8745	0.00636	39	0.49305	0.02631	42	0.03845	0.02238
 1663769	34012094	chip1	7	0.87357	0.1023	21	0.55257	0.10116	38	0.12037	0.09722
 1667089	34016706	chip1	8	0.9825	0.01652	36	0.48069	0.05257	41	0.00666	0.00946
 1667237	34017196	chip1	41	0.92727	0.02475	36	0.48925	0.0421	8	0.08238	0.03343
 1667405	34017296	chip1	41	0.97559	0.02829	37	0.49332	0.06714	8	0.0785	0.04162
 1669064	34017730	chip1	0	NA	NA	0	NA	NA	86	0.12	0.04327
 1706650	34173851	chip1	21	0.96724	0.05785	14	0.44857	0.06075	19	0.04395	0.08949
 1706774	34174837	chip1	18	0.93139	0.0362	44	0.49734	0.04422	23	0.0783	0.0248
 1721273	34206067	chip2	5	0.9428	0.01432	31	0.51706	0.02824	50	0.13592	0.03315
 1682138	34217148	chip2	6	0.8925	0.01272	32	0.49056	0.0202	48	0.05992	0.0215
 1717562	34248812	chip1	86	0.94509	0.03012	0	NA	NA	0	NA	NA
 1646531	34279309	chip1	4	0.80825	0.23066	26	0.51296	0.0871	53	0.03725	0.02583
 1695074	34368614	chip1	7	0.88014	0.01951	33	0.49773	0.05237	41	0.06439	0.03185
 1713189	34389747	chip2	19	0.97668	0.02187	43	0.50163	0.02631	22	0.1145	0.01679
 1734270	34397623	chip2	7	0.95543	0.02101	33	0.47706	0.05189	45	0.03882	0.01807
 1705878	34447521	chip1	6	0.85567	0.02169	37	0.49992	0.03015	42	0.07207	0.02654
 1736617	34454402	chip2	26	0.98312	0.00908	40	0.46955	0.02386	20	0.03305	0.01685
 1711479	34472361	chip1	5	0.8848	0.05569	26	0.48573	0.0372	55	0.07702	0.03567
 1646027	34510514	chip1	0	NA	NA	2	0.555	0.03253	84	0.07238	0.0316
 1689285	34517054	chip1	20	0.9102	0.02431	34	0.48882	0.04078	26	0.04119	0.05328
 1691051	34521820	chip1	25	0.91176	0.03809	40	0.4804	0.04737	18	0.06139	0.02433
 1730149	34649821	chip1	14	0.94207	0.01826	39	0.48269	0.03713	33	0.09673	0.03655
 1733642	34722418	chip2	21	0.78176	0.07518	22	0.49655	0.02817	21	0.06362	0.03674
 1666167	34758901	chip1	19	0.946	0.02903	39	0.498	0.03826	20	0.05415	0.0247
 1710644	34760332	chip2	5	0.9564	0.02294	32	0.501	0.04956	49	0.00547	0.01207
 1720611	34760733	chip2	5	0.8822	0.06456	24	0.44237	0.03464	49	0.10873	0.03962
 1734624	34776985	chip2	3	0.994	0.00794	17	0.49453	0.03634	66	0.01417	0.01497
 1710006	34786426	chip1	66	0.90205	0.02405	18	0.474	0.03242	2	0.0875	0.00071
 1711669	34792159	chip1	2	0.8565	0.05445	17	0.52153	0.03171	66	0.12412	0.03935
 1656846	34996323	chip1	73	0.90251	0.06452	10	0.4694	0.11907	0	NA	NA
 1657042	34997289	chip1	70	0.91269	0.04147	12	0.49942	0.0252	4	0.028	0.01647
 1672930	35017172	chip2	0	NA	NA	8	0.44688	0.03078	77	0.07591	0.03472
 1753267	35020426	chip2	0	NA	NA	0	NA	NA	86	0.07201	0.02542
 1705085	35187375	chip2	59	0.92403	0.03226	24	0.52079	0.02888	1	0.066	NA
 1689525	35264596	chip1	61	0.92533	0.0442	24	0.489	0.04942	1	0.181	NA
 1745092	35362278	chip1	17	0.94553	0.03804	49	0.49784	0.0401	20	0.0815	0.036
 1745197	35362367	chip1	22	0.93873	0.09346	32	0.51316	0.0483	16	0.05112	0.02881
 1675122	35547491	chip1	13	0.95777	0.03363	41	0.50685	0.0409	32	0.02738	0.02119
 1713229	35572679	chip2	0	NA	NA	1	0.42	NA	85	0.17807	0.02835
 1707325	35574375	chip2	4	0.98775	0.02384	38	0.49674	0.05371	38	0.05126	0.03985
 1723540	35631283	chip2	55	0.93853	0.01678	29	0.53893	0.07252	2	0.0605	0.05869
 1706951	35635517	chip2	6	0.84767	0.01395	37	0.49681	0.01649	38	0.13389	0.04681
 1724171	35643934	chip1	32	0.82022	0.0605	34	0.51229	0.0573	4	0.173	0.02998
 1654974	35720506	chip1	0	NA	NA	1	0.518	NA	85	0.09432	0.02311
 1661627	35764844	chip1	86	0.92205	0.03373	0	NA	NA	0	NA	NA
 1644402	35770059	chip2	21	0.94743	0.02118	48	0.52448	0.01776	17	0.07282	0.01289
 1669813	35786303	chip2	15	0.96327	0.01386	23	0.45374	0.03308	30	0.03017	0.07032
 1645166	35791730	chip2	40	0.90753	0.02694	36	0.47281	0.01651	10	0.0528	0.01602
 1736347	35806921	chip2	85	0.95391	0.03176	0	NA	NA	0	NA	NA
 1645604	35829476	chip2	85	0.93729	0.02272	1	0.466	NA	0	NA	NA
 1710674	35860761	chip1	85	0.88546	0.04028	0	NA	NA	0	NA	NA
 1666276	35934942	chip2	9	0.922	0.06168	33	0.47736	0.05718	39	0.05718	0.02148
 1724294	35971424	chip2	5	0.8414	0.01184	34	0.518	0.03416	47	0.08266	0.02829
 1645537	35975494	chip1	76	0.93826	0.03741	7	0.53771	0.04341	0	NA	NA
 1649129	35987921	chip1	64	0.99028	0.01605	12	0.52025	0.05508	2	0.0895	0.06293
 1681886	36006096	chip2	29	0.98483	0.0185	43	0.47219	0.03244	12	0.01475	0.01734
 1661291	36033107	chip1	84	0.91893	0.04183	1	0.447	NA	0	NA	NA
 1713167	36038375	chip2	0	NA	NA	0	NA	NA	85	0.05235	0.02775
 1723446	36049649	chip2	26	0.93546	0.01643	41	0.50873	0.01579	19	0.07753	0.0226
 1721229	36084212	chip2	10	1	0	37	0.51468	0.03168	38	0.00542	0.00675
 1749333	36108820	chip2	4	0.8765	0.04249	39	0.51233	0.0447	43	0.17165	0.03925
 1755449	36115461	chip1	0	NA	NA	9	0.50578	0.03957	76	0.07953	0.03796
 1757080	36116745	chip1	83	0.98837	0.03842	2	0.387	0.01273	0	NA	NA
 1670069	36135557	chip2	0	NA	NA	15	0.52867	0.03646	62	0.1496	0.03196
 1677300	36135775	chip2	12	0.91817	0.03074	31	0.54994	0.02364	25	0.08028	0.01767
 1647836	36136327	chip2	0	NA	NA	11	0.408	0.08219	70	0.03471	0.03699
 1648171	36147895	chip1	83	0.851	0.04548	1	0.689	NA	0	NA	NA
 1649799	36153717	chip1	0	NA	NA	0	NA	NA	86	0.02173	0.01733
 1650844	36190080	chip2	70	0.97547	0.0213	14	0.49671	0.02881	0	NA	NA
 1644786	36190262	chip2	86	0.93341	0.02123	0	NA	NA	0	NA	NA
 1669271	36191414	chip2	6	0.89483	0.0318	39	0.47282	0.02471	41	0.02954	0.0148
 1675752	36191860	chip2	70	0.95083	0.02408	15	0.54047	0.03268	0	NA	NA
 1749599	36191902	chip2	64	0.86577	0.03072	14	0.50893	0.02012	0	NA	NA
 1718343	36192013	chip2	70	0.94451	0.02844	16	0.53338	0.0496	0	NA	NA
 1705616	36224737	chip1	0	NA	NA	0	NA	NA	72	0.18179	0.04268
 1705774	36225076	chip1	0	NA	NA	0	NA	NA	85	0.01232	0.02087
 1707418	36238044	chip1	86	0.91414	0.02428	0	NA	NA	0	NA	NA
 1689134	36260518	chip2	0	NA	NA	2	0.537	0.0396	84	0.09189	0.01944
 1757903	36290110	chip2	70	0.95366	0.02587	15	0.52933	0.02635	1	0.026	NA
 1754427	36331169	chip1	0	NA	NA	3	0.28133	0.03556	25	0.13992	0.03101
 1667748	36346051	chip2	29	0.9279	0.01445	46	0.50904	0.02742	10	0.1364	0.04075
 1669331	36346084	chip2	86	0.95833	0.01347	0	NA	NA	0	NA	NA
 1643911	36360499	chip1	16	0.96519	0.01897	44	0.5163	0.03354	24	0.04733	0.01515
 1740951	36380994	chip2	24	0.95838	0.02628	44	0.53243	0.03297	18	0.0495	0.00967
 1674969	36390027	chip2	13	0.92231	0.02232	44	0.48902	0.03941	18	0.03483	0.0188
 1725426	36390581	chip2	18	0.96156	0.01754	44	0.50427	0.02949	24	0.07667	0.05664
 1652488	36390923	chip2	18	0.99244	0.0087	44	0.50061	0.0273	24	0.00267	0.00447
 1696069	36450657	chip1	49	0.93422	0.02579	31	0.49261	0.02815	5	0.0356	0.02734
 1715787	36582090	chip2	18	0.98733	0.01642	41	0.51678	0.02336	27	0.02633	0.02571
 1716133	36583357	chip2	18	0.77028	0.03945	41	0.49968	0.0279	27	0.06737	0.03734
 1662399	36613458	chip1	26	0.93496	0.03981	35	0.48509	0.04951	16	0.15912	0.06774
 1667456	36624442	chip2	18	0.86789	0.03286	36	0.44819	0.03862	18	0.13106	0.04923
 1693843	36625384	chip2	2	0.9685	0.00495	14	0.52571	0.0401	70	0.07094	0.03003
 1696852	36695508	chip2	2	0.9115	0.01061	25	0.48496	0.02793	59	0.03481	0.01863
 1709620	36709360	chip1	1	0.914	NA	25	0.459	0.07461	60	0.01528	0.02401
 1716480	36743798	chip1	0	NA	NA	7	0.51414	0.04793	76	0.09762	0.03951
 1654749	36827891	chip2	1	0.967	NA	7	0.50343	0.03745	78	0.02031	0.01227
 1647685	36833385	chip1	82	0.85828	0.04301	4	0.54425	0.03341	0	NA	NA
 1649409	36843395	chip1	0	NA	NA	0	NA	NA	86	0.12664	0.02974
 1650260	36875193	chip2	79	0.99022	0.01234	7	0.50457	0.01585	0	NA	NA
 1657808	36884987	chip2	0	NA	NA	27	0.48559	0.02083	59	0.12829	0.02825
 1680496	36885229	chip2	0	NA	NA	26	0.50558	0.0287	59	0.00829	0.01266
 1745774	37046158	chip2	0	NA	NA	17	0.54547	0.03738	68	0.09128	0.03039
 1666054	37053271	chip2	69	0.97143	0.02272	17	0.49794	0.04929	0	NA	NA
 1743671	37055692	chip2	0	NA	NA	15	0.49687	0.02276	69	0.03857	0.02387
 1706549	37055986	chip2	69	0.96855	0.01516	17	0.51153	0.0125	0	NA	NA
 1699072	37092172	chip1	0	NA	NA	0	NA	NA	86	0.05127	0.02641
 1704132	37141681	chip1	24	0.94883	0.05279	36	0.50006	0.03303	20	0.0187	0.01693
 1747578	37173609	chip1	25	0.98188	0.01218	38	0.49326	0.03426	21	0.09524	0.03516
 1684125	37262938	chip1	83	0.92994	0.02815	3	0.50633	0.01986	0	NA	NA
 1691429	37292190	chip1	19	0.86326	0.04078	31	0.49052	0.02712	36	0.06736	0.0261
 1692939	37293713	chip1	72	0.94419	0.02991	11	0.51382	0.05634	2	0.1105	0.00071
 1741556	37363846	chip1	11	0.94455	0.01587	34	0.48859	0.04992	34	0.13962	0.03326
 1741728	37364534	chip1	25	0.86644	0.05783	40	0.4907	0.07699	14	0.0905	0.05273
 1655870	37542986	chip1	51	0.96871	0.06794	14	0.49729	0.11578	6	0.09033	0.1033
 1743303	37556405	chip2	53	0.9347	0.02621	27	0.51848	0.0293	4	0.1125	0.03612
 1657787	37561483	chip1	27	0.95248	0.02524	33	0.4943	0.04637	20	0.08455	0.04634
 1659387	37567247	chip1	20	0.9861	0.01618	37	0.50565	0.03583	27	0.01533	0.01158
 1751873	37571104	chip2	0	NA	NA	2	0.511	0.02546	78	0.10406	0.05728
 1702441	37571190	chip2	79	0.85115	0.02629	7	0.47129	0.04212	0	NA	NA
 1661601	37592885	chip1	29	0.97783	0.0271	43	0.49912	0.06153	12	0.07808	0.06123
 1701736	37622286	chip1	0	NA	NA	1	0.334	NA	83	0.20683	0.06072
 1684056	37644294	chip2	3	0.98767	0.01721	26	0.51946	0.04245	56	0.04079	0.027
 1705110	37652709	chip1	29	0.93434	0.03951	35	0.49257	0.05102	4	0.16725	0.05952
 1705252	37653893	chip1	85	0.94888	0.03218	1	0.475	NA	0	NA	NA
 1710472	37680691	chip1	1	0.813	NA	9	0.47667	0.12527	55	0.02922	0.04222
 1739349	37719854	chip2	77	0.95432	0.02695	9	0.467	0.03654	0	NA	NA
 1678144	37741783	chip2	13	0.90946	0.01717	42	0.5394	0.02097	31	0.14826	0.0261
 1646679	37768813	chip1	72	0.91307	0.04737	12	0.49125	0.03961	1	0.101	NA
 1646807	37769938	chip1	0	NA	NA	5	0.5052	0.02625	79	0.09494	0.05648
 1733284	37815416	chip2	78	0.90921	0.03319	8	0.48888	0.03605	0	NA	NA
 1713342	37815768	chip2	78	0.82367	0.02343	8	0.54175	0.01139	0	NA	NA
 1684220	37888829	chip2	9	0.93211	0.02973	54	0.50507	0.03456	20	0.0192	0.01018
 1653276	37946718	chip2	1	0.981	NA	25	0.45492	0.026	60	0.00322	0.00492
 1744874	38087312	chip1	70	0.97784	0.02017	16	0.47744	0.03821	0	NA	NA
 1679916	38271775	chip2	19	0.93989	0.0339	46	0.5025	0.05063	18	0.05533	0.03001
 1671601	38442154	chip1	72	0.84685	0.04677	10	0.5046	0.05059	2	0.0865	0.02333
 1677083	38474751	chip1	38	0.93089	0.04087	30	0.49537	0.03371	11	0.07309	0.05283
 1685611	38542681	chip1	85	0.93682	0.01895	1	0.509	NA	0	NA	NA
 1673498	38568234	chip2	34	0.93121	0.03301	37	0.48989	0.04658	15	0.0702	0.03938
 1696888	38606125	chip2	0	NA	NA	3	0.492	0.03012	83	0.02659	0.03315
 1755956	38755894	chip2	5	0.8624	0.02423	41	0.49976	0.02758	31	0.05274	0.02159
 1747676	38853162	chip1	69	0.97677	0.01681	15	0.48707	0.04065	2	0.1885	0.05162
 1747926	38853838	chip1	0	NA	NA	4	0.46675	0.02809	81	0.06937	0.03817
 1702325	38923549	chip2	0	NA	NA	7	0.50143	0.01659	79	0.09	0.03022
 1736627	39013098	chip2	64	0.99878	0.00442	17	0.49712	0.02722	5	0.099	0.02787
 1660811	39044387	chip2	29	0.92355	0.04239	33	0.487	0.06203	21	0.0951	0.0432
 1746756	39047342	chip1	67	0.94424	0.03239	16	0.49531	0.04621	3	0.011	0.01905
 1686829	39174218	chip1	0	NA	NA	7	0.49543	0.02945	79	0.03835	0.01781
 1740598	39265397	chip1	1	0.989	NA	1	0.487	NA	77	0.07948	0.08909
 1649412	39302438	chip2	60	0.93245	0.02942	19	0.52742	0.03105	6	0.14233	0.0266
 1750253	39351986	chip2	1	0.903	NA	15	0.52267	0.01985	70	0.12949	0.02017
 1717007	39360134	chip2	0	NA	NA	9	0.44022	0.04815	72	0.06929	0.03676
 1746985	39368285	chip2	0	NA	NA	0	NA	NA	85	0.04074	0.02061
 1675754	39368378	chip2	69	0.97868	0.01229	16	0.49375	0.01727	1	0.057	NA
 1735729	39368822	chip2	84	0.94054	0.01439	1	0.477	NA	0	NA	NA
 1675775	39373853	chip1	72	0.97244	0.02542	13	0.49031	0.06481	0	NA	NA
 1677039	39374399	chip1	84	0.95036	0.03445	2	0.4895	0.00778	0	NA	NA
 1719221	39375875	chip2	0	NA	NA	12	0.24283	0.16887	30	0.11593	0.02184
 1733125	39526204	chip1	38	0.95461	0.02649	35	0.48974	0.04954	12	0.04283	0.03573
 1686863	39730158	chip1	71	0.86992	0.0313	2	0.4975	0.04172	0	NA	NA
 1663830	39821961	chip2	79	0.89863	0.02522	7	0.505	0.02022	0	NA	NA
 1749508	39870146	chip1	59	0.92963	0.10172	10	0.4827	0.12454	2	0.102	0.02546
 1749820	39870683	chip1	10	0.9627	0.01669	40	0.50545	0.0534	36	0.08364	0.03037
 1753542	39911388	chip1	53	0.952	0.03431	20	0.4859	0.07429	2	0.1745	0.15061
 1698697	39970507	chip2	52	0.90954	0.02544	24	0.48913	0.05684	9	0.08222	0.0638
 1693013	40021105	chip1	40	0.9713	0.0147	33	0.51264	0.04852	8	0.05863	0.03702
 1692334	40030096	chip2	21	0.81033	0.02674	37	0.51886	0.02876	19	0.17779	0.04445
 1735447	40072244	chip1	14	0.96657	0.02516	30	0.50707	0.04935	39	0.05592	0.03492
 1735563	40072344	chip1	85	0.87521	0.03989	1	0.558	NA	0	NA	NA
 1702237	40073692	chip2	40	0.95705	0.02267	32	0.49066	0.03696	14	0.05736	0.02903
 1653682	40074074	chip2	0	NA	NA	0	NA	NA	82	0.10461	0.01519
 1738704	40087906	chip1	0	NA	NA	0	NA	NA	85	0.09724	0.03829
 1738938	40091246	chip1	49	0.99416	0.00978	28	0.50871	0.05123	7	0.06414	0.04176
 1713490	40489756	chip2	1	0.9	NA	23	0.52657	0.02122	62	0.07563	0.02581
 1750859	40489900	chip2	62	0.95134	0.01981	23	0.48878	0.01809	1	0.027	NA
 1717860	40615878	chip1	0	NA	NA	0	NA	NA	86	0.06974	0.02638
 1716667	40749462	chip2	58	0.95234	0.02613	23	0.57843	0.08599	0	NA	NA
 1693266	40771776	chip2	22	0.92577	0.02454	40	0.48383	0.05649	23	0.03057	0.03027
 1693569	41433563	chip2	20	0.9709	0.02783	34	0.4985	0.05085	32	0.07203	0.02718
 1682404	41434772	chip2	34	0.96647	0.02405	36	0.49981	0.06752	11	0.19873	0.02883
 1683763	41602840	chip1	8	0.83887	0.01865	41	0.49439	0.05754	26	0.10396	0.03274
 1665361	41953650	chip1	86	0.99017	0.01294	0	NA	NA	0	NA	NA
 1723349	42057888	chip1	57	0.94261	0.03171	26	0.51338	0.03598	2	0.106	0.05091
 1723461	42058972	chip1	74	0.92581	0.03038	11	0.50927	0.02941	0	NA	NA
 1641957	42063572	chip2	2	1	0	24	0.47429	0.02922	57	0.01567	0.02345
 1665830	42122156	chip2	75	0.93068	0.02739	11	0.48645	0.04167	0	NA	NA
 1745504	42122663	chip2	75	0.94447	0.03104	11	0.544	0.0162	0	NA	NA
 1689616	42138787	chip2	0	NA	NA	13	0.45577	0.06589	73	0.02078	0.0191
 1653730	42167867	chip2	1	0.877	NA	30	0.4636	0.06671	46	0.12459	0.0531
 1744991	42167901	chip2	5	0.9266	0.0159	26	0.46373	0.03455	49	0.02261	0.06239
 1694765	42223571	chip2	2	0.966	0.03677	22	0.44714	0.02844	62	0.10916	0.02566
 1758587	42248158	chip2	64	0.91597	0.04161	20	0.5107	0.05899	0	NA	NA
 1652848	42578170	chip2	16	0.94925	0.01049	45	0.51984	0.04256	25	0.04764	0.03943
 1646856	42606994	chip2	1	0.957	NA	8	0.46337	0.02945	77	0.00255	0.00764
 1648580	42607072	chip2	1	0.926	NA	14	0.50243	0.01848	71	0.06686	0.03088
 1678239	42638020	chip1	6	0.9735	0.03309	30	0.51147	0.0448	47	0.09136	0.04249
 1729048	42749242	chip1	0	NA	NA	0	NA	NA	86	0.05815	0.07246
 1710315	42832806	chip2	36	0.98969	0.01505	37	0.48192	0.04889	10	0.0205	0.02094
 1663657	42881280	chip1	40	0.98093	0.02032	37	0.48535	0.03707	8	0.03537	0.00821
 1665461	42893552	chip1	49	0.95547	0.05469	19	0.53395	0.08973	3	0.062	0.0151
 1714373	42985803	chip1	0	NA	NA	21	0.47829	0.04669	64	0.07756	0.01972
 1719840	43009228	chip1	39	0.90108	0.03336	36	0.49508	0.06248	5	0.0394	0.01499
 1711392	43186344	chip2	2	0.9735	0.01202	32	0.45931	0.02597	51	0.0451	0.02299
 1668854	43450782	chip1	0	NA	NA	15	0.50773	0.06172	70	0.11397	0.03607
 1743243	43726908	chip2	64	0.96967	0.02071	20	0.49835	0.02928	2	0.1325	0.00495
 1699856	44776627	chip1	37	0.96376	0.0212	41	0.51954	0.03609	8	0.11	0.02416
 1701218	44778442	chip1	1	0.99	NA	18	0.50356	0.03402	65	0.07434	0.02086
 1701344	44778481	chip1	65	0.94091	0.03423	16	0.5045	0.05166	1	0.089	NA
 1662719	44964656	chip1	9	0.97456	0.02329	36	0.49536	0.03226	41	0.04578	0.01774
 1712177	44996274	chip2	74	0.74232	0.04157	0	NA	NA	0	NA	NA
 1734340	45229641	chip2	0	NA	NA	0	NA	NA	86	0.12217	0.03101
 1706804	45234578	chip1	0	NA	NA	1	0.552	NA	85	0.04695	0.03499
 1709006	45253529	chip1	86	0.98828	0.02077	0	NA	NA	0	NA	NA
 1709167	45796700	chip2	11	0.95609	0.02398	29	0.45348	0.03766	46	0.057	0.02947
 1665761	46084725	chip1	0	NA	NA	0	NA	NA	86	0.07942	0.04764
 1715987	46160099	chip2	49	0.99961	0.00185	30	0.5007	0.02761	7	0.04943	0.0233
 1744087	46160904	chip2	4	0.97175	0.02188	27	0.50456	0.03327	55	0.11515	0.03345
 1722179	46200282	chip1	50	0.91842	0.04008	25	0.493	0.03457	6	0.104	0.04876
 1647659	46217744	chip1	3	0.851	0.01229	27	0.48419	0.0431	50	0.07548	0.05752
 1758251	46260027	chip2	84	0.94681	0.02756	2	0.4665	0.01768	0	NA	NA
 1668644	46260114	chip2	0	NA	NA	2	0.503	0.00283	84	0.02994	0.0147
 1671698	46260299	chip2	0	NA	NA	2	0.441	0.0495	84	0.03423	0.02025
 1710886	46260460	chip2	46	0.93033	0.03495	34	0.53559	0.03756	3	0.163	0.06338
 1674801	46294310	chip2	0	NA	NA	3	0.488	0.02862	83	0.02207	0.04169
 1653791	46477122	chip1	45	0.98311	0.01311	32	0.50162	0.03672	9	0.02633	0.01627
 1694367	46754147	chip2	21	0.92271	0.02621	40	0.53687	0.02359	19	0.05153	0.01721
 1754739	46756350	chip1	17	0.98982	0.01786	37	0.50686	0.03995	27	0.03833	0.0363
 1756594	46769831	chip1	78	0.95977	0.0248	8	0.49875	0.03743	0	NA	NA
 1696942	46822616	chip2	30	0.94813	0.0196	6	0.502	0.01926	20	0.0151	0.0183
 1681968	46823282	chip2	86	0.93256	0.02503	0	NA	NA	0	NA	NA
 1701735	46844069	chip2	25	0.86984	0.03619	39	0.57264	0.04422	18	0.06983	0.03308
 1698302	46872411	chip1	41	0.91085	0.02829	36	0.50008	0.02814	9	0.038	0.01884
 1745074	46920285	chip1	47	0.946	0.02786	29	0.50145	0.03292	8	0.14263	0.03959
 1684068	47046784	chip2	19	0.87189	0.03897	43	0.48486	0.02319	18	0.07356	0.02593
 1665538	47085126	chip2	57	0.93535	0.02109	24	0.504	0.01904	5	0.0692	0.01602
 1650678	47364600	chip2	76	0.88747	0.02191	10	0.4763	0.03125	0	NA	NA
 1722466	47889421	chip2	74	0.8902	0.02768	12	0.5	0.02548	0	NA	NA
 1667768	48043004	chip2	0	NA	NA	43	0.52821	0.08528	41	0.06549	0.01878
 1664674	48123857	chip2	0	NA	NA	0	NA	NA	86	0.01916	0.01192
 1697102	48163405	chip2	4	0.891	0.01206	32	0.48262	0.03615	49	0.10584	0.02535
 1704756	48326010	chip1	82	0.91705	0.04113	1	0.543	NA	0	NA	NA
 1691385	48422858	chip1	0	NA	NA	0	NA	NA	86	0.14135	0.06281
 1661091	48816575	chip2	20	0.91815	0.0329	44	0.50834	0.03914	22	0.03741	0.03145
 1688817	48968877	chip1	77	0.87157	0.05508	7	0.49257	0.03573	0	NA	NA
 1736971	48973402	chip2	2	0.909	0.00849	9	0.47	0.04218	74	0.07819	0.02577
 1690923	48983786	chip1	86	0.96256	0.03375	0	NA	NA	0	NA	NA
 1692223	48990002	chip1	16	0.97344	0.02448	41	0.51059	0.04317	29	0.03138	0.02132
 1658782	49023453	chip2	47	0.89068	0.01555	31	0.51861	0.01967	6	0.13167	0.02245
 1705953	49023810	chip2	44	0.91132	0.03793	31	0.54945	0.03368	7	0.02457	0.01052
 1664248	49024337	chip2	1	0.92	NA	10	0.4899	0.02771	74	0.05149	0.02091
 1746187	49045978	chip1	42	0.91636	0.04547	19	0.45895	0.07283	6	0.075	0.07213
 1746323	49046020	chip1	56	0.90718	0.06856	10	0.4334	0.06368	2	0.089	0.0396
 1746662	49047104	chip1	6	0.98117	0.01572	27	0.48515	0.04897	50	0.03548	0.03502
 1751921	49050601	chip2	86	0.99609	0.01127	0	NA	NA	0	NA	NA
 1743639	49066556	chip2	6	0.9855	0.00935	22	0.50023	0.02162	58	0.01933	0.01172
 1730409	49075640	chip2	58	0.9726	0.0255	22	0.52782	0.02424	6	0.06217	0.0164
 1654585	49103383	chip2	58	0.98574	0.01057	22	0.50091	0.03754	6	0.02167	0.01889
 1691353	49155176	chip1	34	0.96512	0.0691	30	0.5002	0.05975	16	0.06062	0.03616
 1710455	49174547	chip2	83	0.99199	0.01384	3	0.507	0.04173	0	NA	NA
 1747674	49325926	chip1	24	0.84896	0.04345	42	0.4959	0.05039	19	0.04768	0.02533
 1673399	49344588	chip1	30	0.97183	0.03054	41	0.50737	0.04274	15	0.06573	0.02412
 1717833	49362142	chip2	74	0.95645	0.09239	3	0.52967	0.0235	1	0.051	NA
 1679027	49413539	chip1	32	0.94469	0.04278	35	0.54111	0.05874	7	0.16171	0.03656
 1680747	49432442	chip1	1	0.914	NA	17	0.50635	0.02251	68	0.13881	0.03392
 1706978	49522732	chip1	11	0.97864	0.02413	25	0.50764	0.03742	50	0.03784	0.02198
 1705587	49539640	chip2	22	0.96586	0.01848	27	0.54448	0.0269	14	0.06843	0.01111
 1716147	49542393	chip2	21	0.93705	0.03282	34	0.52474	0.03378	30	0.10457	0.03003
 1714125	49551485	chip1	4	0.905	0.03228	22	0.49836	0.01743	60	0.10077	0.0288
 1714683	49567157	chip2	21	0.84448	0.0373	42	0.51438	0.0964	0	NA	NA
 1646779	49594168	chip1	10	0.8644	0.03526	76	0.50122	0.09013	0	NA	NA
 1746041	49594178	chip1	0	NA	NA	5	0.4984	0.11438	63	0.07632	0.05434
 1746143	49659554	chip1	63	0.95003	0.02359	21	0.461	0.03591	1	0.004	NA
 1730763	49701530	chip2	0	NA	NA	24	0.52517	0.02821	62	0.11266	0.0275
 1644451	49705102	chip1	0	NA	NA	9	0.501	0.06806	32	0.19891	0.07857
 1747012	49811496	chip1	37	0.94249	0.0428	37	0.50905	0.08549	9	0.00522	0.01122
 1679035	50148945	chip1	11	0.92336	0.02217	33	0.47876	0.03563	32	0.07953	0.02932
 1731901	50478886	chip2	48	0.92042	0.02943	32	0.47869	0.0518	6	0.0035	0.00596
 1695897	50478922	chip2	6	0.936	0.00772	32	0.45941	0.01853	48	0.06842	0.01563
 1654653	51019549	chip2	2	0.863	0.02404	21	0.54429	0.06793	62	0.07144	0.02138
 1695653	51019671	chip2	0	NA	NA	0	NA	NA	86	0.02923	0.02155
 1646186	51019773	chip2	31	0.98039	0.01777	31	0.45397	0.08358	16	0.04744	0.02149
 1732206	51123478	chip1	19	0.93347	0.03354	47	0.49613	0.05037	16	0.16387	0.05399
 1674661	51236151	chip2	0	NA	NA	0	NA	NA	86	0.08401	0.03204
 1647328	51265624	chip2	68	0.99584	0.01082	15	0.49293	0.04094	2	0.0485	0.01485
 1702101	51267243	chip2	68	0.96743	0.03079	14	0.50907	0.06428	1	0.072	NA
 1670538	51279558	chip2	1	1	NA	5	0.5478	0.05177	72	0.01703	0.03488
 1675452	51308749	chip1	81	0.86525	0.03535	4	0.50375	0.06141	0	NA	NA
 1736133	51342410	chip2	5	0.8978	0.04002	33	0.48797	0.0292	45	0.02033	0.01647
 1680821	51365851	chip1	25	0.82428	0.05351	39	0.50087	0.03264	7	0.12029	0.03535
 1642259	51405469	chip2	1	0.924	NA	18	0.51022	0.02839	67	0.07084	0.02933
 1729340	51650847	chip2	1	0.963	NA	0	NA	NA	81	0.12716	0.08013
 1684674	51886094	chip2	28	0.99175	0.0098	43	0.5087	0.02234	15	0.02707	0.01372
 1735099	52085632	chip1	0	NA	NA	0	NA	NA	86	0.03458	0.01123
 1743362	52162376	chip1	8	0.93163	0.02586	42	0.50633	0.03351	36	0.06408	0.02454
 1743452	52162702	chip1	4	0.893	0.0479	26	0.50688	0.0899	17	0.11676	0.03163
 1745181	52180918	chip1	59	0.98446	0.04035	20	0.504	0.03959	0	NA	NA
 1737904	52292281	chip2	3	0.96567	0.00231	32	0.49562	0.02555	51	0.08057	0.02238
 1669065	52292441	chip2	50	0.87728	0.03099	33	0.50839	0.02823	3	0.101	0.02433
 1734069	52544997	chip1	74	0.89345	0.02753	8	0.51362	0.0308	1	0.008	NA
 1734177	52545059	chip1	75	0.99119	0.00876	10	0.4998	0.02835	1	0	NA
 1734319	52546246	chip1	75	0.98731	0.01968	8	0.49113	0.0615	1	0.08	NA
 1758549	52704281	chip2	50	0.95612	0.01622	31	0.51752	0.02233	5	0.105	0.01355
 1757035	52822703	chip2	5	0.9444	0.0105	31	0.49435	0.03288	50	0.1865	0.02782
 1722933	52854562	chip1	5	0.9538	0.02104	20	0.4823	0.04434	55	0.08036	0.03968
 1724444	52977975	chip2	29	0.9521	0.01033	34	0.48968	0.02561	17	0.131	0.03941
 1720214	53169922	chip1	17	0.92394	0.0334	37	0.5083	0.07345	28	0.01039	0.01297
 1720338	53170122	chip1	23	0.89622	0.0386	38	0.50511	0.06411	18	0.02761	0.06228
 1722329	53177802	chip1	27	0.83889	0.05714	41	0.49922	0.05253	13	0.12008	0.03847
 1722429	53177872	chip1	16	0.85919	0.02621	42	0.48924	0.02602	28	0.189	0.04194
 1736088	53184764	chip1	12	0.93567	0.02337	35	0.50571	0.04891	35	0.13623	0.05312
 1736466	53202202	chip1	0	NA	NA	1	0.484	NA	83	0.06618	0.05476
 1739682	53219394	chip1	73	0.97381	0.01424	13	0.50708	0.04057	0	NA	NA
 1739794	53219416	chip1	0	NA	NA	0	NA	NA	85	0.13773	0.05042
 1741312	53223188	chip1	3	0.93867	0.03958	25	0.49576	0.02346	58	0.04783	0.02282
 1704677	53255346	chip2	51	0.9232	0.03571	28	0.48975	0.02315	7	0.058	0.02227
 1685098	53325976	chip2	27	0.9967	0.00708	40	0.4934	0.02796	19	0.12579	0.01698
 1751445	53331284	chip2	26	0.92319	0.02704	41	0.48817	0.02821	19	0.02016	0.0146
 1682186	53340283	chip2	27	0.9473	0.01973	39	0.50418	0.01747	20	0.11425	0.02463
 1660000	53406965	chip1	50	0.9151	0.02853	34	0.49374	0.02206	2	0.0645	0.02192
 1660098	53407081	chip1	8	0.93012	0.04198	41	0.51185	0.03951	37	0.04397	0.0219
 1712945	53411226	chip2	2	0.976	0.02546	32	0.52716	0.05467	50	0.09964	0.03215
 1668246	53411500	chip2	8	0.94737	0.01635	40	0.49207	0.02224	38	0.04732	0.01065
 1725920	53413992	chip2	1	0.996	NA	29	0.4641	0.04658	56	0.00287	0.00917
 1725212	53429261	chip2	25	0.9392	0.0329	45	0.51204	0.02521	16	0.03363	0.01828
 1668978	53439815	chip1	0	NA	NA	0	NA	NA	86	0.07912	0.0324
 1743755	53558026	chip2	4	0.93325	0.00814	26	0.49619	0.01614	56	0.09496	0.01512
 1699683	53996472	chip2	0	NA	NA	0	NA	NA	75	0.11187	0.04613
 1663755	54393792	chip1	0	NA	NA	0	NA	NA	85	0.07133	0.03844
 1718193	54599634	chip2	0	NA	NA	0	NA	NA	85	0.05965	0.01746
 1704769	54628597	chip2	55	0.90793	0.07066	1	0.64	NA	1	0.244	NA
 1645260	54914726	chip2	46	0.86841	0.02565	33	0.47761	0.01989	7	0.20271	0.02769
 1655587	55028651	chip2	0	NA	NA	18	0.49967	0.02535	68	0.1301	0.04001
 1684154	55171976	chip2	0	NA	NA	0	NA	NA	85	0.00569	0.01686
 1736968	55203845	chip1	85	0.95687	0.04626	0	NA	NA	0	NA	NA
 1655957	55215534	chip2	0	NA	NA	0	NA	NA	76	0.08578	0.05071
 1664343	55242623	chip1	86	0.98587	0.01707	0	NA	NA	0	NA	NA
 1661939	55512607	chip1	85	0.93179	0.07639	0	NA	NA	0	NA	NA
 1663133	55514220	chip1	63	0.87059	0.05147	13	0.53869	0.04079	2	0.132	0.01838
 1692466	55547747	chip2	70	0.88243	0.0298	15	0.484	0.01966	0	NA	NA
 1680906	55922035	chip2	34	0.99532	0.00974	41	0.48734	0.02512	11	0	0
 1663084	55922302	chip2	10	0.985	0.00696	37	0.53449	0.02475	39	0.05728	0.0108
 1715901	56007636	chip2	50	0.82192	0.02583	32	0.47013	0.05245	0	NA	NA
 1676652	56043746	chip2	24	0.9045	0.02104	43	0.48842	0.02282	19	0.12168	0.02651
 1665677	56063231	chip1	4	0.85075	0.01135	34	0.50256	0.03387	48	0.16469	0.04279
 1687924	56134511	chip2	79	0.98778	0.0162	5	0.5022	0.031	1	0	NA
 1677638	56142741	chip2	1	0.892	NA	24	0.43287	0.05101	58	0.09398	0.03769
 1677906	56203682	chip2	14	0.97686	0.02026	48	0.52546	0.02543	20	0.04975	0.01827
 1647994	56203742	chip2	26	0.94515	0.03537	43	0.48649	0.04312	15	0.0152	0.01915
 1665466	56259802	chip2	7	0.96329	0.02663	31	0.47842	0.04392	33	0.01364	0.01804
 1667138	56275428	chip2	84	0.9434	0.01287	2	0.468	0.03394	0	NA	NA
 1686664	56275748	chip2	0	NA	NA	2	0.3605	0.01202	79	0.04344	0.02941
 1690924	56276059	chip2	71	0.91525	0.02391	0	NA	NA	0	NA	NA
 1752127	56276410	chip2	0	NA	NA	9	0.499	0.01667	77	0.09871	0.02001
 1697187	56439915	chip1	0	NA	NA	0	NA	NA	85	0.13521	0.02914
 1758271	56646534	chip2	3	0.94833	0.01429	15	0.4572	0.04551	67	0.00919	0.01152
 1685890	56667535	chip2	0	NA	NA	11	0.49091	0.04633	75	0.043	0.01616
 1744618	56710286	chip1	1	0.657	NA	6	0.41933	0.08574	63	0.03114	0.05495
 1751766	56729516	chip1	13	0.917	0.04541	34	0.49474	0.06252	25	0.03208	0.03681
 1751956	56733696	chip1	29	0.90859	0.0462	33	0.50191	0.04777	9	0.02789	0.02356
 1651540	56763284	chip2	3	0.94633	0.00681	19	0.51758	0.04368	64	0.05205	0.01813
 1652244	56763379	chip2	41	0.93659	0.00943	37	0.49646	0.01668	8	0.09888	0.02638
 1739445	56764246	chip2	64	0.94402	0.04868	16	0.46231	0.06129	3	0.10733	0.04506
 1682809	56776648	chip1	67	0.95879	0.01802	18	0.49722	0.03154	1	0.037	NA
 1683203	56781296	chip1	59	0.95415	0.12012	13	0.533	0.04039	2	0.0255	0.00071
 1683295	56781536	chip1	0	NA	NA	0	NA	NA	86	0.00687	0.011
 1686417	56790821	chip1	0	NA	NA	2	0.4925	0.02899	79	0.10434	0.05939
 1747407	56800494	chip2	0	NA	NA	21	0.47	0.04441	63	0.01981	0.02142
 1719381	56800742	chip2	0	NA	NA	18	0.52656	0.03399	67	0.03803	0.02416
 1721720	57024188	chip2	20	0.947	0.02747	44	0.48486	0.02308	22	0.06382	0.02144
 1710195	57024830	chip2	0	NA	NA	1	0.462	NA	85	0.08584	0.03096
 1741531	57032873	chip2	19	0.90553	0.02917	44	0.51811	0.04574	22	0.06045	0.02978
 1692662	57033283	chip2	8	0.9625	0.03604	21	0.46362	0.02804	41	0.01876	0.03232
 1755467	57117898	chip1	9	0.87	0.02528	28	0.50889	0.02552	48	0.09715	0.02719
 1691681	57189755	chip1	35	0.92409	0.03458	38	0.50055	0.02043	13	0.03485	0.02031
 1728159	57313456	chip2	1	0.92	NA	8	0.49088	0.02619	77	0.15973	0.03857
 1722476	57404193	chip2	0	NA	NA	1	0.525	NA	85	0.00364	0.00715
 1744796	57561090	chip1	14	0.95536	0.02919	37	0.50322	0.02012	23	0.08335	0.02343
 1744988	57561124	chip1	10	0.8406	0.06361	35	0.4694	0.0499	22	0.03386	0.02903
 1752226	57577949	chip1	35	0.90989	0.03931	41	0.47829	0.04795	10	0.0301	0.03129
 1713049	57641156	chip2	35	0.9534	0.02226	41	0.49	0.02993	9	0.02322	0.00922
 1690587	57648888	chip2	35	0.98129	0.01481	42	0.48783	0.03293	9	0.12056	0.03559
 1687082	57649297	chip2	9	0.96067	0.0298	42	0.5014	0.02397	35	0.02943	0.01893
 1644838	57649935	chip2	4	0.9005	0.01502	31	0.52677	0.02731	35	0.0964	0.03859
 1646865	57791787	chip1	4	0.89	0.03095	32	0.49712	0.05273	45	0.06167	0.02677
 1649995	57807597	chip1	84	0.92707	0.02986	2	0.5035	0.01202	0	NA	NA
 1650147	57807655	chip1	0	NA	NA	5	0.5434	0.06862	75	0.13501	0.05243
 1700725	57844735	chip1	47	0.95317	0.02609	31	0.49071	0.04051	7	0.01386	0.01497
 1702310	57848908	chip1	1	0.974	NA	3	0.46733	0.04922	82	0.01899	0.02447
 1728417	58194918	chip2	0	NA	NA	2	0.4635	0.01909	84	0.01411	0.01789
 1704980	58200026	chip1	17	0.92635	0.03446	39	0.5069	0.03585	29	0.02345	0.02193
 1705098	58200324	chip1	29	0.93531	0.03585	38	0.49197	0.05773	13	0.18008	0.04472
 1744800	58209054	chip1	84	0.87524	0.03076	0	NA	NA	0	NA	NA
 1709657	58500846	chip2	77	0.84914	0.04364	9	0.47111	0.01874	0	NA	NA
 1712348	58685255	chip1	0	NA	NA	5	0.5186	0.03033	81	0.0058	0.01133
 1715978	58699561	chip1	0	NA	NA	31	0.45426	0.09635	45	0.19162	0.05654
 1643213	58746598	chip2	46	0.99065	0.01322	29	0.52134	0.03793	8	0.02537	0.02414
 1662036	58837765	chip2	9	0.917	0.03526	37	0.49062	0.03613	40	0.05967	0.03272
 1717823	58897046	chip2	0	NA	NA	4	0.5285	0.01204	81	0.01207	0.01622
 1672292	58908108	chip2	1	0.86	NA	40	0.49715	0.02484	41	0.13663	0.04052
 1687749	59132286	chip1	76	0.95018	0.041	5	0.47	0.00704	0	NA	NA
 1717901	59181299	chip2	2	0.9275	0.03748	27	0.47722	0.02888	57	0.05891	0.02732
 1646906	59245509	chip2	3	0.978	0.02272	24	0.468	0.05715	55	0.01231	0.02251
 1685623	59479230	chip1	0	NA	NA	1	0.441	NA	85	0.02992	0.0573
 1685759	59479826	chip1	86	0.96593	0.02115	0	NA	NA	0	NA	NA
 1724459	59485000	chip1	4	0.96675	0.01846	17	0.51871	0.09296	29	0.09979	0.04488
 1724731	59485642	chip1	4	0.8545	0.07848	35	0.48877	0.07352	46	0.07674	0.04983
 1681394	59488867	chip2	0	NA	NA	11	0.47164	0.01822	75	0.14731	0.01932
 1646570	59489660	chip2	47	0.872	0.02764	35	0.49849	0.03487	4	0.052	0.01042
 1698954	59760823	chip1	0	NA	NA	0	NA	NA	75	0.03729	0.04751
 1662908	59790479	chip2	0	NA	NA	41	0.50139	0.08541	41	0.03088	0.01948
 1663134	59794710	chip2	8	0.96975	0.02484	38	0.50024	0.02326	40	0.06445	0.01373
 1656103	59803539	chip2	72	0.89524	0.02367	12	0.52775	0.01713	2	0.108	0.00283
 1642498	59864390	chip1	50	0.9581	0.04664	15	0.51747	0.07136	12	0.04358	0.07164
 1662550	59886493	chip2	41	0.96968	0.0234	35	0.50969	0.03488	9	0.12444	0.022
 1657574	59886633	chip2	37	0.96686	0.02549	32	0.55556	0.04095	14	0.04529	0.02203
 1649102	59886825	chip2	79	0.9889	0.00953	6	0.55	0.01597	1	0.073	NA
 1714767	59886917	chip2	79	0.96604	0.02627	6	0.48783	0.04405	1	0.106	NA
 1686537	60001698	chip1	0	NA	NA	12	0.479	0.03564	74	0.10226	0.03112
 1690146	60012591	chip1	74	0.88258	0.03684	9	0.47189	0.01581	1	0.003	NA
 1732451	60069023	chip2	69	0.95664	0.01824	17	0.512	0.09229	0	NA	NA
 1700613	60373858	chip1	0	NA	NA	3	0.42433	0.01464	83	0.05545	0.03147
 1757339	60695892	chip2	41	0.95178	0.0177	40	0.48007	0.02827	5	0.0268	0.01399
 1745057	61010000	chip2	3	0.95333	0.01795	30	0.49657	0.01428	53	0.0717	0.02094
 1723992	61010979	chip2	53	0.96649	0.02035	29	0.49476	0.03504	3	0.03567	0.03707
 1720133	61011337	chip2	2	0.944	0.00566	32	0.50666	0.0275	52	0.14677	0.041
 1712609	61011383	chip2	3	0.90867	0.04881	29	0.51024	0.03655	47	0.11313	0.0267
 1708671	61021559	chip2	1	0.891	NA	21	0.50405	0.02119	63	0.10111	0.03171
 1705563	61064425	chip2	8	0.98762	0.00923	43	0.49523	0.04768	34	0.01624	0.0175
 1677094	61064517	chip2	34	0.90274	0.0283	44	0.49373	0.04622	8	0.22725	0.02792
 1665388	61072944	chip2	2	0.924	0.00566	30	0.4995	0.04618	51	0.13612	0.04381
 1734412	61074906	chip2	48	0.96298	0.00924	30	0.5235	0.03701	8	0.12375	0.01834
 1670030	61077065	chip1	9	0.92389	0.04212	25	0.47292	0.07499	47	0.08591	0.04409
 1659969	61107777	chip2	44	0.98959	0.01342	35	0.51743	0.04131	7	0.03557	0.0094
 1722300	61116501	chip2	0	NA	NA	10	0.4349	0.03945	76	0.04587	0.03706
 1663552	61128652	chip2	11	0.87827	0.01532	40	0.5141	0.0181	35	0.057	0.0214
 1650134	61131250	chip2	2	0.9535	0.03323	19	0.54405	0.03925	65	0.02457	0.01934
 1727946	61134313	chip1	9	0.90256	0.04179	38	0.50284	0.04397	34	0.07821	0.03318
 1679196	61207687	chip2	0	NA	NA	1	0.456	NA	85	0.03764	0.0201
 1719692	61221153	chip1	32	0.92291	0.0381	32	0.52384	0.06989	16	0.07287	0.02957
 1719988	61222476	chip1	67	0.92357	0.02286	17	0.49218	0.01752	2	0.0675	0.01485
 1703749	61295070	chip2	0	NA	NA	4	0.47225	0.00896	82	0.0013	0.00517
 1689508	61369111	chip2	14	0.97329	0.02297	39	0.50849	0.02918	33	0.05752	0.03017
 1725257	61554788	chip1	30	0.9165	0.03506	35	0.49357	0.03599	20	0.0163	0.01986
 1725377	61555118	chip1	59	0.94459	0.03038	21	0.50948	0.03981	6	0.08267	0.03214
 1671365	61752129	chip1	13	0.97054	0.05846	19	0.49274	0.06345	39	0.01428	0.02051
 1671467	61752385	chip1	7	0.98371	0.02017	35	0.51291	0.02481	44	0.05716	0.01147
 1671589	61752418	chip1	7	0.97671	0.03023	26	0.52465	0.05277	41	0.05834	0.02644
 1687680	61755728	chip2	48	0.96919	0.01795	27	0.48493	0.05508	8	0.01038	0.00616
 1715270	61780662	chip1	30	0.88033	0.03473	39	0.48926	0.03155	13	0.05715	0.02751
 1661199	61906985	chip2	86	0.99148	0.00853	0	NA	NA	0	NA	NA
 1705388	62016152	chip1	34	0.92068	0.05347	39	0.49772	0.0844	3	0.15733	0.02079
 1705976	62036725	chip1	28	0.99079	0.01233	31	0.50629	0.05422	20	0.06155	0.05087
 1707761	62051244	chip1	0	NA	NA	0	NA	NA	81	0.06362	0.06248
 1673886	62128208	chip2	0	NA	NA	15	0.51587	0.02329	71	0.0259	0.02393
 1697743	62189739	chip2	0	NA	NA	0	NA	NA	86	0.00469	0.00577
 1706627	62431059	chip2	71	0.94711	0.02445	11	0.48582	0.01679	4	0.02475	0.00709
 1645690	62556894	chip2	0	NA	NA	10	0.5689	0.0404	76	0.03064	0.01869
 1733468	62826084	chip2	47	0.93802	0.02227	32	0.48603	0.03409	7	0.04286	0.01883
 1718444	63029177	chip1	35	0.91037	0.03433	43	0.51223	0.08079	3	0.10567	0.05541
 1748725	63186871	chip2	30	0.9927	0.01008	37	0.5267	0.04416	19	0.06284	0.02684
 1733064	63270390	chip2	44	0.87632	0.04375	37	0.50151	0.03477	4	0.05225	0.01731
 1713381	63276577	chip1	4	0.80125	0.05363	37	0.476	0.09791	44	0.0592	0.03946
 1713543	63277060	chip1	31	0.97061	0.05394	43	0.50263	0.08699	4	0.1275	0.02541
 1658206	63437743	chip2	12	0.97067	0.01351	34	0.50285	0.03078	40	0.0209	0.00912
 1709256	63458980	chip1	37	0.874	0.03754	35	0.48837	0.02542	14	0.03621	0.01693
