Probe_set	Phy_position	Chiptype	num_AA	mean_AA	std_AA	num_AB	mean_AB	std_AB	num_BB	mean_BB	std_BB
SNP_A-1749981	14919559	chip2	423	0.88649	0.02832	136	0.49905	0.07147	0	NA	NA
SNP_A-1654373	15268577	chip2	65	0.99331	0.00737	224	0.49556	0.05611	259	0.01044	0.01705
SNP_A-1680777	15276762	chip1	0	NA	NA	56	0.49805	0.03726	452	0.21465	0.11655
SNP_A-1671443	15474749	chip1	0	NA	NA	233	0.48928	0.07652	286	0.21862	0.02486
SNP_A-1676020	15510409	chip2	26	0.82781	0.04711	181	0.47333	0.11371	347	0.02607	0.01924
SNP_A-1708986	15570730	chip1	497	0.96934	0.04491	49	0.48561	0.081	0	NA	NA
SNP_A-1702725	15575867	chip2	3	0.94633	0.04869	56	0.4982	0.04493	497	0.01363	0.01913
SNP_A-1708272	15691027	chip2	31	0.95219	0.00973	190	0.49875	0.02861	340	0.05433	0.02364
SNP_A-1718977	15791899	chip2	377	0.91999	0.02985	152	0.49935	0.03085	32	0.09425	0.03486
SNP_A-1716814	15809384	chip1	98	0.91522	0.06246	225	0.49078	0.08181	205	0.01568	0.01099
SNP_A-1716938	15809434	chip1	520	0.99632	0.00763	39	0.49877	0.04094	1	0	NA
SNP_A-1718630	15815034	chip1	1	1	NA	17	0.50082	0.03866	543	0.04153	0.02399
SNP_A-1662117	15881980	chip1	466	0.82746	0.06963	62	0.49274	0.08302	0	NA	NA
SNP_A-1723298	15919678	chip2	24	0.91825	0.03769	191	0.49861	0.03734	346	0.04505	0.0362
SNP_A-1645267	15930418	chip1	64	0.99414	0.01964	195	0.48928	0.08395	281	0.04931	0.05458
SNP_A-1728745	16033955	chip2	14	0.93993	0.03201	108	0.49834	0.04217	436	0.09713	0.04397
SNP_A-1675654	16260070	chip2	296	0.97072	0.03122	196	0.49759	0.04419	66	0.03324	0.02668
SNP_A-1715645	16295430	chip2	7	0.97114	0.04347	132	0.49966	0.02568	422	0.03687	0.01749
SNP_A-1745287	16298345	chip1	548	0.96674	0.03272	4	0.5025	0.04649	0	NA	NA
SNP_A-1681763	16351225	chip1	541	0.84922	0.05094	12	0.49925	0.06487	1	0.095	NA
SNP_A-1681863	16351841	chip1	2	0.834	0.21779	12	0.501	0.03344	541	0.0433	0.02299
SNP_A-1724286	16378807	chip2	2	0.92	0.02404	65	0.49985	0.0795	484	0.12176	0.05963
SNP_A-1747135	16413199	chip2	96	0.96668	0.03175	268	0.5001	0.03447	197	0.07008	0.03145
SNP_A-1740830	16442891	chip1	5	0.9626	0.02628	40	0.49715	0.0489	483	0.27982	0.12692
SNP_A-1740924	16442987	chip1	421	0.96337	0.024	117	0.49837	0.03837	7	0.05629	0.11207
SNP_A-1651743	16511431	chip1	1	0.608	NA	12	0.50008	0.13779	526	0.1644	0.10541
SNP_A-1651859	16511546	chip1	333	0.97215	0.06731	149	0.49621	0.06847	35	0.09849	0.06255
SNP_A-1663971	16585430	chip1	473	0.9236	0.03812	84	0.49835	0.03766	4	0.10975	0.0316
SNP_A-1664083	16585557	chip1	25	0.91352	0.02709	144	0.49579	0.05615	389	0.03096	0.02366
SNP_A-1702120	16587251	chip1	401	0.96954	0.03373	125	0.49581	0.0742	17	0.03806	0.04465
SNP_A-1702336	16589920	chip1	527	0.88766	0.08192	14	0.52671	0.13492	1	0.051	NA
SNP_A-1704112	16592531	chip1	4	0.90575	0.0231	26	0.50077	0.02677	527	0.07154	0.0345
SNP_A-1706038	16596392	chip1	559	0.95989	0.03062	0	NA	NA	0	NA	NA
SNP_A-1696207	16769082	chip1	75	0.92861	0.02266	267	0.49955	0.02398	219	0.07035	0.01736
SNP_A-1696401	16775241	chip1	21	0.83967	0.13605	65	0.49426	0.07997	454	0.01759	0.01425
SNP_A-1697928	16787468	chip1	128	0.93427	0.04354	275	0.49744	0.0469	150	0.02481	0.01816
SNP_A-1662192	16849599	chip2	119	0.96414	0.03587	264	0.49464	0.05823	177	0.01527	0.01755
SNP_A-1708288	16919553	chip2	363	0.97257	0.02584	171	0.49897	0.03406	27	0.07907	0.02197
SNP_A-1688634	16931487	chip2	4	0.93075	0.01533	16	0.50075	0.02494	541	0.0905	0.03872
SNP_A-1749493	16931780	chip2	540	0.91802	0.03073	16	0.49619	0.03274	4	0.036	0.02132
SNP_A-1678136	16993045	chip2	496	0.97054	0.04004	45	0.50133	0.0445	20	0.11915	0.10568
SNP_A-1677573	17370886	chip1	551	0.98795	0.01567	10	0.501	0.05507	0	NA	NA
SNP_A-1671342	17381744	chip2	551	0.96072	0.0249	9	0.50078	0.04328	0	NA	NA
SNP_A-1756749	17381841	chip2	18	0.94894	0.0286	166	0.49554	0.04935	353	0.13993	0.06074
SNP_A-1748858	17465202	chip1	13	1	0	99	0.49242	0.05596	438	0.00977	0.01232
SNP_A-1750808	17477437	chip1	5	0.9286	0.01873	78	0.49835	0.03559	471	0.08843	0.03828
SNP_A-1750920	17477680	chip1	94	0.965	0.02968	254	0.49754	0.04126	208	0.10886	0.04388
SNP_A-1752658	17478642	chip1	102	0.95119	0.03307	240	0.49162	0.06963	201	0.01322	0.03342
SNP_A-1710497	17512325	chip2	95	0.98877	0.01137	243	0.49826	0.03895	218	0.11168	0.04141
SNP_A-1678028	17673768	chip2	158	0.99939	0.00313	277	0.4989	0.04285	126	0.02941	0.01938
SNP_A-1686097	17728158	chip1	2	0.9595	0.02333	75	0.49448	0.07308	473	0.03628	0.03925
SNP_A-1686255	17728281	chip1	3	0.94533	0.00929	77	0.49713	0.04257	427	0.09623	0.04065
SNP_A-1689764	17752797	chip1	547	0.95577	0.04493	2	0.527	0.05233	0	NA	NA
SNP_A-1696826	17794222	chip2	541	0.96598	0.01128	20	0.4992	0.024	0	NA	NA
SNP_A-1721345	17831186	chip2	11	0.87564	0.03484	151	0.49935	0.02437	399	0.06395	0.01957
SNP_A-1671378	17831268	chip2	170	0.99101	0.0154	238	0.49857	0.03563	149	0.04732	0.05496
SNP_A-1681260	17880832	chip2	7	0.89657	0.06257	84	0.49843	0.04132	466	0.03948	0.02555
SNP_A-1654305	17945732	chip2	15	0.93087	0.0508	186	0.47891	0.11556	290	0.10329	0.07235
SNP_A-1698975	18014134	chip2	3	0.95833	0.03415	73	0.498	0.04294	476	0.06836	0.04001
SNP_A-1675632	18014330	chip2	171	0.91718	0.02835	235	0.49644	0.04916	148	0.01357	0.02163
SNP_A-1668098	18300949	chip2	337	0.9358	0.02391	180	0.49947	0.02568	44	0.04111	0.02479
SNP_A-1752003	18301003	chip2	66	0.99538	0.01126	221	0.49636	0.05814	267	0.01569	0.02874
SNP_A-1663020	18356834	chip2	71	0.96869	0.01718	215	0.49537	0.05218	273	0.04688	0.02973
SNP_A-1671513	18450354	chip1	498	0.98802	0.01684	60	0.4969	0.03681	2	0.0225	0.03182
SNP_A-1687197	18478521	chip1	2	0.951	0.01414	51	0.49988	0.04849	508	0.00767	0.01117
SNP_A-1687299	18478544	chip1	509	0.91311	0.03733	47	0.49626	0.04394	3	0.09433	0.02603
SNP_A-1687403	18478582	chip1	178	0.93237	0.04981	202	0.4901	0.07289	149	0.03595	0.04023
SNP_A-1670378	19088954	chip1	10	0.9132	0.04375	102	0.49925	0.03785	444	0.05635	0.02982
SNP_A-1723363	19151874	chip1	116	0.96376	0.02627	282	0.49874	0.04794	155	0.03759	0.03224
SNP_A-1727123	19202855	chip1	10	0.9336	0.06269	107	0.49556	0.0807	394	0.12082	0.05181
SNP_A-1730275	19221928	chip1	56	0.89923	0.02248	227	0.49884	0.02651	275	0.09765	0.02308
SNP_A-1741582	19347884	chip1	538	0.91102	0.01857	23	0.49935	0.04422	0	NA	NA
SNP_A-1703685	19459559	chip2	138	0.98561	0.01007	271	0.49852	0.03568	143	0.00613	0.02996
SNP_A-1732645	19550733	chip1	1	0.989	NA	59	0.49861	0.04592	494	0.01636	0.03665
SNP_A-1652288	19697590	chip2	223	0.96668	0.02347	246	0.5002	0.03063	91	0.01141	0.00971
SNP_A-1698883	19779028	chip2	391	0.96671	0.01149	130	0.49807	0.02766	40	0.04283	0.01902
SNP_A-1722176	19779411	chip2	389	0.89084	0.03369	128	0.49876	0.03603	43	0.08435	0.03345
SNP_A-1655335	19786518	chip2	3	0.98267	0.01106	21	0.49705	0.02504	537	0.00066	0.00348
SNP_A-1691848	20312249	chip2	160	0.93391	0.01767	273	0.49893	0.0248	128	0.11505	0.04094
SNP_A-1694211	20312340	chip2	150	0.94411	0.03544	283	0.49912	0.02505	128	0.09805	0.04052
SNP_A-1749317	20336219	chip2	524	0.99236	0.02021	32	0.50272	0.07386	3	0.12833	0.02173
SNP_A-1731830	20485119	chip1	523	0.90941	0.03263	32	0.50372	0.03983	4	0.05225	0.02423
SNP_A-1691662	20510183	chip2	2	0.9585	0.02051	28	0.49911	0.02316	531	0.04581	0.0192
SNP_A-1668045	20614513	chip1	518	0.97521	0.03776	32	0.49897	0.03507	6	0.07817	0.03424
SNP_A-1720934	20685496	chip1	495	0.97655	0.0189	50	0.49836	0.03184	16	0.0765	0.02948
SNP_A-1722351	20685640	chip1	16	0.94388	0.02948	42	0.49005	0.07466	497	0.04151	0.03511
SNP_A-1722449	20688410	chip1	483	0.8541	0.07641	28	0.51018	0.08713	10	0.0636	0.05322
SNP_A-1722781	20693499	chip1	549	0.97136	0.04173	4	0.50275	0.06815	0	NA	NA
SNP_A-1704151	20751249	chip2	26	0.94212	0.02152	136	0.49988	0.03504	395	0.09083	0.02814
SNP_A-1712444	20781477	chip1	410	0.84318	0.05744	73	0.49544	0.07712	4	0.16875	0.04529
SNP_A-1718206	20804910	chip1	388	0.94253	0.04993	131	0.494	0.06808	28	0.08396	0.03711
SNP_A-1677762	20813912	chip2	289	0.97774	0.04002	196	0.49592	0.07035	57	0.03833	0.03414
SNP_A-1676416	20814348	chip2	42	0.93302	0.03755	208	0.49626	0.05855	309	0.02517	0.02723
SNP_A-1735735	20835322	chip2	484	0.99966	0.00222	62	0.50273	0.08753	12	0.0105	0.01944
SNP_A-1694327	20835539	chip2	486	0.97823	0.03023	38	0.49739	0.04928	12	0.0185	0.01526
SNP_A-1745558	20835574	chip2	488	0.99296	0.02887	37	0.4923	0.07245	12	0.01908	0.02222
SNP_A-1678852	20836340	chip2	12	0.99375	0.00546	67	0.49866	0.05254	479	0.04308	0.02448
SNP_A-1711576	20837057	chip2	29	0.95431	0.02338	194	0.49482	0.05888	332	0.09625	0.03325
SNP_A-1702890	20854871	chip1	8	0.88075	0.02164	63	0.4974	0.05561	490	0.02205	0.01979
SNP_A-1709840	20867581	chip1	21	0.97724	0.01743	138	0.49193	0.0687	401	0.05229	0.02908
SNP_A-1721058	21000081	chip1	12	0.92983	0.02384	52	0.50304	0.05186	496	0.0585	0.02996
SNP_A-1721186	21000103	chip1	12	0.9885	0.035	110	0.49703	0.05811	439	0.00232	0.00827
SNP_A-1665850	21011312	chip2	4	0.94375	0.03	80	0.50196	0.03576	475	0.03157	0.02339
SNP_A-1646678	21032390	chip2	490	0.96167	0.02722	68	0.49371	0.05544	3	0.00533	0.00924
SNP_A-1695617	21036563	chip2	484	0.9453	0.02597	72	0.49607	0.0582	5	0.12	0.0211
SNP_A-1662241	21056968	chip1	0	NA	NA	5	0.5	0.02603	555	0.07219	0.03665
SNP_A-1663805	21057571	chip1	0	NA	NA	8	0.4995	0.04417	551	0.00978	0.02873
SNP_A-1708192	21092651	chip2	348	0.95133	0.05725	177	0.48956	0.08853	13	0.13315	0.06207
SNP_A-1745600	21105099	chip2	507	0.96973	0.01783	41	0.49783	0.07231	11	0.02291	0.0503
SNP_A-1652945	21170280	chip1	539	0.93375	0.02905	15	0.4958	0.03741	3	0.09433	0.02797
SNP_A-1653115	21171102	chip1	343	0.99084	0.01813	183	0.49014	0.08581	23	0.12804	0.03882
SNP_A-1679546	21178528	chip2	362	0.98397	0.05939	151	0.49093	0.0793	24	0.03092	0.01933
SNP_A-1753616	21247025	chip1	359	0.91829	0.02769	170	0.49682	0.05366	20	0.1223	0.03919
SNP_A-1664022	21275823	chip2	384	0.87826	0.03423	152	0.49737	0.0532	21	0.06129	0.03388
SNP_A-1705375	21275890	chip2	402	0.95226	0.02229	136	0.49746	0.05649	18	0.02283	0.03837
SNP_A-1671660	21343007	chip2	35	0.95029	0.04262	181	0.49718	0.06269	334	0.00317	0.01127
SNP_A-1752840	21444938	chip1	7	0.83357	0.08264	97	0.4902	0.07954	450	0.08053	0.02569
SNP_A-1724056	21484582	chip2	544	0.99473	0.01133	6	0.49583	0.06109	3	0.08433	0.06204
SNP_A-1643084	21585556	chip1	36	0.94056	0.08564	154	0.49716	0.0482	330	0.09153	0.02767
SNP_A-1695236	21630887	chip1	545	0.95209	0.0283	15	0.49993	0.02647	1	0.013	NA
SNP_A-1737656	21665700	chip1	16	0.97581	0.01506	46	0.49967	0.0321	495	0.0683	0.02715
SNP_A-1739404	21693429	chip1	3	0.92467	0.01159	46	0.49898	0.04445	512	0.06438	0.03189
SNP_A-1744382	21760410	chip1	82	0.96218	0.02387	267	0.49852	0.03621	210	0.0394	0.02236
SNP_A-1746169	21769530	chip1	59	0.86951	0.02583	248	0.49944	0.0343	244	0.15425	0.03765
SNP_A-1655052	21835934	chip1	72	0.88222	0.02933	293	0.49457	0.07942	116	0.19541	0.04804
SNP_A-1703658	21898858	chip1	34	0.97624	0.01828	201	0.49562	0.05375	307	0.01668	0.02582
SNP_A-1704606	21996929	chip1	547	0.99125	0.02091	8	0.50062	0.05588	5	0.0868	0.09534
SNP_A-1697549	22038020	chip2	26	0.97727	0.01581	36	0.49778	0.03565	499	0.05437	0.02552
SNP_A-1752490	22157304	chip1	69	0.96877	0.01319	251	0.49902	0.02366	241	0.06163	0.02196
SNP_A-1686021	22352975	chip1	214	0.92114	0.03595	235	0.49827	0.04421	84	0.11538	0.03804
SNP_A-1706186	22581517	chip1	155	0.97619	0.02789	209	0.49511	0.05531	151	0.05589	0.08645
SNP_A-1696960	22666327	chip2	108	0.97533	0.01704	251	0.49826	0.03202	202	0.00277	0.00516
SNP_A-1648730	22833987	chip2	3	0.949	0.01709	102	0.49973	0.01714	456	0.03757	0.02217
SNP_A-1701029	23011579	chip2	186	0.98305	0.01872	280	0.49866	0.05332	90	0.07646	0.03389
SNP_A-1659572	23012015	chip2	551	0.92849	0.02862	10	0.4998	0.04547	0	NA	NA
SNP_A-1727996	23030854	chip1	325	0.98333	0.01356	200	0.49599	0.05321	32	0.0125	0.02046
SNP_A-1676344	23037112	chip2	337	0.98191	0.01752	192	0.49593	0.04666	30	0.0703	0.02671
SNP_A-1748539	23375872	chip2	0	NA	NA	552	0.49299	0.07841	2	0.074	0.04243
SNP_A-1727997	23488326	chip2	182	0.92473	0.02714	264	0.49814	0.04208	115	0.0249	0.02346
SNP_A-1758795	23489862	chip2	124	0.91194	0.03823	261	0.49942	0.03106	175	0.09246	0.04327
SNP_A-1661947	23564014	chip1	91	0.98407	0.0482	224	0.49715	0.05207	200	0.07646	0.03692
SNP_A-1677718	23605393	chip2	8	0.98325	0.01921	113	0.49966	0.02778	439	0.07136	0.01497
SNP_A-1665360	23753062	chip2	323	0.90313	0.03455	200	0.49919	0.03185	37	0.09084	0.03111
SNP_A-1676865	23803526	chip1	77	0.94809	0.04108	238	0.49846	0.03094	246	0.09309	0.03965
SNP_A-1738300	23923658	chip2	209	0.94452	0.02144	244	0.4977	0.0357	100	0.02628	0.02189
SNP_A-1689570	23923690	chip2	99	0.86704	0.03431	251	0.49882	0.03816	210	0.0312	0.02046
SNP_A-1696184	23962266	chip2	23	0.91857	0.03886	141	0.50001	0.04089	397	0.03728	0.01631
SNP_A-1666021	24037443	chip1	0	NA	NA	0	NA	NA	560	0.07345	0.03082
SNP_A-1709100	24208363	chip1	4	0.9005	0.09726	12	0.45933	0.15569	541	0.03701	0.02561
SNP_A-1735808	24249492	chip1	7	0.92857	0.05039	87	0.49569	0.06624	464	0.07702	0.02958
SNP_A-1737518	24251753	chip1	278	0.89565	0.05217	233	0.48238	0.12122	7	0.11714	0.01525
SNP_A-1737614	24251783	chip1	284	0.97693	0.04476	194	0.47333	0.14171	5	0.0552	0.02369
SNP_A-1739188	24251868	chip1	28	0.9	0.03521	133	0.4995	0.04631	396	0.09319	0.0513
SNP_A-1742744	24267821	chip1	132	0.98748	0.02687	230	0.49603	0.05362	166	0.01523	0.03005
SNP_A-1744412	24272595	chip1	161	0.97972	0.03314	245	0.49694	0.03647	149	0.02489	0.04077
SNP_A-1744530	24272670	chip1	73	0.97577	0.03453	229	0.49525	0.04982	239	0.06411	0.04373
SNP_A-1723050	24405006	chip2	11	0.99409	0.00744	28	0.50418	0.06163	521	0.06793	0.04755
SNP_A-1735177	24424963	chip1	16	0.91837	0.10599	18	0.49833	0.13212	503	0.05919	0.05862
SNP_A-1653740	24561951	chip2	87	0.90314	0.04501	235	0.49746	0.05999	204	0.04639	0.04364
SNP_A-1668173	24598340	chip1	79	0.96216	0.01657	228	0.49763	0.03736	232	0.11807	0.04677
SNP_A-1717414	24629346	chip1	30	0.99747	0.00512	163	0.49793	0.03561	368	0.02807	0.01647
SNP_A-1719468	24635307	chip1	0	NA	NA	2	0.504	0.06223	557	0.05736	0.0297
SNP_A-1677180	24638720	chip2	119	0.91972	0.04168	265	0.49902	0.02625	177	0.03645	0.02473
SNP_A-1660607	24677844	chip2	136	0.87042	0.04166	252	0.49835	0.0377	169	0.08359	0.03671
SNP_A-1683110	24768495	chip2	329	0.99094	0.02514	165	0.49941	0.03934	54	0.10726	0.02369
SNP_A-1743209	24806756	chip2	373	0.90313	0.08259	140	0.49262	0.05941	25	0.03208	0.02604
SNP_A-1688744	24807288	chip2	465	0.93328	0.03389	86	0.49808	0.03391	9	0.07756	0.03325
SNP_A-1720177	24815870	chip2	0	NA	NA	3	0.501	0.0448	558	0.07679	0.03214
SNP_A-1690962	24828721	chip2	7	0.96257	0.02026	33	0.49861	0.02633	519	0.06508	0.04931
SNP_A-1693587	24830417	chip2	26	0.99492	0.00845	170	0.50034	0.03181	363	0.04005	0.01104
SNP_A-1728945	24831884	chip2	74	0.96604	0.02192	254	0.49837	0.03223	229	0.09014	0.04381
SNP_A-1750669	24833944	chip2	217	0.96015	0.02518	223	0.49905	0.02866	117	0.05868	0.03166
SNP_A-1668733	24834002	chip2	322	0.98211	0.01572	203	0.49826	0.03236	36	0.01069	0.01341
SNP_A-1680586	24834037	chip2	114	0.9619	0.01485	230	0.49875	0.02915	217	0.01685	0.01684
SNP_A-1657881	24838521	chip1	6	0.8965	0.155	85	0.49504	0.0689	444	0.06521	0.03996
SNP_A-1684766	24892140	chip2	485	0.96682	0.02269	68	0.50125	0.03752	7	0.027	0.01242
SNP_A-1740068	24982123	chip1	312	0.95123	0.04143	202	0.49952	0.05604	25	0.11248	0.05105
SNP_A-1667453	24996590	chip1	2	1	0	16	0.49544	0.04356	543	0.00384	0.01059
SNP_A-1730930	25063244	chip1	430	0.92469	0.02408	122	0.49867	0.0331	9	0.06767	0.01207
SNP_A-1731026	25063299	chip1	439	0.88242	0.03197	114	0.49939	0.03518	6	0.07467	0.03022
SNP_A-1688154	25069840	chip2	239	0.89563	0.04221	253	0.49963	0.02575	69	0.09488	0.03419
SNP_A-1704741	25070281	chip2	48	0.92567	0.04087	244	0.49861	0.02896	266	0.06985	0.02251
SNP_A-1701001	25100876	chip2	481	0.90616	0.04375	72	0.49907	0.03632	6	0.0505	0.00602
SNP_A-1711132	25127692	chip2	69	0.91501	0.04579	219	0.49693	0.04611	273	0.04173	0.03329
SNP_A-1666542	25136710	chip2	278	0.94782	0.01313	216	0.4995	0.02635	67	0.07669	0.01798
SNP_A-1724769	25142756	chip1	332	0.94227	0.02228	185	0.4978	0.03367	42	0.07357	0.03696
SNP_A-1657370	25192041	chip1	29	0.94438	0.0368	179	0.49745	0.04637	351	0.10023	0.05197
SNP_A-1657460	25192153	chip1	329	0.93592	0.03482	191	0.49876	0.03621	32	0.17028	0.03397
SNP_A-1657609	25192772	chip1	11	0.979	0.01656	137	0.49826	0.0341	413	0.00904	0.01386
SNP_A-1659033	25193559	chip1	38	0.98116	0.04409	186	0.49534	0.05184	318	0.02312	0.03823
SNP_A-1704827	25202104	chip2	1	0.998	NA	18	0.50156	0.05865	535	0.10035	0.06265
SNP_A-1654836	25368299	chip1	67	0.8981	0.0338	259	0.49831	0.03537	232	0.04531	0.02335
SNP_A-1696461	25381338	chip1	104	0.98156	0.08134	247	0.49624	0.05373	172	0.06826	0.02196
SNP_A-1737088	25519774	chip1	259	0.94431	0.03212	242	0.49874	0.03602	48	0.05227	0.02143
SNP_A-1743666	25540691	chip1	77	0.96934	0.01594	248	0.49754	0.03201	232	0.0707	0.03929
SNP_A-1698001	25549881	chip2	97	0.95618	0.01806	254	0.49911	0.02579	209	0.02764	0.02042
SNP_A-1643225	25552286	chip2	360	0.90232	0.04033	178	0.49713	0.04366	20	0.0442	0.04497
SNP_A-1645754	25552694	chip2	543	0.98947	0.01289	18	0.4995	0.03713	0	NA	NA
SNP_A-1696772	25582454	chip2	486	0.96435	0.02158	64	0.49941	0.03233	11	0.07218	0.02163
SNP_A-1725863	25588789	chip1	0	NA	NA	13	0.50054	0.01987	548	0.0871	0.02206
SNP_A-1725975	25589079	chip1	44	0.91257	0.0305	225	0.49852	0.04156	291	0.01692	0.01744
SNP_A-1727564	25590639	chip1	1	0.731	NA	59	0.46583	0.12551	383	0.18707	0.12909
SNP_A-1656513	25595522	chip2	0	NA	NA	10	0.5002	0.0357	551	0.01115	0.01404
SNP_A-1730834	25609702	chip1	24	0.96963	0.01828	179	0.4959	0.0575	358	0.02009	0.02173
SNP_A-1730936	25609749	chip1	368	0.93204	0.02259	175	0.49934	0.0319	18	0.07894	0.03182
SNP_A-1734852	25646435	chip2	325	0.91922	0.03298	186	0.49868	0.03344	50	0.07048	0.02325
SNP_A-1703703	25690964	chip2	79	0.95644	0.02282	238	0.49885	0.02921	244	0.00067	0.0023
SNP_A-1723521	25701062	chip1	2	0.9935	0.00919	16	0.50006	0.02278	543	0.00173	0.00571
SNP_A-1689354	25710730	chip2	498	0.97952	0.01774	55	0.50302	0.05506	8	0.05763	0.02153
SNP_A-1749389	25711346	chip2	77	0.92047	0.04085	207	0.49956	0.0202	273	0.10773	0.0264
SNP_A-1742775	25711837	chip2	338	0.97925	0.02193	192	0.49896	0.03518	31	0.01565	0.01699
SNP_A-1700434	25774882	chip2	29	0.98393	0.01437	153	0.49746	0.03305	377	0.03952	0.02403
SNP_A-1717124	25799165	chip1	488	0.85975	0.05385	46	0.49348	0.0739	10	0.0277	0.04491
SNP_A-1755812	25822536	chip2	29	0.94066	0.03368	55	0.50087	0.0533	473	0.03113	0.02646
SNP_A-1735611	25823361	chip2	473	0.93427	0.02547	58	0.4991	0.03302	30	0.02813	0.01611
SNP_A-1705256	25895909	chip1	10	0.9445	0.01721	125	0.49623	0.03726	426	0.03315	0.01882
SNP_A-1708818	25900548	chip1	556	0.92916	0.0409	2	0.5005	0.02192	0	NA	NA
SNP_A-1744429	25914291	chip2	408	0.95717	0.03858	134	0.49876	0.04006	16	0.12156	0.05054
SNP_A-1716088	25917222	chip1	27	0.86456	0.03952	186	0.48947	0.07785	307	0.0721	0.04614
SNP_A-1686048	25930516	chip2	309	0.86005	0.03661	207	0.49885	0.03305	45	0.16482	0.03541
SNP_A-1699785	25930538	chip2	7	0.99129	0.0072	11	0.49418	0.0354	543	0.00749	0.01026
SNP_A-1695577	25930604	chip2	55	0.96478	0.02541	204	0.49741	0.04773	291	0.10097	0.03854
SNP_A-1645466	25940562	chip2	543	0.99552	0.01413	12	0.50067	0.05735	5	0.0138	0.01203
SNP_A-1730399	25940680	chip2	257	0.84465	0.02947	235	0.49961	0.03946	65	0.08665	0.02632
SNP_A-1648941	25945410	chip1	80	0.89243	0.0327	222	0.498	0.04067	239	0.08002	0.04636
SNP_A-1724102	25947895	chip2	421	0.93078	0.09154	75	0.52344	0.16202	0	NA	NA
SNP_A-1727094	25950353	chip2	6	0.818	0.05383	12	0.49167	0.03066	543	0.06311	0.03887
SNP_A-1652127	25957316	chip1	217	0.79295	0.04932	226	0.49482	0.05293	52	0.14544	0.02931
SNP_A-1652239	25957416	chip1	193	0.86353	0.03099	249	0.49755	0.0469	110	0.04596	0.02887
SNP_A-1652465	25957598	chip1	1	0.914	NA	24	0.50446	0.04357	536	0.02578	0.01601
SNP_A-1652581	25958151	chip1	294	0.99457	0.01082	203	0.49288	0.07142	48	0.08056	0.09447
SNP_A-1652687	25958728	chip1	117	0.95559	0.04342	242	0.49751	0.03886	183	0.05784	0.04394
SNP_A-1703871	26003159	chip2	8	0.98487	0.00692	112	0.49983	0.02922	434	0.07928	0.02342
SNP_A-1731664	26033428	chip1	8	0.99587	0.00681	106	0.49634	0.05208	442	0.00524	0.0108
SNP_A-1732993	26034433	chip1	553	0.92514	0.02398	8	0.50613	0.03912	0	NA	NA
SNP_A-1687988	26045760	chip2	310	0.94156	0.03068	190	0.49983	0.03144	59	0.02285	0.01559
SNP_A-1692428	26076118	chip2	481	0.99598	0.01249	75	0.49587	0.05003	5	0.0178	0.02494
SNP_A-1734586	26077251	chip2	5	1	0	67	0.49622	0.05507	481	0.01609	0.02335
SNP_A-1682582	26077270	chip2	183	0.99849	0.00491	266	0.49652	0.05914	104	0.03269	0.0202
SNP_A-1680716	26089299	chip2	100	0.88247	0.05634	248	0.49704	0.05017	205	0.03605	0.02621
SNP_A-1758634	26144210	chip2	557	0.93116	0.02848	4	0.5	0.0191	0	NA	NA
SNP_A-1720707	26292231	chip2	50	0.88172	0.03581	210	0.49381	0.06984	300	0.01385	0.01878
SNP_A-1731257	26292517	chip2	24	0.85875	0.04109	225	0.48458	0.08883	296	0.08472	0.04084
SNP_A-1681850	26292718	chip2	476	0.97026	0.01758	80	0.49734	0.04557	3	0.06033	0.04389
SNP_A-1708909	26341067	chip2	206	0.96897	0.02228	250	0.4996	0.03114	105	0.00463	0.0063
SNP_A-1743417	26350528	chip2	288	0.90056	0.03463	223	0.49929	0.02674	50	0.08278	0.01679
SNP_A-1690718	26405879	chip1	286	0.89487	0.08514	191	0.46751	0.1557	49	0.0528	0.08473
SNP_A-1642157	26583225	chip2	533	0.93663	0.02348	26	0.49912	0.0345	0	NA	NA
SNP_A-1655112	26592401	chip1	0	NA	NA	25	0.46444	0.12112	523	0.03073	0.03462
SNP_A-1655222	26593421	chip1	0	NA	NA	25	0.49364	0.09798	519	0.09092	0.03913
SNP_A-1655460	26594377	chip1	0	NA	NA	25	0.49732	0.04627	532	0.10846	0.02914
SNP_A-1716059	26594974	chip2	537	0.96766	0.01861	24	0.49946	0.02252	0	NA	NA
SNP_A-1663835	26623980	chip1	220	0.8833	0.0358	238	0.49783	0.04134	85	0.04227	0.02402
SNP_A-1667693	26643583	chip1	85	0.90991	0.04504	257	0.49784	0.04802	216	0.12998	0.05262
SNP_A-1753625	26648192	chip2	525	0.97776	0.01762	33	0.50409	0.02619	1	0.05	NA
SNP_A-1659106	26687674	chip2	403	0.94375	0.027	131	0.49839	0.02683	11	0.05618	0.03144
SNP_A-1652671	26791138	chip1	0	NA	NA	6	0.49717	0.04652	554	0.12852	0.05537
SNP_A-1654642	26799117	chip1	544	0.97346	0.05881	10	0.4911	0.05955	0	NA	NA
SNP_A-1654812	26799795	chip1	0	NA	NA	24	0.50167	0.02465	536	0.06465	0.02642
SNP_A-1656260	26800382	chip1	0	NA	NA	22	0.49532	0.05503	536	0.00303	0.01089
SNP_A-1658271	26820418	chip1	0	NA	NA	12	0.501	0.05187	539	0.08445	0.0348
SNP_A-1696130	26877846	chip2	1	0.987	NA	61	0.49821	0.03686	497	0.01787	0.02746
SNP_A-1705464	26906960	chip1	0	NA	NA	10	0.488	0.04718	549	0.02585	0.01799
SNP_A-1715830	26971134	chip1	280	0.96957	0.01796	232	0.49891	0.0445	49	0.04216	0.02616
SNP_A-1716006	26973510	chip1	1	0.921	NA	17	0.49947	0.03532	542	0.06127	0.02981
SNP_A-1716122	26973884	chip1	36	0.9595	0.09862	152	0.49903	0.03621	350	0.0165	0.00816
SNP_A-1717542	26975300	chip1	1	0.889	NA	15	0.51113	0.04664	541	0.03173	0.03499
SNP_A-1756239	26993405	chip1	345	0.89935	0.0379	184	0.49802	0.03646	32	0.06987	0.03325
SNP_A-1718401	26996961	chip2	253	0.96364	0.01582	246	0.49805	0.02298	62	0.02061	0.01616
SNP_A-1673744	27012616	chip2	125	0.99616	0.00832	271	0.49851	0.04143	153	0.03798	0.01891
SNP_A-1642913	27023496	chip2	287	0.97985	0.01679	213	0.49861	0.03188	49	0.00455	0.01
SNP_A-1647387	27026368	chip1	0	NA	NA	10	0.5	0.02052	551	0.0568	0.022
SNP_A-1650985	27049656	chip1	511	0.9319	0.04361	47	0.498	0.05565	3	0.02067	0.0358
SNP_A-1694108	27086581	chip1	278	0.89251	0.04389	228	0.49554	0.04734	47	0.05438	0.04889
SNP_A-1695966	27100055	chip1	549	0.97482	0.0259	8	0.49938	0.02779	0	NA	NA
SNP_A-1701270	27141488	chip1	542	0.95726	0.0433	8	0.502	0.05491	0	NA	NA
SNP_A-1704976	27161814	chip1	549	0.95799	0.02507	8	0.50013	0.02947	0	NA	NA
SNP_A-1705094	27161919	chip1	547	0.99153	0.01114	14	0.49929	0.0134	0	NA	NA
SNP_A-1732862	27216805	chip2	293	0.98401	0.02841	221	0.48672	0.09065	40	0.01858	0.04606
SNP_A-1751976	27228127	chip1	3	0.892	0.03223	36	0.49694	0.03635	522	0.07977	0.03551
SNP_A-1679368	27440759	chip2	367	0.98257	0.01798	162	0.49398	0.06397	23	0.03039	0.04803
SNP_A-1745799	27557971	chip1	314	0.94858	0.06256	128	0.49853	0.02779	110	0.06263	0.04947
SNP_A-1708140	27563262	chip2	136	0.97499	0.01535	278	0.50039	0.02258	147	0.07097	0.01638
SNP_A-1702299	27664600	chip2	475	0.92674	0.03017	71	0.49865	0.02331	15	0.05433	0.02913
SNP_A-1656668	27690297	chip1	195	0.99358	0.01273	271	0.49841	0.03681	95	0.02112	0.01933
SNP_A-1684968	27711152	chip2	8	0.99562	0.00644	80	0.49976	0.02931	473	0.04925	0.02516
SNP_A-1663239	27725969	chip1	243	0.9505	0.02499	245	0.49737	0.04292	69	0.05217	0.03202
SNP_A-1664921	27732751	chip1	468	0.93132	0.04274	58	0.48821	0.08028	0	NA	NA
SNP_A-1670700	27773709	chip2	126	0.99815	0.00908	262	0.4879	0.08388	145	0.07674	0.03683
SNP_A-1716289	27807841	chip2	216	0.92222	0.04496	256	0.4997	0.02896	88	0.11465	0.03038
SNP_A-1647175	27822258	chip1	419	0.99232	0.01269	133	0.49933	0.03036	9	0.029	0.01676
SNP_A-1653913	27841620	chip1	77	0.98087	0.01617	228	0.49814	0.04154	252	0.0396	0.02719
SNP_A-1710021	27999648	chip2	307	0.99118	0.01023	211	0.4974	0.03155	43	0.06037	0.02884
SNP_A-1696556	28000939	chip2	300	0.98003	0.02132	212	0.49704	0.03698	47	0.01379	0.02711
SNP_A-1696441	28073779	chip1	236	0.93925	0.02763	259	0.49732	0.04815	61	0.15	0.03072
SNP_A-1662068	28149081	chip2	260	0.87262	0.03424	292	0.49594	0.08846	0	NA	NA
SNP_A-1688585	28237850	chip1	229	0.95859	0.02895	216	0.49749	0.0481	94	0.06682	0.03616
SNP_A-1692197	28257223	chip1	396	0.99415	0.01336	143	0.49074	0.06765	18	0.13739	0.04079
SNP_A-1747890	28377891	chip1	236	0.97446	0.03516	237	0.49593	0.04897	81	0.07046	0.03447
SNP_A-1748016	28377920	chip1	309	0.94471	0.03866	167	0.49226	0.06486	57	0.0887	0.03094
SNP_A-1668731	28385674	chip2	84	0.992	0.01439	244	0.49578	0.05564	231	0.03526	0.03524
SNP_A-1675514	28402685	chip1	0	NA	NA	30	0.4974	0.05603	529	0.11078	0.03426
SNP_A-1677551	28414739	chip1	251	0.94682	0.03752	216	0.49531	0.0643	74	0.07424	0.03656
SNP_A-1716044	28554141	chip1	3	0.87867	0.09848	75	0.49837	0.05017	461	0.09262	0.05151
SNP_A-1718238	28599773	chip1	6	0.8665	0.13283	150	0.40279	0.22169	249	0.10043	0.05832
SNP_A-1648895	28644092	chip1	328	0.91554	0.03587	210	0.49935	0.03267	23	0.13848	0.03651
SNP_A-1649009	28645416	chip1	92	0.9491	0.02273	230	0.49535	0.05523	234	0.06711	0.03187
SNP_A-1660343	28675792	chip2	240	0.96435	0.04652	188	0.49139	0.06953	82	0.04163	0.07808
SNP_A-1657965	28704281	chip1	463	0.97682	0.03898	74	0.49522	0.07521	11	0.00827	0.02081
SNP_A-1699682	28718601	chip1	171	0.97799	0.02984	221	0.49269	0.06533	139	0.03449	0.04111
SNP_A-1699880	28718758	chip1	13	0.91146	0.03614	120	0.4987	0.04611	424	0.10038	0.05757
SNP_A-1703154	28729417	chip1	10	0.9811	0.01212	78	0.49922	0.0302	473	0.0363	0.02732
SNP_A-1698113	28905163	chip2	452	0.98633	0.01209	104	0.49796	0.04198	5	0.0512	0.033
SNP_A-1653736	28911722	chip2	151	0.96313	0.05393	231	0.49557	0.05878	145	0.07623	0.03296
SNP_A-1743986	29055302	chip1	13	0.96269	0.02912	129	0.49744	0.0457	415	0.00903	0.01581
SNP_A-1719171	29635842	chip2	545	0.98038	0.01352	13	0.51208	0.04712	2	0.0235	0.02616
SNP_A-1709939	30006454	chip2	14	0.90807	0.0814	129	0.5007	0.02505	418	0.05393	0.02747
SNP_A-1693468	30020528	chip1	12	0.86583	0.05518	122	0.49002	0.08208	415	0.0099	0.02243
SNP_A-1752700	30186121	chip1	3	0.95067	0.0332	77	0.49669	0.04571	481	0.05499	0.03485
SNP_A-1732855	30407247	chip1	0	NA	NA	33	0.49903	0.03367	521	0.18219	0.05653
SNP_A-1736296	30440163	chip1	44	0.97825	0.0147	183	0.49867	0.0285	334	0.03992	0.0171
SNP_A-1742942	30540763	chip1	435	0.90767	0.03128	115	0.49842	0.04077	10	0.2112	0.04821
SNP_A-1681395	30672976	chip1	332	0.95095	0.05287	159	0.49301	0.07186	31	0.03858	0.02208
SNP_A-1724434	30724890	chip2	553	0.98496	0.01597	7	0.49514	0.03353	1	0.021	NA
SNP_A-1725278	30788861	chip2	543	0.7646	0.05413	8	0.50487	0.02788	0	NA	NA
SNP_A-1707812	30789451	chip2	553	0.95344	0.01812	7	0.49786	0.02217	1	0.027	NA
SNP_A-1730074	30882082	chip2	0	NA	NA	185	0.4757	0.10726	360	0.01427	0.03313
SNP_A-1744738	30937057	chip1	1	0.91	NA	19	0.49816	0.07098	538	0.10942	0.05498
SNP_A-1744864	30937074	chip1	21	0.85462	0.03691	78	0.49633	0.06138	460	0.0531	0.02047
SNP_A-1744990	30937116	chip1	465	0.95317	0.04429	55	0.49947	0.0656	3	0.143	0.02551
SNP_A-1753788	30995789	chip1	219	0.94781	0.03022	228	0.4964	0.04478	84	0.11454	0.03743
SNP_A-1681619	31013496	chip1	58	0.97009	0.02556	210	0.4943	0.06585	252	0.11306	0.06694
SNP_A-1698395	31091715	chip2	539	0.92698	0.01625	22	0.49827	0.02263	0	NA	NA
SNP_A-1713420	31098551	chip2	188	0.9212	0.04015	256	0.49766	0.03886	114	0.08348	0.0248
SNP_A-1745808	31123269	chip2	102	0.89903	0.01841	249	0.49934	0.02395	210	0.13946	0.0408
SNP_A-1682119	31142543	chip1	104	0.94971	0.01942	230	0.49958	0.02833	227	0.04293	0.02569
SNP_A-1682473	31144711	chip1	230	0.96407	0.04068	215	0.49504	0.05431	102	0.07953	0.04369
SNP_A-1740056	31205871	chip1	243	0.93301	0.02021	236	0.49908	0.03243	75	0.10192	0.03657
SNP_A-1741360	31208244	chip1	136	0.96606	0.02315	248	0.49798	0.03588	177	0.02148	0.02391
SNP_A-1743112	31216785	chip1	222	0.94923	0.01549	248	0.49915	0.02405	91	0.06248	0.02051
SNP_A-1743222	31216998	chip1	90	0.91308	0.04461	248	0.49863	0.02932	223	0.06895	0.02515
SNP_A-1743330	31217150	chip1	219	0.87704	0.03521	248	0.49851	0.03519	91	0.04767	0.02469
SNP_A-1723563	31293295	chip1	131	0.90343	0.03121	253	0.49656	0.04315	176	0.15991	0.0402
SNP_A-1729195	31317955	chip1	0	NA	NA	24	0.49838	0.04949	535	0.06944	0.03161
SNP_A-1730516	31319141	chip1	405	0.90595	0.04133	129	0.49708	0.04935	12	0.08408	0.02682
SNP_A-1734097	31331354	chip1	0	NA	NA	31	0.4451	0.12931	524	0.05379	0.02955
SNP_A-1725248	31434058	chip2	523	0.95106	0.03097	38	0.49634	0.04961	0	NA	NA
SNP_A-1673988	31434103	chip2	0	NA	NA	27	0.47559	0.12446	488	0.10066	0.08435
SNP_A-1649848	31434377	chip2	11	0.95655	0.01957	71	0.49775	0.04055	479	0.01229	0.0087
SNP_A-1721314	31438536	chip1	114	0.92356	0.02687	250	0.49337	0.06926	196	0.02109	0.02843
SNP_A-1749042	31497851	chip1	247	0.92785	0.03644	233	0.49764	0.0441	78	0.12078	0.03015
SNP_A-1749176	31497869	chip1	81	0.93906	0.02836	233	0.4983	0.04344	247	0.02419	0.01254
SNP_A-1706135	31501931	chip2	220	0.92029	0.03352	251	0.5	0.02434	90	0.0795	0.03373
SNP_A-1664322	31517342	chip2	517	0.90728	0.03135	40	0.50018	0.02155	1	0.008	NA
SNP_A-1642405	31517942	chip2	0	NA	NA	44	0.50025	0.04649	515	0.02756	0.02145
SNP_A-1692147	31564179	chip1	484	0.99869	0.00398	73	0.4996	0.03078	4	0.00725	0.00714
SNP_A-1692421	31564931	chip1	294	0.94416	0.04036	216	0.49369	0.06347	50	0.03132	0.01884
SNP_A-1664510	31576032	chip2	254	0.93723	0.04903	225	0.49844	0.05203	71	0.14377	0.04756
SNP_A-1750339	31604166	chip2	502	0.97102	0.03382	53	0.49608	0.04901	1	0.022	NA
SNP_A-1741416	31610097	chip1	5	0.9598	0.02862	61	0.49826	0.04766	482	0.10188	0.03214
SNP_A-1675893	31655803	chip1	24	0.82204	0.03764	140	0.49896	0.04265	372	0.14279	0.03209
SNP_A-1677481	31662712	chip1	492	0.9705	0.02752	58	0.49805	0.04402	4	0.08825	0.01576
SNP_A-1733529	31744164	chip1	250	0.88078	0.04441	235	0.49947	0.03557	76	0.04909	0.02389
SNP_A-1737428	31770219	chip1	4	0.94525	0.00842	61	0.499	0.02954	494	0.10864	0.03634
SNP_A-1654203	31777946	chip2	468	0.93081	0.03192	82	0.49743	0.05444	8	0.06125	0.01115
SNP_A-1670656	31779418	chip2	450	0.94705	0.02456	102	0.49861	0.02694	9	0.13956	0.03018
SNP_A-1664419	31801598	chip1	344	0.95231	0.02683	181	0.49664	0.06303	27	0.00874	0.0156
SNP_A-1648224	31818404	chip2	246	0.91749	0.0499	234	0.49863	0.03433	80	0.15169	0.03294
SNP_A-1717202	31879485	chip1	153	0.99178	0.01286	249	0.49587	0.05004	143	0.03333	0.03092
SNP_A-1718728	31880052	chip1	161	0.96637	0.0211	259	0.49804	0.03378	137	0.09274	0.04022
SNP_A-1684728	31895885	chip2	512	0.98488	0.02264	47	0.49915	0.04145	1	0.09	NA
SNP_A-1727668	31898560	chip1	505	0.86262	0.05348	39	0.48656	0.06397	0	NA	NA
SNP_A-1664023	31946088	chip1	30	0.96497	0.03429	193	0.49513	0.0503	326	0.09421	0.04539
SNP_A-1667295	31961908	chip1	32	0.90622	0.03547	187	0.49922	0.03511	329	0.05693	0.02776
SNP_A-1663754	31973591	chip2	544	0.8969	0.02669	17	0.49976	0.01741	0	NA	NA
SNP_A-1746683	31978717	chip2	0	NA	NA	17	0.49882	0.04252	544	0.03564	0.03694
SNP_A-1650797	32068865	chip1	13	0.83938	0.04818	89	0.5002	0.03722	457	0.10395	0.04206
SNP_A-1653712	32076526	chip2	125	0.96494	0.02415	242	0.49904	0.03018	194	0.01222	0.01871
SNP_A-1659565	32121374	chip1	355	0.92401	0.03745	151	0.49811	0.06382	42	0.01219	0.01305
SNP_A-1653498	32150256	chip2	36	0.929	0.04342	222	0.49799	0.05599	294	0.07536	0.04081
SNP_A-1680953	32164668	chip1	388	0.98336	0.03172	148	0.48798	0.09067	15	0.03953	0.0296
SNP_A-1653406	32191275	chip2	317	0.98497	0.02088	197	0.49796	0.02396	47	0.03102	0.03273
SNP_A-1715751	32222590	chip2	98	0.91726	0.02789	261	0.49942	0.02774	201	0.18207	0.03381
SNP_A-1663718	32223601	chip2	333	0.88914	0.03012	192	0.49901	0.02557	27	0.09581	0.02805
SNP_A-1684496	32280513	chip2	44	0.83634	0.03701	211	0.49955	0.04684	300	0.10884	0.03526
SNP_A-1669084	32290548	chip1	11	0.91791	0.03553	36	0.49978	0.04234	513	0.12079	0.01872
SNP_A-1669382	32291892	chip1	546	0.98878	0.0189	13	0.50177	0.05271	1	0.053	NA
SNP_A-1650724	32300742	chip2	4	0.99425	0.00714	31	0.50023	0.02353	523	0.05937	0.02606
SNP_A-1677911	32313594	chip1	100	0.99817	0.00458	266	0.49242	0.07026	183	0.07718	0.0459
SNP_A-1703049	32324030	chip2	0	NA	NA	15	0.5008	0.03505	546	0.00533	0.00778
SNP_A-1722399	32339001	chip1	546	0.99731	0.00973	15	0.5016	0.08619	0	NA	NA
SNP_A-1724019	32343807	chip1	58	0.88221	0.07046	215	0.4921	0.07565	248	0.03537	0.03828
SNP_A-1734514	32379096	chip2	148	0.98089	0.01357	277	0.4997	0.01961	136	0.02347	0.01094
SNP_A-1740285	32396384	chip2	86	0.90558	0.02908	271	0.49844	0.02759	204	0.00978	0.01063
SNP_A-1755588	32396846	chip2	80	0.96624	0.02046	209	0.49677	0.04956	251	0.0548	0.04415
SNP_A-1723205	32447487	chip1	560	0.9837	0.01779	1	0.556	NA	0	NA	NA
SNP_A-1658895	32482976	chip1	0	NA	NA	9	0.50033	0.03152	551	0.03554	0.02264
SNP_A-1711215	32525172	chip1	522	0.98764	0.01594	39	0.49931	0.03896	0	NA	NA
SNP_A-1713437	32536144	chip1	127	0.9933	0.01108	258	0.49667	0.04662	172	0.04252	0.02578
SNP_A-1714762	32536341	chip1	75	0.89756	0.01711	243	0.49924	0.02667	243	0.12651	0.0318
SNP_A-1751187	32541592	chip2	377	0.97924	0.02008	157	0.49951	0.03825	27	0.0853	0.01896
SNP_A-1668662	32543356	chip2	2	0.9905	0.00495	35	0.49683	0.04393	513	0.02332	0.02329
SNP_A-1746711	32568178	chip2	552	0.96624	0.02198	8	0.50025	0.02314	1	0.053	NA
SNP_A-1742159	32568465	chip2	205	0.97042	0.03755	267	0.49604	0.05195	84	0.0101	0.01482
SNP_A-1712366	32668825	chip1	2	0.865	0.01131	109	0.49424	0.06312	420	0.10272	0.07081
SNP_A-1706781	32673542	chip2	2	0.9465	0.01061	43	0.49828	0.03868	514	0.04344	0.03755
SNP_A-1711656	32739899	chip2	545	0.97935	0.01445	14	0.50007	0.01776	2	0.04	0.01273
SNP_A-1746861	32771926	chip2	532	0.9439	0.02868	26	0.49988	0.02296	2	0.068	0.0099
SNP_A-1673257	32799753	chip1	269	0.91637	0.02341	220	0.49831	0.04364	63	0.13844	0.04831
SNP_A-1673403	32800167	chip1	307	0.96366	0.02065	214	0.49774	0.03674	39	0.00797	0.00943
SNP_A-1724321	32864107	chip1	59	0.97525	0.03372	226	0.48556	0.0901	243	0.03518	0.04287
SNP_A-1752425	32891720	chip2	201	0.9599	0.03538	249	0.49816	0.04459	101	0.05235	0.0416
SNP_A-1698605	32905158	chip2	203	0.98863	0.02383	258	0.49901	0.0319	98	0.06114	0.02287
SNP_A-1658739	32911320	chip1	229	0.95552	0.02868	246	0.49595	0.04903	86	0.02744	0.01828
SNP_A-1717908	32948189	chip1	9	0.987	0.00911	45	0.50011	0.05817	507	0.00236	0.00726
SNP_A-1713635	33083336	chip1	329	0.90127	0.06122	114	0.45069	0.14825	13	0.06492	0.07615
SNP_A-1715056	33083671	chip1	442	0.93679	0.05342	98	0.49437	0.06189	12	0.04475	0.03531
SNP_A-1743045	33124787	chip2	303	0.96908	0.01533	197	0.49979	0.02915	52	0.03817	0.02418
SNP_A-1700270	33158406	chip1	373	0.96708	0.01628	161	0.49437	0.05719	18	0.00833	0.03314
SNP_A-1700561	33159527	chip1	462	0.99748	0.00729	60	0.48488	0.08614	8	0.272	0.12241
SNP_A-1704939	33170736	chip2	362	0.93399	0.03811	172	0.49767	0.03877	26	0.01496	0.02001
SNP_A-1710623	33198272	chip1	538	0.94249	0.0215	19	0.49995	0.02456	2	0.0365	0.02051
SNP_A-1647433	33235434	chip1	0	NA	NA	12	0.50025	0.03381	542	0.08381	0.03233
SNP_A-1647519	33235776	chip1	21	0.97033	0.00858	178	0.49823	0.03303	362	0.10154	0.03744
SNP_A-1647635	33235937	chip1	2	0.9455	0.01344	19	0.50047	0.02859	540	0.02858	0.01685
SNP_A-1680034	33239613	chip2	26	0.95454	0.03605	187	0.49949	0.02654	348	0.01968	0.01304
SNP_A-1729990	33318577	chip2	250	0.9864	0.01773	216	0.49968	0.03513	95	0.04551	0.02252
SNP_A-1646698	33318594	chip2	300	0.97218	0.02539	208	0.49805	0.0377	53	0.01381	0.01493
SNP_A-1732890	33368036	chip2	459	0.9566	0.03377	96	0.49804	0.04196	6	0.05033	0.01572
SNP_A-1754948	33368314	chip2	462	0.95339	0.03675	91	0.4978	0.03782	6	0.1145	0.02278
SNP_A-1671576	33368444	chip2	35	0.98003	0.02336	154	0.49662	0.06005	359	0.07509	0.04542
SNP_A-1658852	33403105	chip2	246	0.97687	0.02103	244	0.49978	0.03769	71	0.04959	0.02036
SNP_A-1737930	33414055	chip2	208	0.84816	0.05242	252	0.49882	0.03972	98	0.08228	0.02677
SNP_A-1705147	33414632	chip2	209	0.97709	0.01929	245	0.49761	0.04988	102	0.01525	0.01177
SNP_A-1709317	33420522	chip2	481	0.94592	0.01364	75	0.49932	0.02083	5	0.0328	0.02414
SNP_A-1657508	33445122	chip2	447	0.91484	0.04597	97	0.48842	0.06764	5	0.1856	0.15198
SNP_A-1753500	33454893	chip1	208	0.95127	0.02953	242	0.49751	0.04987	103	0.04243	0.0258
SNP_A-1755561	33465106	chip1	559	0.99461	0.01397	1	0.558	NA	0	NA	NA
SNP_A-1680436	33470182	chip2	542	0.97588	0.02122	13	0.49385	0.07338	2	0.0175	0.01768
SNP_A-1740637	33486009	chip2	322	0.91388	0.02557	197	0.49892	0.03233	38	0.06153	0.01199
SNP_A-1642451	33492495	chip2	61	0.90085	0.03183	235	0.4996	0.01944	265	0.07968	0.0226
SNP_A-1754280	33492696	chip2	492	0.91393	0.02876	64	0.49947	0.02507	5	0.0232	0.01285
SNP_A-1646597	33493778	chip1	17	0.86235	0.19165	93	0.49453	0.05522	423	0.03098	0.02634
SNP_A-1671560	33500735	chip2	0	NA	NA	11	0.50009	0.02094	550	0.00474	0.00712
SNP_A-1718905	33536872	chip2	91	0.92489	0.01695	262	0.49928	0.02846	206	0.12159	0.03939
SNP_A-1742108	33567581	chip1	1	0.885	NA	37	0.49576	0.03677	523	0.08727	0.03678
SNP_A-1749634	33604183	chip1	2	0.938	0.04384	48	0.49558	0.05832	510	0.03033	0.02678
SNP_A-1754865	33622292	chip1	488	0.91584	0.01601	70	0.4984	0.03358	3	0.062	0.01212
SNP_A-1754981	33622510	chip1	35	0.97417	0.01591	222	0.4992	0.03065	304	0.05706	0.01989
SNP_A-1660959	33627311	chip2	66	0.95958	0.02896	240	0.49809	0.02842	255	0.04353	0.03099
SNP_A-1677465	33628506	chip1	7	0.91714	0.02142	142	0.49793	0.03766	412	0.05146	0.03734
SNP_A-1735450	33631197	chip2	217	0.87894	0.03498	248	0.49873	0.03319	91	0.04582	0.0205
SNP_A-1646212	33632518	chip2	31	0.89881	0.04394	205	0.49751	0.0411	324	0.13194	0.04414
SNP_A-1691105	33669852	chip1	128	0.97574	0.0294	256	0.4977	0.04704	168	0.00558	0.02049
SNP_A-1693005	33677360	chip1	153	0.92254	0.03928	265	0.49922	0.03943	138	0.10262	0.04737
SNP_A-1734997	33701223	chip1	559	0.98483	0.01826	0	NA	NA	0	NA	NA
SNP_A-1743412	33742768	chip1	56	0.93755	0.02119	207	0.49738	0.03667	252	0.14127	0.0382
SNP_A-1661011	33780304	chip2	375	0.93809	0.02709	166	0.49768	0.03727	17	0.09118	0.06266
SNP_A-1709331	33781234	chip2	514	0.98164	0.02027	40	0.49968	0.04243	2	0.008	0.01131
SNP_A-1676279	33795085	chip1	334	0.96267	0.04352	174	0.49771	0.05854	30	0.0187	0.01809
SNP_A-1722582	33808858	chip2	110	0.99667	0.0083	251	0.49427	0.06878	194	0.02997	0.02071
SNP_A-1727987	33809546	chip2	505	0.9444	0.03469	53	0.49872	0.04407	3	0.07367	0.04259
SNP_A-1709559	33809597	chip2	194	0.9644	0.02431	249	0.50047	0.03794	110	0.01546	0.00995
SNP_A-1643251	33906731	chip2	19	0.91474	0.01488	29	0.50052	0.0196	505	0.04828	0.02576
SNP_A-1689720	33925720	chip1	240	0.9048	0.03003	217	0.49842	0.03271	103	0.09439	0.03341
SNP_A-1689896	33926150	chip1	211	0.99354	0.00932	224	0.49773	0.03794	125	0.03746	0.03304
SNP_A-1689996	33926232	chip1	240	0.91403	0.04176	218	0.49782	0.04062	97	0.10331	0.02921
SNP_A-1693237	33932898	chip1	21	0.99457	0.00789	28	0.50225	0.03054	512	0.01006	0.01202
SNP_A-1714561	33961544	chip2	432	0.99608	0.00965	119	0.49884	0.03576	9	0.07633	0.02969
SNP_A-1705534	33993523	chip1	163	0.94035	0.03884	223	0.49735	0.03984	171	0.05952	0.03127
SNP_A-1745497	34007701	chip1	148	0.89126	0.02443	234	0.49795	0.02952	171	0.1653	0.04852
SNP_A-1755995	34052011	chip1	16	0.86206	0.03939	157	0.49388	0.066	377	0.00462	0.01045
SNP_A-1756125	34052126	chip1	443	0.96124	0.02737	107	0.49422	0.0582	8	0.15975	0.02325
SNP_A-1739652	34229330	chip1	125	0.99145	0.0173	273	0.48575	0.10435	110	0.12649	0.03974
SNP_A-1739760	34229422	chip1	15	0.81467	0.03143	115	0.4991	0.03685	417	0.19634	0.04539
SNP_A-1648036	34247492	chip2	44	0.94943	0.02729	207	0.50028	0.02725	309	0.02761	0.01361
SNP_A-1751113	34256333	chip2	410	0.89691	0.03842	140	0.49871	0.03449	11	0.006	0.00792
SNP_A-1670011	34256413	chip2	414	0.93141	0.03364	136	0.49788	0.03694	11	0.14791	0.03595
SNP_A-1721926	34411916	chip2	32	0.97913	0.01365	173	0.49836	0.03465	351	0.02846	0.03286
SNP_A-1719549	34411961	chip2	39	0.85626	0.05121	191	0.49921	0.02917	331	0.08773	0.02072
SNP_A-1740927	34460028	chip2	27	0.90148	0.03474	73	0.49834	0.03688	461	0.07141	0.01825
SNP_A-1743870	34534249	chip1	432	0.93515	0.03099	109	0.49928	0.03407	19	0.02511	0.01597
SNP_A-1669970	34602583	chip1	431	0.94753	0.03443	104	0.49443	0.05224	23	0.03926	0.02209
SNP_A-1675028	34664207	chip1	544	0.91717	0.03244	14	0.50036	0.02335	1	0.012	NA
SNP_A-1675442	34671762	chip1	546	0.96027	0.03445	12	0.5005	0.03001	2	0.104	0.09758
SNP_A-1676771	34685304	chip1	2	0.9535	0.01768	89	0.49369	0.06238	467	0.0258	0.01865
SNP_A-1667395	34902461	chip1	504	0.97387	0.03929	33	0.499	0.07782	3	0.127	0.03772
SNP_A-1742361	34909112	chip2	450	0.93398	0.02132	102	0.50008	0.01649	8	0.047	0.0175
SNP_A-1719229	34915188	chip2	27	0.92537	0.05441	151	0.49397	0.10465	343	0.12354	0.07983
SNP_A-1740792	34987542	chip1	17	0.93941	0.00868	150	0.49737	0.05029	393	0.08242	0.03153
SNP_A-1740892	34987574	chip1	17	0.98335	0.00549	138	0.49822	0.03603	393	0.0273	0.03374
SNP_A-1742496	34989517	chip1	391	0.9457	0.02926	146	0.49753	0.0381	16	0.09988	0.04971
SNP_A-1745883	34993948	chip1	6	0.76383	0.11413	16	0.49662	0.05182	519	0.02293	0.01904
SNP_A-1691277	35094480	chip1	0	NA	NA	3	0.47467	0.1353	541	0.03592	0.0293
SNP_A-1693141	35102699	chip1	542	0.96157	0.03226	19	0.49758	0.0225	0	NA	NA
SNP_A-1704931	35167066	chip2	537	0.90872	0.03476	20	0.49645	0.07582	3	0.015	0.00985
SNP_A-1731229	35179861	chip2	13	0.97292	0.01796	136	0.49907	0.04565	412	0.07283	0.03634
SNP_A-1747108	35242670	chip1	365	0.9819	0.02372	164	0.49624	0.05487	15	0.13893	0.04813
SNP_A-1749030	35251148	chip1	0	NA	NA	14	0.50007	0.02758	544	0.08763	0.03552
SNP_A-1671147	35251560	chip1	535	0.97365	0.02223	25	0.50228	0.03983	1	0.107	NA
SNP_A-1744843	35263614	chip2	4	0.88425	0.03729	35	0.49783	0.0843	487	0.02909	0.04326
SNP_A-1729451	35338874	chip1	445	0.86451	0.06399	42	0.4939	0.06595	16	0.04462	0.02781
SNP_A-1725944	35396435	chip2	340	0.93372	0.04667	150	0.49503	0.06213	52	0.06096	0.02657
SNP_A-1665383	35415881	chip1	38	0.91092	0.04533	198	0.49841	0.06086	294	0.1591	0.04623
SNP_A-1674055	35447030	chip1	70	0.99566	0.00909	233	0.49375	0.05654	241	0.09244	0.03181
SNP_A-1726721	35496620	chip1	14	0.87379	0.03319	115	0.49735	0.06282	430	0.10982	0.02442
SNP_A-1728388	35502559	chip1	524	0.91806	0.06461	15	0.5276	0.11049	8	0.14025	0.06541
SNP_A-1653662	35626482	chip2	285	0.92251	0.0237	220	0.4995	0.02189	56	0.08884	0.02245
SNP_A-1647727	35646895	chip1	175	0.95247	0.01824	239	0.49838	0.03426	146	0.1182	0.04906
SNP_A-1678398	35659491	chip2	26	0.91392	0.03463	131	0.49882	0.02976	403	0.0462	0.02239
SNP_A-1660178	35696772	chip1	12	0.85583	0.15679	15	0.5174	0.07882	519	0.04196	0.03217
SNP_A-1681127	35730030	chip1	552	0.89034	0.04882	8	0.50062	0.02386	1	0.098	NA
SNP_A-1682959	35731478	chip1	153	0.95732	0.03101	270	0.49784	0.03957	137	0.08386	0.03177
SNP_A-1683143	35731738	chip1	177	0.91931	0.03492	248	0.49774	0.04519	134	0.03746	0.02378
SNP_A-1667121	35912151	chip1	174	0.93604	0.03917	238	0.49721	0.0472	144	0.04758	0.04122
SNP_A-1737149	35978628	chip2	113	0.97336	0.02169	278	0.49678	0.04195	169	0.00795	0.00918
SNP_A-1655916	36050214	chip1	310	0.92155	0.04086	215	0.49783	0.0367	34	0.12912	0.03382
SNP_A-1656142	36052836	chip1	257	0.86962	0.03061	244	0.4963	0.05055	59	0.11708	0.02999
SNP_A-1736217	36157142	chip2	40	0.99388	0.01148	210	0.49839	0.03717	310	0.00344	0.01127
SNP_A-1647745	36232658	chip1	535	0.91767	0.03964	23	0.50052	0.0392	3	0.041	0.01249
SNP_A-1733665	36572759	chip1	34	0.92032	0.05911	151	0.5013	0.05895	334	0.0801	0.03114
SNP_A-1735442	36729044	chip2	34	0.98379	0.02336	194	0.49839	0.04851	327	0.0299	0.02885
SNP_A-1666135	36755989	chip1	39	0.86687	0.02331	197	0.49934	0.02244	324	0.17724	0.032
SNP_A-1756915	36860698	chip2	534	0.93833	0.03631	7	0.51314	0.15209	0	NA	NA
SNP_A-1719816	37117885	chip1	368	0.95671	0.01642	161	0.49688	0.02978	31	0.08268	0.02917
SNP_A-1721675	37119622	chip1	429	0.98231	0.06766	88	0.47995	0.11875	1	0.115	NA
SNP_A-1721949	37120474	chip1	7	0.82071	0.03563	131	0.49996	0.04514	412	0.07608	0.03292
SNP_A-1652679	37150541	chip1	12	0.97442	0.03128	150	0.49689	0.04788	388	0.06558	0.03128
SNP_A-1678804	37425644	chip2	164	0.98316	0.01015	266	0.4988	0.02647	131	0.01683	0.0107
SNP_A-1673262	37450184	chip2	12	0.95933	0.02175	102	0.50217	0.02286	446	0.04783	0.02509
SNP_A-1756779	37450440	chip2	446	0.95691	0.03391	100	0.49859	0.03304	12	0.08025	0.02941
SNP_A-1701916	37560010	chip1	459	0.97195	0.03345	88	0.49167	0.06744	6	0.0435	0.01848
SNP_A-1719961	37647050	chip2	6	0.899	0.07878	118	0.49559	0.04924	431	0.08411	0.03325
SNP_A-1709286	38042260	chip1	515	0.9397	0.04031	35	0.49789	0.04243	2	0.092	0.00424
SNP_A-1712350	38044854	chip1	545	0.97983	0.01636	11	0.49373	0.06646	1	0.123	NA
SNP_A-1722020	38108113	chip2	530	0.9533	0.0274	25	0.50624	0.03186	6	0.02667	0.0307
SNP_A-1658870	38108273	chip2	527	0.98123	0.02586	17	0.49606	0.05906	5	0.0552	0.03056
SNP_A-1753298	38327576	chip1	16	0.88987	0.02814	49	0.49684	0.07326	491	0.07033	0.03957
SNP_A-1755073	38338772	chip1	430	0.9823	0.02968	116	0.4957	0.0605	6	0.02317	0.01839
SNP_A-1698321	38497089	chip2	4	0.99325	0.00922	30	0.4785	0.11517	481	0.11926	0.07484
SNP_A-1695016	38518746	chip1	525	0.98051	0.024	18	0.50783	0.04644	0	NA	NA
SNP_A-1696397	38527629	chip1	548	0.92348	0.02663	13	0.50608	0.06895	0	NA	NA
SNP_A-1654011	38565782	chip2	494	0.97952	0.01779	63	0.49963	0.04551	4	0.04025	0.0805
SNP_A-1749893	38634527	chip2	48	0.93408	0.05128	212	0.4895	0.07902	260	0.00686	0.01855
SNP_A-1693182	38639276	chip2	556	0.98049	0.01334	5	0.5002	0.02904	0	NA	NA
SNP_A-1747310	38728791	chip1	252	0.9087	0.03025	218	0.4988	0.03104	74	0.18903	0.03544
SNP_A-1756271	38838668	chip1	538	0.93527	0.03751	4	0.49825	0.07372	7	0.20671	0.11261
SNP_A-1643581	38857804	chip1	249	0.97029	0.02168	186	0.49715	0.04513	113	0.1216	0.04248
SNP_A-1666598	38942982	chip2	49	0.97455	0.01522	39	0.49867	0.02585	473	0.1005	0.0306
SNP_A-1673336	38943019	chip2	472	0.91162	0.03084	37	0.50184	0.0268	52	0.07	0.02021
SNP_A-1710852	39006932	chip2	165	0.95856	0.02473	221	0.4995	0.02941	174	0.05701	0.02298
SNP_A-1727808	39159899	chip1	352	0.91987	0.05834	174	0.48773	0.09235	11	0.13073	0.02679
SNP_A-1728062	39162321	chip1	322	0.92962	0.03163	203	0.49803	0.02838	35	0.17354	0.04695
SNP_A-1758353	39200740	chip2	336	0.9861	0.0078	193	0.49785	0.02891	32	0.00337	0.00465
SNP_A-1655502	39213545	chip1	32	0.95922	0.02276	162	0.49681	0.04553	353	0.06212	0.02828
SNP_A-1643668	39231291	chip2	32	0.95312	0.01588	193	0.50038	0.04164	336	0.01721	0.0112
SNP_A-1662802	39236581	chip2	336	0.98756	0.01795	188	0.49771	0.03957	32	0.06491	0.02184
SNP_A-1658889	39251626	chip1	35	0.96303	0.0293	173	0.49693	0.05133	344	0.01146	0.01732
SNP_A-1660628	39294334	chip1	28	0.97175	0.02336	150	0.49791	0.04647	378	0.03424	0.02709
SNP_A-1665927	39371814	chip1	545	0.98223	0.03039	13	0.50923	0.11651	0	NA	NA
SNP_A-1723578	39399540	chip2	0	NA	NA	10	0.4989	0.0424	544	0.14091	0.06679
SNP_A-1697631	39399572	chip2	0	NA	NA	7	0.49957	0.03491	547	0.10272	0.05649
SNP_A-1705731	39870970	chip2	348	0.90664	0.05658	146	0.49639	0.06264	14	0.08643	0.03803
SNP_A-1712086	39879867	chip1	371	0.94463	0.01632	163	0.49884	0.03693	27	0.0607	0.02227
SNP_A-1754377	40190424	chip1	547	0.92114	0.02583	14	0.50557	0.03573	0	NA	NA
SNP_A-1756217	40196884	chip1	475	0.95434	0.03202	74	0.50009	0.03989	6	0.04867	0.03096
SNP_A-1694366	40331129	chip1	29	0.92183	0.02296	108	0.49892	0.02969	424	0.05492	0.01643
SNP_A-1694502	40331251	chip1	0	NA	NA	10	0.5001	0.01643	549	0.08549	0.04943
SNP_A-1746545	40453045	chip1	3	0.90967	0.00902	63	0.49487	0.06244	490	0.07368	0.04582
SNP_A-1746652	40453345	chip1	39	0.87513	0.03995	109	0.49889	0.03533	411	0.05574	0.01729
SNP_A-1748766	40466876	chip1	480	0.8637	0.04169	65	0.49808	0.04795	3	0.14067	0.02346
SNP_A-1743145	40507986	chip2	26	0.92246	0.0291	113	0.49883	0.03185	413	0.07153	0.04936
SNP_A-1662503	40610564	chip1	345	0.87147	0.038	180	0.49809	0.04398	21	0.17976	0.04435
SNP_A-1734098	40669462	chip2	11	0.99391	0.01013	138	0.49973	0.05062	406	0.02786	0.02272
SNP_A-1716594	40742311	chip1	23	0.9147	0.03852	128	0.49544	0.07806	404	0.04383	0.02512
SNP_A-1695056	40899114	chip1	560	0.97726	0.01614	1	0.564	NA	0	NA	NA
SNP_A-1698276	40911192	chip1	553	0.93851	0.03435	8	0.5005	0.02807	0	NA	NA
SNP_A-1680228	40932648	chip2	283	0.95044	0.04296	210	0.49671	0.04576	55	0.0126	0.01437
SNP_A-1686886	40948613	chip2	57	0.92275	0.03105	242	0.4992	0.03927	258	0.07697	0.03947
SNP_A-1750428	41001431	chip1	236	0.94777	0.03066	258	0.4953	0.06489	63	0.10083	0.05554
SNP_A-1645029	41058112	chip1	60	0.94357	0.03426	226	0.49887	0.03411	272	0.06143	0.0215
SNP_A-1734084	41674625	chip2	240	0.93544	0.02351	211	0.49944	0.03176	109	0.03585	0.02085
SNP_A-1705169	41674874	chip2	537	0.99854	0.0047	21	0.50029	0.02342	3	0.02333	0.00462
SNP_A-1755878	41676614	chip2	537	0.95898	0.01623	21	0.50048	0.04663	3	0.02533	0.01102
SNP_A-1663498	41677063	chip2	537	0.98494	0.01511	21	0.50014	0.02155	3	0.04433	0.00666
SNP_A-1662920	41677130	chip2	532	0.96878	0.02646	29	0.49731	0.04904	0	NA	NA
SNP_A-1649765	41700493	chip1	325	0.90163	0.03387	196	0.49938	0.03106	40	0.06697	0.02031
SNP_A-1692907	41729950	chip1	30	0.99573	0.00649	166	0.49895	0.03446	359	0.05312	0.02081
SNP_A-1693037	41730708	chip1	339	0.95536	0.02483	189	0.49899	0.04869	32	0.01672	0.01717
SNP_A-1696739	41763948	chip1	477	0.82445	0.0609	52	0.49523	0.07292	0	NA	NA
SNP_A-1702256	41789790	chip1	516	0.92931	0.03444	42	0.50036	0.03922	3	0.13867	0.08558
SNP_A-1747358	41836209	chip1	207	0.89152	0.0277	250	0.49988	0.0237	103	0.12976	0.02466
SNP_A-1752874	41859258	chip1	191	0.96404	0.02559	227	0.49771	0.04379	116	0.06849	0.03622
SNP_A-1751470	42010931	chip1	0	NA	NA	2	0.239	0.04808	546	0.01951	0.03569
SNP_A-1674168	42014074	chip1	30	0.94703	0.01592	151	0.49736	0.03298	371	0.04399	0.03096
SNP_A-1689932	42061618	chip1	104	0.91101	0.01557	268	0.49957	0.0186	189	0.14731	0.0297
SNP_A-1690054	42062368	chip1	188	0.94101	0.02235	264	0.49961	0.02883	109	0.12668	0.0334
SNP_A-1649186	42341477	chip2	321	0.99779	0.00538	189	0.49795	0.04494	42	0.03464	0.022
SNP_A-1729255	42358549	chip1	14	0.86043	0.02987	128	0.49748	0.05697	411	0.01677	0.02367
SNP_A-1734295	42390405	chip1	303	0.96441	0.02729	211	0.4948	0.07613	25	0.1554	0.052
SNP_A-1696906	42409840	chip2	419	0.92589	0.04135	123	0.49979	0.05153	15	0.01813	0.01597
SNP_A-1737443	42414775	chip2	301	0.92223	0.02494	210	0.49981	0.03365	50	0.08776	0.03853
SNP_A-1735208	42428015	chip2	150	0.95196	0.04107	216	0.4974	0.03832	189	0.05057	0.04732
SNP_A-1753692	42440031	chip1	0	NA	NA	10	0.5	0.01811	551	0.09643	0.03095
SNP_A-1753816	42440405	chip1	414	0.92693	0.03091	124	0.49758	0.0429	16	0.07913	0.11427
SNP_A-1753934	42441431	chip1	304	0.96389	0.03234	203	0.49485	0.05928	53	0.05579	0.04698
SNP_A-1663348	42460308	chip2	150	0.94635	0.02754	191	0.49699	0.04428	193	0.05698	0.04739
SNP_A-1645135	42472606	chip1	451	0.90992	0.0419	99	0.49901	0.05478	8	0.09137	0.04385
SNP_A-1679974	42489823	chip2	7	0.95443	0.01728	105	0.49966	0.02434	449	0.04903	0.02064
SNP_A-1686839	42520129	chip1	241	0.92615	0.0293	249	0.49939	0.0324	70	0.09553	0.04017
SNP_A-1746013	42614026	chip1	10	0.9688	0.04888	131	0.49095	0.0715	393	0.03135	0.04101
SNP_A-1694230	42708775	chip1	161	0.952	0.0408	254	0.49905	0.0335	140	0.03751	0.01584
SNP_A-1733325	42717614	chip1	59	0.86871	0.02814	232	0.49942	0.0252	269	0.11027	0.03032
SNP_A-1741576	42759300	chip1	91	0.97724	0.02467	253	0.49986	0.03818	199	0.09603	0.03075
SNP_A-1665684	42880277	chip2	150	0.96887	0.02311	244	0.49921	0.02473	167	0.06553	0.01814
SNP_A-1720918	43011095	chip1	105	0.97109	0.02035	269	0.49894	0.03299	176	0.05106	0.02971
SNP_A-1670315	43147223	chip2	489	0.96078	0.03072	63	0.49519	0.0547	4	0.21275	0.15417
SNP_A-1660684	43175021	chip1	172	0.9	0.03076	246	0.49833	0.03888	135	0.08277	0.03422
SNP_A-1662319	43176767	chip1	546	0.95144	0.0332	7	0.50029	0.05792	0	NA	NA
SNP_A-1681088	43190700	chip2	108	0.9628	0.02	266	0.49881	0.03404	187	0.08199	0.02992
SNP_A-1705876	43236110	chip1	11	0.93445	0.03006	125	0.49786	0.03933	421	0.02582	0.01886
SNP_A-1647401	43335493	chip1	351	0.97111	0.02163	171	0.49554	0.06824	27	0.14622	0.07345
SNP_A-1692809	43382542	chip1	106	0.93963	0.06938	271	0.49602	0.05235	170	0.06192	0.05692
SNP_A-1737488	43571324	chip1	428	0.99456	0.00893	121	0.49752	0.04569	8	0.0465	0.01247
SNP_A-1738854	43571475	chip1	421	0.95387	0.03126	113	0.49278	0.05737	10	0.0622	0.11688
SNP_A-1745093	43673106	chip2	537	0.96991	0.03102	24	0.49896	0.03483	0	NA	NA
SNP_A-1732757	43710517	chip1	0	NA	NA	12	0.49225	0.09093	498	0.15641	0.08345
SNP_A-1704349	43771033	chip2	2	0.928	0.00566	54	0.49856	0.03511	504	0.06251	0.02141
SNP_A-1647284	43808941	chip2	55	0.98867	0.02375	217	0.49944	0.02603	288	0.03348	0.01791
SNP_A-1749332	43904148	chip1	323	0.89542	0.03177	198	0.49929	0.02485	39	0.06785	0.02022
SNP_A-1749558	43911330	chip1	136	0.99129	0.01327	249	0.49299	0.06672	141	0.12194	0.04193
SNP_A-1751334	43924064	chip1	10	0.9501	0.01828	40	0.50072	0.02675	508	0.07004	0.03067
SNP_A-1712893	43945366	chip2	153	0.9871	0.02213	249	0.49825	0.04162	154	0.06436	0.0277
SNP_A-1684313	43955895	chip1	137	0.83943	0.09888	228	0.48921	0.08101	151	0.06297	0.05941
SNP_A-1646734	43987248	chip2	0	NA	NA	9	0.50278	0.05567	546	0.06998	0.04217
SNP_A-1698409	44097291	chip2	69	0.9511	0.0342	229	0.49908	0.02647	259	0.13426	0.03626
SNP_A-1691380	44097407	chip2	72	0.93301	0.0306	228	0.49943	0.0244	260	0.04367	0.02177
SNP_A-1678161	44110203	chip1	10	0.8677	0.05726	138	0.49717	0.04748	382	0.05862	0.04448
SNP_A-1657576	44137422	chip2	64	0.97445	0.05592	207	0.49728	0.04157	277	0.0284	0.02846
SNP_A-1705069	44149283	chip2	59	0.85305	0.06095	216	0.49788	0.04193	284	0.05639	0.02341
SNP_A-1742254	44243719	chip1	15	0.8996	0.01957	90	0.49708	0.03582	444	0.08119	0.04319
SNP_A-1744084	44250132	chip1	37	0.96786	0.01805	175	0.49802	0.04124	349	0.1034	0.02828
SNP_A-1744228	44250171	chip1	458	0.98174	0.02332	91	0.4987	0.03468	12	0.0875	0.02162
SNP_A-1670499	44287559	chip1	154	0.94944	0.03527	242	0.49921	0.03863	161	0.04455	0.02304
SNP_A-1670619	44287817	chip1	41	0.88459	0.04644	208	0.49703	0.05663	291	0.07823	0.03612
SNP_A-1672011	44288816	chip1	261	0.89942	0.02824	206	0.49812	0.04582	57	0.11011	0.06295
SNP_A-1672183	44290254	chip1	436	0.98289	0.01204	113	0.49548	0.05644	8	0.14313	0.03276
SNP_A-1675875	44301130	chip1	3	0.91867	0.0261	85	0.49556	0.05166	449	0.09252	0.07847
SNP_A-1677507	44303830	chip1	453	0.94314	0.0382	94	0.49782	0.04852	3	0.12467	0.02466
SNP_A-1668382	44400710	chip2	42	0.97471	0.01096	180	0.49921	0.03135	339	0.02214	0.02341
SNP_A-1703237	44413466	chip2	97	0.99535	0.00696	223	0.49939	0.03127	239	0.00018	0.00115
SNP_A-1671219	44416281	chip1	26	0.9225	0.04672	149	0.4991	0.05118	374	0.08209	0.03819
SNP_A-1671447	44417456	chip1	180	0.94986	0.08325	206	0.49236	0.06462	114	0.06452	0.04527
SNP_A-1732269	44419443	chip2	260	0.95517	0.01649	245	0.49807	0.02463	56	0.06786	0.03031
SNP_A-1759029	44485578	chip2	461	0.96977	0.03367	78	0.485	0.0854	6	0.049	0.03691
SNP_A-1715456	44492811	chip1	29	0.97355	0.01463	163	0.49761	0.04489	368	0.0492	0.03384
SNP_A-1715568	44492908	chip1	7	0.953	0.03822	79	0.49819	0.04399	472	0.07236	0.04139
SNP_A-1657055	44511673	chip2	37	0.9607	0.02501	177	0.49799	0.05184	342	0.01172	0.01452
SNP_A-1726205	44536492	chip1	26	0.83577	0.0544	150	0.49823	0.0371	381	0.10582	0.02939
SNP_A-1672840	44543765	chip2	3	0.71167	0.14032	47	0.47821	0.12326	469	0.08018	0.08107
SNP_A-1729841	44556673	chip1	500	0.97276	0.01658	53	0.49523	0.04043	5	0.0682	0.086
SNP_A-1733124	44575545	chip2	32	0.91475	0.02765	167	0.49816	0.03352	357	0.05869	0.01486
SNP_A-1655214	44582854	chip1	493	0.957	0.03731	58	0.50034	0.04203	3	0.03767	0.0497
SNP_A-1657100	44593015	chip1	375	0.96908	0.0202	146	0.49396	0.06663	29	0.08359	0.07015
SNP_A-1657274	44593368	chip1	122	0.87927	0.03203	251	0.49977	0.03102	188	0.06635	0.02385
SNP_A-1657670	45250436	chip2	392	0.94478	0.03085	114	0.50006	0.04539	32	0.04284	0.04925
SNP_A-1703431	45289960	chip2	399	0.92537	0.03039	145	0.49748	0.05217	16	0.144	0.07879
SNP_A-1720273	45585337	chip2	546	0.9778	0.03976	14	0.50021	0.05177	1	0.005	NA
SNP_A-1712950	45643433	chip1	65	0.94711	0.02558	254	0.4958	0.05616	229	0.03762	0.02823
SNP_A-1670612	45657701	chip2	232	0.95657	0.02032	244	0.49782	0.03494	78	0.09292	0.03327
SNP_A-1718505	45676443	chip2	474	0.95174	0.03922	69	0.49871	0.05069	11	0.04882	0.02746
SNP_A-1668523	45720422	chip1	551	0.97799	0.01785	10	0.5006	0.03019	0	NA	NA
SNP_A-1722759	45791152	chip1	241	0.93121	0.03567	241	0.48972	0.08412	77	0.06347	0.06054
SNP_A-1674686	45881731	chip1	131	0.91398	0.02626	265	0.49853	0.04326	160	0.05685	0.02177
SNP_A-1675989	45882028	chip1	152	0.94405	0.02982	216	0.49673	0.04498	143	0.06245	0.08158
SNP_A-1664631	45983000	chip1	185	0.91848	0.03845	257	0.49964	0.03865	111	0.03666	0.04411
SNP_A-1737233	45988100	chip2	545	0.86629	0.03612	11	0.50209	0.02671	1	0	NA
SNP_A-1713895	46033388	chip1	505	0.9545	0.04915	51	0.49635	0.04244	1	0.044	NA
SNP_A-1653297	46111404	chip1	175	0.99435	0.01874	241	0.4909	0.10141	142	0.01698	0.017
SNP_A-1653407	46111442	chip1	542	0.97835	0.01611	17	0.50153	0.03256	2	0.0155	0.00495
SNP_A-1653497	46111582	chip1	146	0.98606	0.02374	225	0.49684	0.0444	153	0.07376	0.04815
SNP_A-1709332	46193217	chip1	511	0.97436	0.01781	34	0.50053	0.05421	12	0.01733	0.0154
SNP_A-1713168	46211471	chip1	504	0.92798	0.02811	54	0.49296	0.06147	3	0.082	0.04078
SNP_A-1714942	46215076	chip1	229	0.95609	0.02974	214	0.50088	0.03879	107	0.0229	0.0148
SNP_A-1643959	46243428	chip1	66	0.91427	0.03589	188	0.49627	0.04855	300	0.06062	0.01991
SNP_A-1668908	46319092	chip1	258	0.96069	0.02133	247	0.49798	0.03438	54	0.00698	0.01105
SNP_A-1662759	46450326	chip1	0	NA	NA	5	0.4994	0.07139	556	0.07422	0.0472
SNP_A-1667763	46460049	chip1	0	NA	NA	1	0.498	NA	560	0.00086	0.00337
SNP_A-1713252	46502674	chip1	103	0.9714	0.01675	225	0.49735	0.05501	225	0.06194	0.02117
SNP_A-1718751	46511252	chip2	321	0.8897	0.0369	196	0.49594	0.05456	24	0.13025	0.02621
SNP_A-1663740	46569391	chip2	9	0.96856	0.01956	99	0.49892	0.0261	453	0.08597	0.03318
SNP_A-1722134	46595929	chip2	10	0.9716	0.02932	82	0.50149	0.04086	469	0.04335	0.01916
SNP_A-1683746	46609605	chip2	457	0.96088	0.02622	95	0.50005	0.04444	4	0.0715	0.03088
SNP_A-1723798	46610226	chip2	542	0.97645	0.02688	17	0.50512	0.03245	1	0.033	NA
SNP_A-1699059	46613506	chip2	1	0.963	NA	19	0.50274	0.03026	541	0.07168	0.02275
SNP_A-1718841	46614607	chip2	1	0.965	NA	18	0.50339	0.03829	542	0.07624	0.03732
SNP_A-1706910	46625415	chip1	7	0.98686	0.01379	91	0.49813	0.04033	463	0.01135	0.01636
SNP_A-1728979	46627384	chip2	127	0.96781	0.01806	237	0.49614	0.05248	188	0.00211	0.00887
SNP_A-1710843	46639423	chip1	548	0.86468	0.02759	8	0.50025	0.03056	0	NA	NA
SNP_A-1657627	46720490	chip1	163	0.94964	0.04283	289	0.4994	0.03916	108	0.03531	0.0249
SNP_A-1705992	46772088	chip1	465	0.96233	0.02202	75	0.49848	0.0426	8	0.06275	0.05619
SNP_A-1706224	46773410	chip1	1	0.931	NA	29	0.49993	0.02229	531	0.07445	0.02615
SNP_A-1644369	46835938	chip1	228	0.94813	0.04029	252	0.4992	0.03824	80	0.03361	0.02462
SNP_A-1646473	46842676	chip1	416	0.90679	0.04506	123	0.49778	0.05708	8	0.06438	0.03096
SNP_A-1689756	46868963	chip1	444	0.93107	0.03174	105	0.49472	0.0537	7	0.15414	0.06613
SNP_A-1742163	46949920	chip2	322	0.89386	0.04083	198	0.49947	0.02925	41	0.0741	0.02
SNP_A-1646326	47008803	chip2	545	0.91353	0.04511	16	0.50069	0.02909	0	NA	NA
SNP_A-1736665	47046698	chip2	12	0.95817	0.0208	164	0.4982	0.03901	379	0.02699	0.03137
SNP_A-1694719	47047245	chip2	51	0.99563	0.00781	208	0.49907	0.03242	302	0.01183	0.01331
SNP_A-1722779	47186149	chip1	93	0.92739	0.04996	254	0.49532	0.05408	199	0.03931	0.03052
SNP_A-1723011	47186741	chip1	197	0.97782	0.03025	241	0.49464	0.05569	106	0.01342	0.02182
SNP_A-1724237	47187015	chip1	245	0.94507	0.04033	229	0.49208	0.06394	53	0.05753	0.04397
SNP_A-1724351	47187524	chip1	48	0.85056	0.04905	237	0.49727	0.04294	270	0.10819	0.04371
SNP_A-1724483	47187576	chip1	159	0.92388	0.02962	270	0.49877	0.04634	124	0.1506	0.03963
SNP_A-1750143	47201283	chip2	260	0.935	0.02126	229	0.49803	0.03622	71	0.0738	0.02977
SNP_A-1697993	47256280	chip2	79	0.94358	0.03611	258	0.49893	0.04372	223	0.03383	0.02295
SNP_A-1686702	47270978	chip2	116	0.96178	0.01579	248	0.4976	0.03631	180	0.01865	0.03981
SNP_A-1650900	47337591	chip2	339	0.86815	0.0309	190	0.49961	0.02394	32	0.13587	0.03665
SNP_A-1682026	47337756	chip2	412	0.97135	0.02508	139	0.5002	0.03491	8	0.0325	0.03478
SNP_A-1736787	47456129	chip2	22	0.94318	0.02834	153	0.49867	0.03514	386	0.02456	0.01676
SNP_A-1662969	47565017	chip1	360	0.93067	0.02012	173	0.49749	0.04242	24	0.02838	0.03019
SNP_A-1663161	47565552	chip1	93	0.96002	0.02548	222	0.49691	0.0531	242	0.0601	0.02955
SNP_A-1666469	47574067	chip1	0	NA	NA	6	0.50267	0.05726	554	0.0266	0.01893
SNP_A-1704030	47760593	chip1	426	0.9288	0.02967	123	0.49811	0.04727	10	0.0071	0.01074
SNP_A-1671182	47830403	chip2	91	0.99213	0.01054	241	0.49939	0.02024	229	0.02122	0.01677
SNP_A-1758612	47830859	chip2	0	NA	NA	10	0.4998	0.01976	548	0.15968	0.04303
SNP_A-1696109	47847801	chip1	543	0.92786	0.03666	9	0.49944	0.03074	1	0.026	NA
SNP_A-1697922	47849529	chip1	541	0.90531	0.07193	13	0.50223	0.07199	2	0.012	0.01414
SNP_A-1699920	47854671	chip1	376	0.93686	0.03392	166	0.49705	0.04495	17	0.10053	0.03212
SNP_A-1652506	47893894	chip2	518	0.88273	0.02808	23	0.50083	0.04327	3	0.042	0.03724
SNP_A-1679476	47904448	chip2	7	0.98571	0.01223	53	0.49889	0.04369	500	0.03095	0.01735
SNP_A-1681253	47913657	chip1	22	0.95755	0.02658	171	0.49912	0.02935	368	0.01605	0.01455
SNP_A-1686765	47928225	chip1	351	0.97932	0.01501	185	0.49817	0.0405	24	0.05608	0.03968
SNP_A-1749168	47980260	chip1	444	0.95686	0.03635	104	0.49854	0.05101	8	0.1165	0.0359
SNP_A-1697991	47996263	chip2	394	0.92743	0.02309	128	0.49969	0.01929	38	0.08518	0.03869
SNP_A-1664084	47999013	chip2	298	0.95931	0.02815	183	0.49881	0.03907	78	0.03565	0.02847
SNP_A-1684788	47999144	chip2	11	0.96445	0.01383	116	0.49923	0.03218	434	0.03469	0.02702
SNP_A-1708002	47999394	chip2	298	0.98718	0.01597	185	0.49706	0.04579	74	0.08051	0.03184
SNP_A-1729162	48069777	chip2	155	0.95576	0.01697	263	0.49933	0.033	142	0.02226	0.01277
SNP_A-1722344	48069909	chip2	411	0.94997	0.02461	134	0.49903	0.0317	16	0.06975	0.02489
SNP_A-1659784	48070584	chip2	75	0.95843	0.02808	228	0.50015	0.02745	258	0.04448	0.01586
SNP_A-1661844	48071459	chip2	536	0.90137	0.02822	22	0.49727	0.03627	1	0.066	NA
SNP_A-1693764	48114679	chip1	0	NA	NA	13	0.50023	0.03314	546	0.04203	0.02346
SNP_A-1693890	48114794	chip1	69	0.80935	0.06031	322	0.47191	0.1306	85	0.01386	0.01397
SNP_A-1695394	48115070	chip1	0	NA	NA	25	0.49668	0.12086	529	0.04494	0.03534
SNP_A-1719133	48118077	chip2	2	0.9595	0.00919	48	0.49977	0.03746	511	0.02241	0.01675
SNP_A-1684852	48118190	chip2	482	0.96927	0.02434	71	0.49756	0.0493	5	0.1268	0.02912
SNP_A-1688737	48313502	chip1	53	0.97415	0.02364	228	0.49714	0.04509	276	0.06029	0.03043
SNP_A-1690248	48313749	chip1	0	NA	NA	6	0.4995	0.02925	553	0.03822	0.03324
SNP_A-1690370	48313892	chip1	15	0.92633	0.02651	28	0.49982	0.03361	518	0.02413	0.02072
SNP_A-1690702	48314173	chip1	530	0.88154	0.03616	28	0.49518	0.04623	0	NA	NA
SNP_A-1691981	48314526	chip1	418	0.91833	0.03966	120	0.49702	0.0464	12	0.01942	0.0135
SNP_A-1692099	48314593	chip1	271	0.94166	0.02174	234	0.49817	0.03915	56	0.097	0.03239
SNP_A-1726747	48481817	chip1	308	0.97317	0.02416	204	0.49507	0.05236	41	0.15671	0.03926
SNP_A-1726963	48482509	chip1	45	0.99016	0.01307	204	0.50021	0.02749	309	0.03746	0.01514
SNP_A-1728292	48482917	chip1	137	0.99832	0.00595	260	0.4992	0.02886	163	0.00967	0.01196
SNP_A-1732096	48538572	chip1	509	0.95731	0.03897	43	0.50337	0.05142	1	0.001	NA
SNP_A-1651039	48667921	chip1	50	0.94346	0.04135	111	0.49623	0.0498	366	0.01475	0.03415
SNP_A-1651281	48668990	chip1	0	NA	NA	37	0.49784	0.04069	514	0.04789	0.05316
SNP_A-1704908	48874725	chip1	304	0.94773	0.03379	216	0.49812	0.04225	36	0.05472	0.02618
SNP_A-1746738	48898863	chip1	470	0.98147	0.04454	74	0.48947	0.07227	6	0.073	0.02615
SNP_A-1748348	48899534	chip1	341	0.90203	0.03471	188	0.49981	0.05641	18	0.16739	0.04051
SNP_A-1710085	49023156	chip2	87	0.96061	0.01879	247	0.50006	0.03274	226	0.03777	0.02238
