Probe_set	Phy_position	Chiptype	num_AA	mean_AA	std_AA	num_AB	mean_AB	std_AB	num_BB	mean_BB	std_BB
SNP_A-1691210	341341	chip2	69	0.93584	0.04237	195	0.49818	0.04408	235	0.08963	0.09474
SNP_A-1657667	1888178	chip1	375	0.87859	0.0346	175	0.49833	0.03853	10	0.064	0.02685
SNP_A-1715362	2071154	chip1	0	NA	NA	4	0.512	0.04621	544	0.17587	0.0481
SNP_A-1705593	2190966	chip2	10	0.9929	0.00846	118	0.49456	0.05687	433	0.0204	0.02399
SNP_A-1701380	2705548	chip1	103	0.94898	0.02587	250	0.49834	0.05257	192	0.13395	0.03623
SNP_A-1702852	2705840	chip1	546	0.99188	0.01116	12	0.50067	0.04714	3	0.04633	0.02765
SNP_A-1721414	3540074	chip1	6	0.89967	0.02928	75	0.49529	0.05217	480	0.00385	0.00846
SNP_A-1676844	4091563	chip2	368	0.90413	0.0288	124	0.49695	0.07207	40	0.04163	0.02876
SNP_A-1757880	4092209	chip2	40	0.96205	0.01579	127	0.49982	0.02339	394	0.05537	0.02965
SNP_A-1720032	4367411	chip1	164	0.95206	0.04659	258	0.49262	0.07111	90	0.11257	0.05817
SNP_A-1727605	4990135	chip2	0	NA	NA	12	0.50017	0.04432	549	0.04784	0.02509
SNP_A-1690484	5186958	chip1	529	0.94093	0.03456	26	0.49835	0.07523	0	NA	NA
SNP_A-1690608	5187166	chip1	372	0.98804	0.02417	165	0.49353	0.05624	21	0.0349	0.03197
SNP_A-1697936	5259347	chip1	3	0.99467	0.00924	75	0.49761	0.05193	480	0.01402	0.00739
SNP_A-1758880	5374643	chip2	90	0.98842	0.01409	253	0.49867	0.04313	218	0.02597	0.01674
SNP_A-1725387	5560257	chip1	398	0.9807	0.02661	141	0.49783	0.038	18	0.00622	0.01182
SNP_A-1727534	5576802	chip1	273	0.89593	0.03466	210	0.49872	0.02842	78	0.08888	0.02277
SNP_A-1652775	5622821	chip1	449	0.97218	0.0437	101	0.4814	0.11604	5	0.1046	0.04716
SNP_A-1752051	5913530	chip2	55	0.85016	0.04502	214	0.49973	0.0267	290	0.10146	0.02547
SNP_A-1727040	6010840	chip2	3	0.933	0.01473	29	0.50079	0.03444	529	0.02651	0.02199
SNP_A-1662532	6109492	chip2	470	0.92144	0.02253	85	0.49971	0.02104	6	0.08617	0.02056
SNP_A-1749438	6189414	chip1	52	0.97654	0.02188	163	0.49933	0.02683	346	0.0344	0.02011
SNP_A-1745101	6503386	chip2	523	0.9546	0.03248	20	0.50625	0.18134	10	0.0129	0.03583
SNP_A-1679968	6633953	chip2	74	0.96497	0.03194	246	0.49961	0.032	240	0.08369	0.03953
SNP_A-1676578	6635197	chip2	13	0.91123	0.02947	121	0.49895	0.02884	426	0.0036	0.00929
SNP_A-1712387	6636304	chip2	111	0.94592	0.02377	247	0.49472	0.05593	202	0.02225	0.02441
SNP_A-1723549	6693864	chip1	399	0.93157	0.04047	140	0.49868	0.038	21	0.055	0.01778
SNP_A-1729226	6779040	chip2	253	0.93326	0.02975	208	0.49877	0.03088	61	0.0633	0.05373
SNP_A-1647978	6859557	chip2	167	0.98346	0.01913	225	0.49844	0.05014	145	0.07727	0.03333
SNP_A-1642547	6909134	chip2	27	0.99219	0.00932	128	0.50062	0.05451	406	0.02081	0.02523
SNP_A-1653105	6912182	chip1	396	0.91268	0.02875	124	0.49892	0.03927	35	0.07266	0.03051
SNP_A-1692021	7133963	chip1	391	0.93414	0.02427	158	0.49825	0.03814	12	0.05542	0.03492
SNP_A-1743419	7403288	chip2	286	0.92217	0.02374	196	0.49972	0.03366	75	0.02915	0.00849
SNP_A-1695988	7687435	chip1	342	0.95372	0.02929	177	0.49786	0.03696	39	0.04044	0.02317
SNP_A-1719545	8214446	chip2	19	0.942	0.03744	147	0.48873	0.08155	391	0.02601	0.02664
SNP_A-1687507	8782486	chip1	49	0.86453	0.04296	246	0.49765	0.06613	258	0.08767	0.03282
SNP_A-1753028	9240628	chip1	463	0.93881	0.03781	79	0.49768	0.04216	11	0.13064	0.0354
SNP_A-1644359	9335633	chip1	536	0.95257	0.02032	22	0.5015	0.05129	1	0.007	NA
SNP_A-1683967	9349461	chip1	74	0.89449	0.06958	254	0.49575	0.05782	221	0.0159	0.02487
SNP_A-1689656	9369228	chip1	97	0.97145	0.04002	279	0.49841	0.04888	171	0.06037	0.05304
SNP_A-1742917	9464695	chip2	11	0.96409	0.0265	64	0.49952	0.05022	477	0.07167	0.04888
SNP_A-1678216	9464751	chip2	481	0.94903	0.02508	67	0.49907	0.03515	11	0.01736	0.01269
SNP_A-1741797	9660655	chip2	18	0.88611	0.11824	99	0.49856	0.03381	444	0.05469	0.04241
SNP_A-1643383	9661290	chip2	554	0.97744	0.01586	6	0.50083	0.01425	0	NA	NA
SNP_A-1750892	9666692	chip1	497	0.99601	0.00878	59	0.49853	0.03129	5	0.0766	0.01797
SNP_A-1669127	11088554	chip2	4	0.9215	0.06262	23	0.49613	0.05698	529	0.04055	0.01932
SNP_A-1744043	11088602	chip2	369	0.91254	0.09406	159	0.48262	0.11745	26	0.17788	0.09819
SNP_A-1684761	11295505	chip1	406	0.90892	0.02904	113	0.49905	0.03651	33	0.17667	0.02831
SNP_A-1679808	11658252	chip2	1	0.904	NA	85	0.49604	0.06236	444	0.08674	0.04854
SNP_A-1730831	11658308	chip2	447	0.9963	0.01011	74	0.49953	0.04856	39	0.02674	0.00831
SNP_A-1731584	11730080	chip1	510	0.98838	0.02226	26	0.49462	0.08711	14	0.01079	0.01696
SNP_A-1662079	11769397	chip1	267	0.96315	0.02604	213	0.49796	0.04393	75	0.05615	0.03397
SNP_A-1733247	12158369	chip1	59	0.96246	0.02337	201	0.4954	0.06087	271	0.05507	0.03573
SNP_A-1743078	12322072	chip1	2	0.9405	0.05303	12	0.5	0.03151	547	0.08806	0.03447
SNP_A-1716183	13425865	chip2	116	0.88625	0.03679	251	0.50036	0.03048	168	0.14281	0.02675
SNP_A-1655367	13445855	chip2	135	0.99498	0.02822	257	0.49914	0.04582	151	0.02886	0.02107
SNP_A-1671617	14490150	chip1	415	0.97746	0.02935	103	0.49495	0.05436	18	0.06872	0.05481
SNP_A-1673235	14510264	chip1	539	0.97052	0.03759	14	0.50093	0.05622	0	NA	NA
SNP_A-1738114	14603924	chip2	521	0.9271	0.01454	36	0.50072	0.0305	4	0.08725	0.01859
SNP_A-1648830	14604003	chip2	193	0.97355	0.01441	256	0.49938	0.02998	112	0.06652	0.02171
SNP_A-1664712	14604245	chip2	54	0.94398	0.03154	188	0.4986	0.03364	294	0.03123	0.03391
SNP_A-1704341	14801001	chip2	152	0.97945	0.02089	277	0.49762	0.0359	129	0.00393	0.00857
SNP_A-1695541	14886268	chip2	41	0.88168	0.07215	228	0.49591	0.05812	239	0.11845	0.04573
SNP_A-1652199	14900519	chip1	103	0.98628	0.04466	235	0.4899	0.08983	124	0.07698	0.03525
SNP_A-1652323	14900616	chip1	81	0.92036	0.02223	249	0.49859	0.03378	231	0.06629	0.0171
SNP_A-1683610	15020981	chip2	390	0.95714	0.01886	152	0.49822	0.03032	19	0.03679	0.0412
SNP_A-1679762	15035585	chip2	516	0.94983	0.02708	36	0.49994	0.02325	9	0.03089	0.01882
SNP_A-1656048	15579349	chip1	19	0.90605	0.01894	145	0.49868	0.03721	395	0.07841	0.02089
SNP_A-1666083	15604035	chip1	276	0.88658	0.04846	192	0.49589	0.06162	40	0.15435	0.06491
SNP_A-1750747	15627419	chip2	225	0.9486	0.02729	247	0.49695	0.05821	86	0.08037	0.0527
SNP_A-1718899	15627470	chip2	27	0.94874	0.03372	172	0.49851	0.04693	357	0.08391	0.03984
SNP_A-1690537	15685071	chip2	196	0.95831	0.02467	230	0.49845	0.04082	134	0.03884	0.02555
SNP_A-1655162	15712143	chip1	23	0.88226	0.05247	76	0.49721	0.05577	454	0.06952	0.04274
SNP_A-1655272	15712229	chip1	23	0.9303	0.0334	78	0.49904	0.04497	456	0.03871	0.02679
SNP_A-1655388	15712261	chip1	129	0.99303	0.01664	222	0.49585	0.05469	199	0.0381	0.02489
SNP_A-1738142	15720629	chip2	67	0.93621	0.02324	204	0.49967	0.01598	290	0.08356	0.02406
SNP_A-1706177	15720712	chip2	293	0.92524	0.03117	208	0.49864	0.03543	60	0.06198	0.02955
SNP_A-1707107	15771308	chip2	10	0.9585	0.03753	135	0.49931	0.05507	393	0.10025	0.04338
SNP_A-1680722	15858564	chip2	103	0.93353	0.02756	267	0.49963	0.02727	191	0.02524	0.01679
SNP_A-1743997	15883000	chip2	115	0.82703	0.04742	288	0.46775	0.10738	87	0.08579	0.01928
SNP_A-1738306	15912902	chip2	417	0.92474	0.02232	116	0.49707	0.03182	27	0.08219	0.01777
SNP_A-1751538	15919348	chip1	460	0.9488	0.03171	95	0.49204	0.0616	6	0.137	0.04246
SNP_A-1751724	15919803	chip1	27	0.94867	0.02477	116	0.49944	0.02881	418	0.01814	0.01918
SNP_A-1691657	16012223	chip1	53	0.89536	0.11149	221	0.49633	0.0558	271	0.06882	0.02517
SNP_A-1652402	16194998	chip2	13	0.84238	0.03463	168	0.49907	0.03847	372	0.10478	0.04243
SNP_A-1666632	16213403	chip2	94	0.94389	0.02244	271	0.49947	0.01552	195	0.08781	0.02218
SNP_A-1706811	16317260	chip2	200	0.90244	0.03662	265	0.49658	0.05424	80	0.00678	0.01097
SNP_A-1723600	16332871	chip2	202	0.94979	0.02108	231	0.49968	0.0165	119	0.07614	0.03549
SNP_A-1723935	16371279	chip1	328	0.87315	0.03723	195	0.49931	0.02908	38	0.12282	0.02702
SNP_A-1730892	16436298	chip1	559	0.98324	0.02254	2	0.469	0.02687	0	NA	NA
SNP_A-1670724	16452464	chip2	86	0.94495	0.02953	240	0.49836	0.03957	231	0.03384	0.01645
SNP_A-1737347	16473011	chip2	315	0.92431	0.06338	190	0.48482	0.09286	36	0.102	0.05528
SNP_A-1666484	16489850	chip2	364	0.96361	0.0341	158	0.49866	0.02944	33	0.0217	0.01177
SNP_A-1674108	16560813	chip2	136	0.85659	0.04176	252	0.49782	0.04485	166	0.00552	0.01294
SNP_A-1685754	16561051	chip2	88	0.8922	0.04394	220	0.49772	0.04843	242	0.13264	0.04324
SNP_A-1720055	17528970	chip2	243	0.93605	0.03235	195	0.49883	0.03605	84	0.03082	0.02708
SNP_A-1666594	17725452	chip2	364	0.98977	0.01482	174	0.49961	0.02541	23	0.02017	0.0149
SNP_A-1719780	18643377	chip1	267	0.90737	0.0372	230	0.49959	0.03131	60	0.1352	0.02848
SNP_A-1752909	19380568	chip2	5	0.9792	0.00853	26	0.49981	0.02131	530	0.01225	0.01313
SNP_A-1683302	19428248	chip2	100	0.92887	0.03306	215	0.49987	0.02467	245	0.10026	0.0278
SNP_A-1748399	19584215	chip2	6	0.94383	0.02558	65	0.49223	0.07142	471	0.03149	0.0484
SNP_A-1645327	19682367	chip1	304	0.94392	0.05597	179	0.4804	0.0905	38	0.09282	0.06575
SNP_A-1685813	19987398	chip1	23	0.97983	0.02649	179	0.49272	0.07042	343	0.08504	0.0507
SNP_A-1663486	20070589	chip2	526	0.9318	0.0313	33	0.49894	0.03915	1	0.111	NA
SNP_A-1669441	20152263	chip2	148	0.91634	0.02079	247	0.49998	0.0264	166	0.10231	0.03403
SNP_A-1647219	20195097	chip1	199	0.85409	0.03377	354	0.4882	0.1017	0	NA	NA
SNP_A-1652213	20282246	chip1	12	0.95925	0.07784	12	0.50283	0.06946	516	0.01905	0.02502
SNP_A-1670177	20287003	chip2	177	0.93028	0.03514	271	0.4992	0.02179	113	0.11389	0.0246
SNP_A-1679882	20533429	chip2	94	0.94894	0.04242	260	0.4978	0.03561	206	0.07323	0.03983
SNP_A-1667910	20582566	chip2	381	0.90348	0.03487	158	0.49946	0.0349	21	0.04695	0.01857
SNP_A-1646257	20592745	chip1	405	0.93949	0.05213	135	0.4909	0.06499	17	0.11059	0.04953
SNP_A-1743656	20748902	chip1	293	0.98625	0.01712	225	0.49925	0.02809	40	0.1323	0.02194
SNP_A-1720147	20914290	chip2	5	0.9704	0.02192	15	0.50253	0.03554	541	0.03612	0.02849
SNP_A-1734397	20949730	chip1	64	0.88458	0.03898	252	0.49697	0.04536	241	0.08895	0.03245
SNP_A-1734517	20949974	chip1	196	0.97118	0.02308	246	0.49943	0.03094	119	0.04872	0.01534
SNP_A-1658576	20961394	chip2	534	0.98548	0.01218	22	0.49995	0.01671	5	0.0284	0.02892
SNP_A-1682030	21223021	chip2	29	0.89928	0.06771	159	0.48752	0.08326	364	0.01228	0.01749
SNP_A-1722870	21497820	chip2	9	0.86411	0.04827	96	0.50029	0.02317	456	0.05552	0.02242
SNP_A-1754959	21633219	chip1	3	0.87733	0.01973	34	0.49591	0.11853	514	0.05183	0.04739
SNP_A-1683288	21847999	chip2	324	0.97258	0.03431	196	0.49695	0.04562	39	0.04918	0.04769
SNP_A-1690626	21948425	chip1	0	NA	NA	174	0.49182	0.07219	362	0.17094	0.04752
SNP_A-1694457	21977650	chip2	262	0.85274	0.04412	288	0.49026	0.09442	0	NA	NA
SNP_A-1698915	22007281	chip2	242	0.98349	0.01821	244	0.49959	0.02627	75	0.09687	0.03165
SNP_A-1727611	22007807	chip2	14	0.8015	0.06515	151	0.49725	0.05344	390	0.10935	0.04642
SNP_A-1745803	22044663	chip1	31	0.99532	0.00962	123	0.49834	0.05722	401	0.02826	0.02923
SNP_A-1668563	22064583	chip1	244	0.96634	0.02288	256	0.49537	0.04868	58	0.1169	0.05601
SNP_A-1693577	22097926	chip2	531	0.93261	0.02098	25	0.49992	0.01973	3	0.09833	0.10992
SNP_A-1645838	22111849	chip2	231	0.91905	0.05098	230	0.4991	0.04378	61	0.11334	0.05723
SNP_A-1710822	22119329	chip2	40	0.76143	0.03505	350	0.47799	0.12234	85	0.08459	0.02547
SNP_A-1725705	22427388	chip1	123	0.86968	0.03638	280	0.49744	0.04139	148	0.14074	0.04346
SNP_A-1730632	22461475	chip1	36	0.93494	0.03467	156	0.49676	0.05211	367	0.01368	0.01523
SNP_A-1705547	22475916	chip2	532	0.97172	0.01608	29	0.49924	0.02173	0	NA	NA
SNP_A-1742998	22477588	chip1	99	0.91091	0.03548	234	0.4963	0.04969	224	0.05238	0.03831
SNP_A-1754532	22527304	chip2	25	0.90284	0.05376	32	0.50113	0.03964	504	0.04881	0.02203
SNP_A-1696188	22528358	chip2	0	NA	NA	10	0.5004	0.04378	551	0.0132	0.02027
SNP_A-1646022	22533197	chip2	407	0.94233	0.03521	125	0.49838	0.04112	29	0.01838	0.01266
SNP_A-1758114	22533355	chip2	407	0.96816	0.01726	123	0.49776	0.03389	29	0.03283	0.01827
SNP_A-1709199	22533515	chip2	38	0.96376	0.04598	128	0.50087	0.05279	387	0.04365	0.02574
SNP_A-1758713	22534304	chip2	408	0.95987	0.03243	115	0.4975	0.0577	26	0.07888	0.02855
SNP_A-1744005	22534698	chip2	407	0.95394	0.03453	120	0.49964	0.03232	26	0.0905	0.03869
SNP_A-1681005	22541300	chip1	535	0.96428	0.02484	16	0.49844	0.06672	5	0.0686	0.14951
SNP_A-1681117	22541318	chip1	532	0.9738	0.02712	24	0.49717	0.05332	1	0.073	NA
SNP_A-1686185	22565844	chip1	19	0.98837	0.01328	140	0.4933	0.06647	389	0.01498	0.02329
SNP_A-1687841	22570023	chip1	404	0.98422	0.02197	121	0.49743	0.04034	30	0.02397	0.01518
SNP_A-1689806	22575060	chip1	3	0.81	0.042	71	0.49897	0.03475	481	0.12612	0.03774
SNP_A-1673381	22665207	chip1	4	0.9205	0.00332	15	0.49687	0.03461	541	0.06954	0.0254
SNP_A-1734373	22799189	chip1	26	0.96623	0.028	147	0.49891	0.03075	385	0.04176	0.0223
SNP_A-1734549	22799478	chip1	223	0.96097	0.02226	257	0.49314	0.07208	79	0.00156	0.00443
SNP_A-1734707	22799865	chip1	141	0.84089	0.04912	321	0.48411	0.10421	42	0.14048	0.03962
SNP_A-1734823	22799942	chip1	17	0.98788	0.01018	169	0.49894	0.0284	374	0.02524	0.01028
SNP_A-1741274	22881156	chip1	0	NA	NA	57	0.49688	0.05093	483	0.20555	0.0411
SNP_A-1741386	22881436	chip1	256	0.96248	0.04038	204	0.48674	0.08768	73	0.01386	0.02259
SNP_A-1742984	22887073	chip1	40	0.90815	0.02053	187	0.49906	0.03809	334	0.12469	0.0454
SNP_A-1743176	22888187	chip1	239	0.92388	0.02435	223	0.49845	0.03464	85	0.15099	0.04956
SNP_A-1679813	22945590	chip1	234	0.92056	0.04914	206	0.49495	0.05509	82	0.17874	0.08315
SNP_A-1646064	22968111	chip2	473	0.86575	0.04189	81	0.50256	0.06485	0	NA	NA
SNP_A-1726039	23278621	chip1	78	0.91871	0.03148	259	0.49745	0.0448	218	0.02584	0.0214
SNP_A-1726193	23279090	chip1	25	0.95492	0.02744	155	0.49663	0.03813	380	0.09406	0.04449
SNP_A-1734538	23286841	chip2	261	0.92902	0.03298	234	0.50024	0.0363	66	0.03605	0.01875
SNP_A-1653513	23303058	chip1	265	0.94088	0.07397	194	0.47678	0.13803	31	0.09261	0.0417
SNP_A-1655566	23308886	chip1	223	0.90626	0.06945	210	0.49862	0.04454	67	0.08648	0.02352
SNP_A-1662145	23354569	chip1	73	0.97045	0.06111	224	0.49125	0.07464	260	0.05625	0.03218
SNP_A-1729902	23432635	chip2	77	0.91179	0.08613	226	0.49519	0.0693	224	0.07802	0.04918
SNP_A-1682581	23715789	chip1	0	NA	NA	18	0.493	0.0273	542	0.05744	0.01697
SNP_A-1648482	23837692	chip2	0	NA	NA	50	0.5	0.03377	511	0.05239	0.03743
SNP_A-1736537	23839200	chip2	27	0.8567	0.03152	215	0.4993	0.02412	316	0.13376	0.03694
SNP_A-1731512	23846921	chip1	352	0.99109	0.00846	172	0.49759	0.03615	24	0.029	0.0665
SNP_A-1653046	23871401	chip2	6	0.96233	0.0145	94	0.49936	0.03569	459	0.00045	0.004
SNP_A-1667839	23966918	chip1	555	0.97059	0.02279	5	0.5004	0.023	1	0.032	NA
SNP_A-1723130	24132342	chip2	42	0.96302	0.01487	198	0.49956	0.02664	320	0.05417	0.02768
SNP_A-1722447	24137864	chip1	16	0.91938	0.02314	141	0.49907	0.03024	404	0.08368	0.03317
SNP_A-1723783	24138372	chip1	57	0.98382	0.01465	338	0.4698	0.1362	94	0.1561	0.05539
SNP_A-1725681	24148100	chip1	2	0.865	0.02687	14	0.50307	0.02392	545	0.11821	0.05642
SNP_A-1725781	24148147	chip1	57	0.95558	0.03164	254	0.49265	0.07838	209	0.08949	0.04099
SNP_A-1671448	24164001	chip2	0	NA	NA	14	0.50071	0.03875	547	0.06359	0.03009
SNP_A-1744595	24164050	chip2	8	0.9615	0.02565	108	0.49706	0.04744	444	0.03003	0.02214
SNP_A-1654926	24194887	chip1	0	NA	NA	18	0.48144	0.12225	531	0.00692	0.02146
SNP_A-1719368	32615675	chip1	0	NA	NA	18	0.50361	0.10779	543	0.06922	0.03501
SNP_A-1723541	32693527	chip1	487	0.91401	0.045	66	0.4978	0.05457	0	NA	NA
SNP_A-1646861	32715604	chip1	504	0.98329	0.02079	50	0.49774	0.07409	0	NA	NA
SNP_A-1650583	32787652	chip1	0	NA	NA	68	0.49812	0.03998	492	0.02554	0.0294
SNP_A-1709633	32842516	chip2	0	NA	NA	66	0.49712	0.0743	490	0.08554	0.06204
SNP_A-1716644	33008112	chip1	0	NA	NA	9	0.44667	0.14553	551	0.01898	0.02188
SNP_A-1738189	33056517	chip1	532	0.97775	0.01916	26	0.50469	0.04958	0	NA	NA
SNP_A-1738307	33056542	chip1	0	NA	NA	46	0.4995	0.0201	500	0.07629	0.02269
SNP_A-1719977	33079622	chip2	1	0.927	NA	41	0.50005	0.05943	516	0.11165	0.03385
SNP_A-1744205	33080969	chip2	543	0.82912	0.03486	11	0.50936	0.04932	0	NA	NA
SNP_A-1669238	33102850	chip1	539	0.94112	0.03622	15	0.49967	0.05248	1	0.045	NA
SNP_A-1669470	33103335	chip1	1	0.985	NA	17	0.50035	0.03993	522	0.15788	0.07518
SNP_A-1670679	33103370	chip1	537	0.8553	0.03752	21	0.50076	0.03688	2	0.132	0.00424
SNP_A-1670791	33103464	chip1	138	0.96933	0.02976	248	0.49567	0.05285	159	0.04077	0.03503
SNP_A-1670987	33104223	chip1	6	0.89383	0.05619	124	0.49655	0.04934	430	0.04141	0.02438
SNP_A-1716507	33125194	chip2	491	0.9101	0.02475	69	0.49855	0.02748	1	0.115	NA
SNP_A-1684300	33155427	chip2	0	NA	NA	213	0.48442	0.088	321	0.1539	0.03889
SNP_A-1752089	33171310	chip2	15	0.98127	0.01598	150	0.49789	0.04812	384	0.0131	0.01675
SNP_A-1716263	33171613	chip2	479	0.94002	0.02778	65	0.49635	0.04345	4	0.074	0.14667
SNP_A-1754186	33176984	chip2	211	0.96001	0.03683	250	0.50037	0.0284	99	0.04828	0.02936
SNP_A-1659194	33183715	chip2	44	0.98573	0.0145	220	0.49735	0.04015	286	0.07831	0.04319
SNP_A-1677662	33183796	chip2	411	0.9238	0.03125	128	0.49847	0.02934	18	0.19467	0.04541
SNP_A-1647794	33184440	chip2	285	0.98339	0.01232	232	0.498	0.0318	44	0.08661	0.03346
SNP_A-1714048	33195577	chip2	0	NA	NA	273	0.48779	0.11332	273	0.05583	0.04333
SNP_A-1701071	33195886	chip2	269	0.93904	0.04089	212	0.49281	0.06016	60	0.04693	0.04076
SNP_A-1687862	33209953	chip2	182	0.89904	0.03638	261	0.49975	0.03112	117	0.04403	0.01659
SNP_A-1659715	33222516	chip1	143	0.93797	0.04641	238	0.49658	0.07407	170	0.03101	0.04202
SNP_A-1756551	33306533	chip2	448	0.98729	0.00996	105	0.49694	0.02203	8	0.0035	0.00545
SNP_A-1728885	33307040	chip2	32	0.991	0.00871	179	0.49803	0.04557	348	0.04112	0.0277
SNP_A-1673589	33308700	chip1	33	0.94733	0.0267	181	0.49718	0.04384	346	0.0434	0.02732
SNP_A-1727884	33355863	chip1	395	0.83966	0.04765	150	0.49447	0.05165	12	0.13575	0.03386
SNP_A-1730065	33368561	chip1	2	1	0	15	0.5004	0.04521	541	0.02052	0.01784
SNP_A-1712335	33393607	chip2	26	0.91954	0.01506	193	0.49851	0.03906	336	0.08916	0.0206
SNP_A-1711357	33484543	chip1	3	0.98833	0.01686	86	0.49473	0.05564	463	0.00047	0.0044
SNP_A-1711475	33484736	chip1	33	0.95579	0.05262	75	0.50161	0.03722	452	0.06411	0.01683
SNP_A-1712846	33484875	chip1	3	0.97233	0.0179	95	0.49877	0.0315	460	0.14239	0.03639
SNP_A-1646418	33488516	chip2	5	0.9674	0.02893	119	0.49985	0.02631	437	0.06427	0.02783
SNP_A-1651003	33528626	chip1	356	0.97485	0.01505	170	0.49905	0.03281	35	0.0456	0.03188
SNP_A-1651193	33528682	chip1	30	0.99457	0.00672	148	0.49551	0.04965	371	0.01313	0.0208
SNP_A-1707180	33633026	chip1	8	0.86938	0.07082	143	0.49777	0.05303	408	0.07981	0.02192
SNP_A-1712226	33651905	chip1	118	0.99774	0.00377	279	0.49785	0.04396	163	0.06932	0.03457
SNP_A-1648579	33743206	chip1	451	0.96875	0.03472	71	0.48882	0.1102	11	0.02918	0.01943
SNP_A-1649035	33759714	chip1	9	0.92233	0.03976	53	0.50006	0.03739	498	0.02782	0.01301
SNP_A-1650774	33775624	chip2	293	0.95614	0.01917	224	0.49871	0.02791	44	0.026	0.01878
SNP_A-1664775	33783434	chip1	25	0.9602	0.06197	187	0.49589	0.0684	339	0.01252	0.02959
SNP_A-1758362	33798612	chip2	173	0.92894	0.02325	254	0.49594	0.06008	111	0.02574	0.03999
SNP_A-1673671	33888946	chip1	206	0.95502	0.04875	256	0.4946	0.05688	91	0.07867	0.03915
SNP_A-1726037	33969048	chip1	49	0.87406	0.0347	230	0.49923	0.02839	279	0.03297	0.01931
SNP_A-1663769	34012094	chip1	64	0.86311	0.09779	200	0.48556	0.10655	235	0.08269	0.07583
SNP_A-1667089	34016706	chip1	71	0.98355	0.01193	247	0.49519	0.05577	240	0.00522	0.00767
SNP_A-1667237	34017196	chip1	237	0.94377	0.02247	249	0.49807	0.03643	74	0.07423	0.03709
SNP_A-1667405	34017296	chip1	238	0.96825	0.03439	249	0.49788	0.04944	72	0.09881	0.0448
SNP_A-1669064	34017730	chip1	0	NA	NA	3	0.5	0.01229	552	0.06478	0.04627
SNP_A-1706650	34173851	chip1	181	0.98249	0.03066	216	0.49066	0.06871	111	0.02397	0.05448
SNP_A-1706774	34174837	chip1	84	0.88864	0.05515	244	0.49802	0.04179	230	0.07652	0.0248
SNP_A-1721273	34206067	chip2	21	0.93571	0.02156	181	0.49827	0.03144	358	0.11691	0.03941
SNP_A-1682138	34217148	chip2	17	0.914	0.02487	170	0.49948	0.02758	374	0.06238	0.01972
SNP_A-1717562	34248812	chip1	541	0.96038	0.02346	17	0.50135	0.05162	2	0.0345	0.04031
SNP_A-1646531	34279309	chip1	18	0.95044	0.12542	152	0.50006	0.05205	387	0.01665	0.01723
SNP_A-1695074	34368614	chip1	48	0.86315	0.03024	222	0.49677	0.04994	284	0.06038	0.02612
SNP_A-1713189	34389747	chip2	129	0.96078	0.02647	273	0.49907	0.02777	157	0.09098	0.01887
SNP_A-1734270	34397623	chip2	25	0.96156	0.01594	173	0.4988	0.04044	362	0.05525	0.02928
SNP_A-1705878	34447521	chip1	31	0.86548	0.02638	216	0.49884	0.02643	313	0.07908	0.02869
SNP_A-1736617	34454402	chip2	178	0.98802	0.00878	275	0.4992	0.03359	108	0.03258	0.01502
SNP_A-1711479	34472361	chip1	41	0.87834	0.03401	198	0.49769	0.03711	322	0.06605	0.0294
SNP_A-1646027	34510514	chip1	10	0.9729	0.03411	39	0.49792	0.04219	512	0.06938	0.02591
SNP_A-1689285	34517054	chip1	104	0.94526	0.02727	245	0.49541	0.05752	205	0.02588	0.02698
SNP_A-1691051	34521820	chip1	204	0.93913	0.03504	252	0.49762	0.04112	102	0.05949	0.03157
SNP_A-1730149	34649821	chip1	103	0.94175	0.02386	267	0.49709	0.0364	189	0.09968	0.03965
SNP_A-1733642	34722418	chip2	100	0.82066	0.05882	248	0.49746	0.04445	186	0.09701	0.04111
SNP_A-1666167	34758901	chip1	156	0.94696	0.03257	269	0.49768	0.04452	121	0.0684	0.02997
SNP_A-1710644	34760332	chip2	43	0.94444	0.02721	230	0.49896	0.04849	288	0.00858	0.01221
SNP_A-1720611	34760733	chip2	46	0.92043	0.03892	225	0.49834	0.04141	281	0.09074	0.03116
SNP_A-1734624	34776985	chip2	20	0.9843	0.01647	159	0.49928	0.04127	382	0.01695	0.01839
SNP_A-1710006	34786426	chip1	397	0.90172	0.02413	152	0.49743	0.03669	11	0.08864	0.01878
SNP_A-1711669	34792159	chip1	10	0.8715	0.04021	157	0.49987	0.0351	391	0.09895	0.0311
SNP_A-1656846	34996323	chip1	397	0.88337	0.0629	126	0.48278	0.09734	8	0.07325	0.09473
SNP_A-1657042	34997289	chip1	428	0.87057	0.06884	104	0.47952	0.09045	14	0.02093	0.01402
SNP_A-1672930	35017172	chip2	2	0.889	0.0297	98	0.4988	0.04036	460	0.10065	0.03342
SNP_A-1753267	35020426	chip2	0	NA	NA	9	0.50011	0.0161	552	0.06703	0.02906
SNP_A-1705085	35187375	chip2	334	0.94518	0.03122	173	0.49752	0.03494	50	0.04158	0.03372
SNP_A-1689525	35264596	chip1	424	0.933	0.03263	125	0.49734	0.04659	12	0.17708	0.04204
SNP_A-1745092	35362278	chip1	159	0.94345	0.03545	258	0.49526	0.04372	140	0.1005	0.03814
SNP_A-1745197	35362367	chip1	146	0.96982	0.05046	223	0.49549	0.06246	157	0.03186	0.0324
SNP_A-1675122	35547491	chip1	48	0.97121	0.0265	208	0.49811	0.0355	305	0.01546	0.01745
SNP_A-1713229	35572679	chip2	8	0.8845	0.018	46	0.49839	0.02337	503	0.15806	0.02852
SNP_A-1707325	35574375	chip2	18	0.97867	0.02492	177	0.495	0.05365	348	0.07305	0.05664
SNP_A-1723540	35631283	chip2	291	0.94937	0.02037	206	0.4979	0.05443	64	0.05097	0.04106
SNP_A-1706951	35635517	chip2	85	0.88878	0.02799	249	0.49936	0.02231	213	0.09869	0.0434
SNP_A-1724171	35643934	chip1	287	0.83727	0.04491	203	0.49902	0.03692	41	0.13393	0.03699
SNP_A-1654974	35720506	chip1	3	0.98633	0.01514	54	0.49839	0.02741	504	0.06758	0.02373
SNP_A-1661627	35764844	chip1	559	0.92238	0.03687	1	0.539	NA	0	NA	NA
SNP_A-1644402	35770059	chip2	160	0.96654	0.01675	255	0.49966	0.02387	146	0.05442	0.02118
SNP_A-1669813	35786303	chip2	92	0.97561	0.01291	228	0.49798	0.04797	216	0.01142	0.03292
SNP_A-1645166	35791730	chip2	240	0.91866	0.02663	245	0.49979	0.02269	76	0.03389	0.02087
SNP_A-1736347	35806921	chip2	527	0.93898	0.04248	30	0.49893	0.03246	2	0.0695	0.01061
SNP_A-1645604	35829476	chip2	541	0.94832	0.01912	18	0.4995	0.01955	2	0.02	0.00849
SNP_A-1710674	35860761	chip1	539	0.9046	0.03581	18	0.49711	0.02503	2	0.014	0.01697
SNP_A-1666276	35934942	chip2	55	0.9296	0.04932	241	0.4973	0.06148	257	0.099	0.0469
SNP_A-1724294	35971424	chip2	33	0.86288	0.02898	184	0.49872	0.03731	343	0.06518	0.02364
SNP_A-1645537	35975494	chip1	463	0.95048	0.02944	85	0.49508	0.05619	6	0.02233	0.02678
SNP_A-1649129	35987921	chip1	350	0.98538	0.02545	170	0.49376	0.06732	22	0.08482	0.0289
SNP_A-1681886	36006096	chip2	247	0.98868	0.01099	256	0.49868	0.03104	56	0.02295	0.02352
SNP_A-1661291	36033107	chip1	500	0.91339	0.03325	51	0.49875	0.05384	4	0.06175	0.03856
SNP_A-1713167	36038375	chip2	5	0.9462	0.04538	40	0.49893	0.02918	513	0.04625	0.02895
SNP_A-1723446	36049649	chip2	193	0.95358	0.01954	267	0.4984	0.0213	101	0.06205	0.02097
SNP_A-1721229	36084212	chip2	70	1	0	227	0.4981	0.03995	263	0.02207	0.01499
SNP_A-1749333	36108820	chip2	45	0.87647	0.04204	201	0.49913	0.03691	314	0.14011	0.04416
SNP_A-1755449	36115461	chip1	8	0.95813	0.01794	61	0.4983	0.03829	490	0.06277	0.04095
SNP_A-1757080	36116745	chip1	530	0.99167	0.02831	25	0.49816	0.08226	0	NA	NA
SNP_A-1670069	36135557	chip2	5	0.928	0.04722	77	0.49874	0.03065	470	0.11783	0.03769
SNP_A-1677300	36135775	chip2	71	0.94885	0.02522	220	0.50124	0.03381	252	0.07367	0.02647
SNP_A-1647836	36136327	chip2	4	0.8955	0.07041	64	0.4995	0.06595	488	0.02739	0.01938
SNP_A-1648171	36147895	chip1	549	0.89624	0.0416	9	0.50378	0.08123	1	0.04	NA
SNP_A-1649799	36153717	chip1	1	0.998	NA	8	0.49538	0.04881	551	0.02284	0.02043
SNP_A-1650844	36190080	chip2	477	0.96534	0.02767	74	0.49786	0.05025	4	0.075	0.02968
SNP_A-1644786	36190262	chip2	547	0.95712	0.02458	12	0.51833	0.0854	1	0.126	NA
SNP_A-1669271	36191414	chip2	46	0.91802	0.03351	208	0.49768	0.03832	307	0.01962	0.01709
SNP_A-1675752	36191860	chip2	478	0.95097	0.0202	78	0.49715	0.03721	4	0.1085	0.03215
SNP_A-1749599	36191902	chip2	472	0.89983	0.03232	77	0.49919	0.03381	4	0.13625	0.06864
SNP_A-1718343	36192013	chip2	478	0.95538	0.02369	79	0.49582	0.05081	4	0.01675	0.01228
SNP_A-1705616	36224737	chip1	0	NA	NA	7	0.50071	0.06003	525	0.16755	0.04081
SNP_A-1705774	36225076	chip1	12	0.93142	0.08906	2	0.5025	0.04455	534	0.01278	0.02658
SNP_A-1707418	36238044	chip1	527	0.91195	0.02658	33	0.49812	0.09561	0	NA	NA
SNP_A-1689134	36260518	chip2	5	0.896	0.02873	46	0.49976	0.02203	510	0.08177	0.02803
SNP_A-1757903	36290110	chip2	466	0.93663	0.03632	85	0.49855	0.04077	9	0.028	0.01636
SNP_A-1754427	36331169	chip1	5	0.966	0.03128	86	0.49878	0.07507	314	0.29874	0.12426
SNP_A-1667748	36346051	chip2	244	0.92562	0.01639	263	0.49951	0.02728	53	0.12179	0.02539
SNP_A-1669331	36346084	chip2	547	0.95267	0.01955	13	0.497	0.02327	0	NA	NA
SNP_A-1643911	36360499	chip1	132	0.98062	0.01692	276	0.49759	0.04525	149	0.03968	0.0173
SNP_A-1740951	36380994	chip2	172	0.96565	0.0262	295	0.49908	0.04035	93	0.05412	0.01948
SNP_A-1674969	36390027	chip2	167	0.94559	0.01894	290	0.49753	0.03883	91	0.03073	0.01939
SNP_A-1725426	36390581	chip2	107	0.96957	0.02	301	0.49832	0.02856	153	0.05259	0.0298
SNP_A-1652488	36390923	chip2	106	0.99669	0.0067	301	0.49923	0.02699	154	0.00291	0.00497
SNP_A-1696069	36450657	chip1	318	0.94571	0.02215	194	0.4978	0.03515	47	0.02528	0.0204
SNP_A-1715787	36582090	chip2	133	0.9827	0.02881	264	0.49895	0.02922	163	0.0189	0.02361
SNP_A-1716133	36583357	chip2	133	0.80473	0.05506	265	0.4993	0.02432	163	0.07388	0.03029
SNP_A-1662399	36613458	chip1	187	0.95445	0.0282	259	0.49808	0.03567	105	0.14102	0.04343
SNP_A-1667456	36624442	chip2	140	0.90031	0.0314	266	0.49908	0.04053	141	0.10532	0.05361
SNP_A-1693843	36625384	chip2	4	0.961	0.03905	89	0.50063	0.03002	468	0.08995	0.0401
SNP_A-1696852	36695508	chip2	28	0.94586	0.0251	178	0.49913	0.03347	355	0.00843	0.01549
SNP_A-1709620	36709360	chip1	39	0.92438	0.03905	191	0.49671	0.05324	331	0.02694	0.03234
SNP_A-1716480	36743798	chip1	10	0.9068	0.03148	100	0.50007	0.03258	448	0.06962	0.03608
SNP_A-1654749	36827891	chip2	10	0.9796	0.01092	71	0.49797	0.03303	480	0.01721	0.01216
SNP_A-1647685	36833385	chip1	502	0.83383	0.03875	51	0.50255	0.08914	1	0.091	NA
SNP_A-1649409	36843395	chip1	1	0.904	NA	7	0.50014	0.02143	552	0.13638	0.02861
SNP_A-1650260	36875193	chip2	527	0.99582	0.00856	33	0.49836	0.02214	1	0.028	NA
SNP_A-1657808	36884987	chip2	14	0.90779	0.03588	150	0.49908	0.02367	396	0.14983	0.0384
SNP_A-1680496	36885229	chip2	14	0.977	0.00911	149	0.49887	0.03219	397	0.02164	0.01985
SNP_A-1745774	37046158	chip2	4	0.9535	0.01794	97	0.4962	0.06476	456	0.09388	0.03439
SNP_A-1666054	37053271	chip2	453	0.94805	0.02823	103	0.49917	0.03827	5	0.0758	0.02282
SNP_A-1743671	37055692	chip2	5	0.9404	0.02606	96	0.49892	0.03011	453	0.02963	0.02075
SNP_A-1706549	37055986	chip2	453	0.97746	0.01425	103	0.49965	0.01779	5	0.0404	0.01743
SNP_A-1699072	37092172	chip1	2	0.898	0.01131	39	0.50067	0.05718	518	0.03281	0.02383
SNP_A-1704132	37141681	chip1	134	0.92641	0.05867	261	0.49705	0.05103	157	0.01141	0.01601
SNP_A-1747578	37173609	chip1	164	0.98874	0.01008	285	0.49787	0.03234	110	0.09016	0.02952
SNP_A-1684125	37262938	chip1	517	0.94414	0.0261	42	0.49855	0.02784	1	0.033	NA
SNP_A-1691429	37292190	chip1	97	0.88704	0.03367	255	0.49849	0.03073	209	0.06974	0.02269
SNP_A-1692939	37293713	chip1	461	0.95925	0.02346	89	0.49802	0.03911	9	0.06967	0.0279
SNP_A-1741556	37363846	chip1	104	0.935	0.0222	248	0.4982	0.03726	202	0.11506	0.03271
SNP_A-1741728	37364534	chip1	224	0.89974	0.05524	231	0.4957	0.06406	87	0.04694	0.04119
SNP_A-1655870	37542986	chip1	415	0.98893	0.03089	114	0.48642	0.09498	17	0.04094	0.07333
SNP_A-1743303	37556405	chip2	389	0.92141	0.04102	152	0.49813	0.03548	17	0.08071	0.03514
SNP_A-1657787	37561483	chip1	206	0.96076	0.02301	248	0.49555	0.04812	99	0.05505	0.03782
SNP_A-1659387	37567247	chip1	96	0.9917	0.01366	253	0.49885	0.0373	209	0.01614	0.01699
SNP_A-1751873	37571104	chip2	0	NA	NA	51	0.49786	0.03424	500	0.0753	0.04346
SNP_A-1702441	37571190	chip2	506	0.87122	0.03434	55	0.49664	0.02999	0	NA	NA
SNP_A-1661601	37592885	chip1	212	0.98869	0.01773	257	0.49232	0.06947	83	0.06576	0.04453
SNP_A-1701736	37622286	chip1	0	NA	NA	4	0.4985	0.11469	553	0.16497	0.04699
SNP_A-1684056	37644294	chip2	14	0.994	0.01	112	0.49879	0.03529	434	0.03026	0.02378
SNP_A-1705110	37652709	chip1	212	0.92917	0.03991	251	0.49845	0.04046	55	0.13596	0.03785
SNP_A-1705252	37653893	chip1	556	0.97942	0.02664	4	0.5	0.0244	0	NA	NA
SNP_A-1710472	37680691	chip1	4	0.86275	0.05103	86	0.46723	0.12218	432	0.014	0.03252
SNP_A-1739349	37719854	chip2	471	0.95148	0.02883	69	0.49814	0.04395	21	0.06424	0.03243
SNP_A-1678144	37741783	chip2	89	0.91436	0.01874	247	0.49998	0.03148	225	0.13143	0.0317
SNP_A-1646679	37768813	chip1	440	0.89144	0.04063	89	0.49907	0.03025	30	0.09533	0.01937
SNP_A-1646807	37769938	chip1	0	NA	NA	21	0.49071	0.06546	536	0.07074	0.04516
SNP_A-1733284	37815416	chip2	481	0.93677	0.03255	67	0.49964	0.02759	13	0.07292	0.02599
SNP_A-1713342	37815768	chip2	480	0.86323	0.03239	67	0.49884	0.02772	13	0.09423	0.01405
SNP_A-1684220	37888829	chip2	86	0.93834	0.03201	286	0.50017	0.02899	185	0.01729	0.01268
SNP_A-1653276	37946718	chip2	29	0.98024	0.01163	191	0.49881	0.03295	341	0.00277	0.00468
SNP_A-1744874	38087312	chip1	401	0.98125	0.01716	149	0.49831	0.03637	10	0.0681	0.0253
SNP_A-1679916	38271775	chip2	165	0.91151	0.03732	245	0.49484	0.04632	138	0.12377	0.06896
SNP_A-1671601	38442154	chip1	478	0.85963	0.03802	75	0.49821	0.03264	6	0.08283	0.02745
SNP_A-1677083	38474751	chip1	243	0.96593	0.03684	230	0.49454	0.05131	77	0.05862	0.04585
SNP_A-1685611	38542681	chip1	530	0.92794	0.02279	28	0.49754	0.0366	3	0.132	0.00557
SNP_A-1673498	38568234	chip2	223	0.93575	0.02813	234	0.49848	0.03901	104	0.04734	0.03245
SNP_A-1696888	38606125	chip2	2	0.9405	0.08415	28	0.49868	0.04214	529	0.02702	0.03283
SNP_A-1755956	38755894	chip2	90	0.88243	0.03039	259	0.49808	0.03497	203	0.08163	0.0449
SNP_A-1747676	38853162	chip1	466	0.98305	0.01465	87	0.49747	0.05657	7	0.13886	0.0504
SNP_A-1747926	38853838	chip1	2	0.868	0.00283	35	0.4994	0.03705	523	0.08393	0.02937
SNP_A-1702325	38923549	chip2	0	NA	NA	40	0.4995	0.02163	521	0.0951	0.03082
SNP_A-1736627	39013098	chip2	400	0.99796	0.00815	145	0.49593	0.04972	16	0.07869	0.02788
SNP_A-1660811	39044387	chip2	249	0.94978	0.03987	222	0.49635	0.04963	85	0.06148	0.03614
SNP_A-1746756	39047342	chip1	440	0.96907	0.02635	108	0.49128	0.07264	12	0.00533	0.01224
SNP_A-1686829	39174218	chip1	8	0.94537	0.03576	65	0.4974	0.04094	488	0.03926	0.02075
SNP_A-1740598	39265397	chip1	2	0.9655	0.03323	69	0.48364	0.08045	460	0.14385	0.11115
SNP_A-1649412	39302438	chip2	335	0.89697	0.044	188	0.49941	0.03199	32	0.13494	0.03615
SNP_A-1750253	39351986	chip2	51	0.922	0.01676	156	0.49916	0.02233	351	0.11728	0.02319
SNP_A-1717007	39360134	chip2	29	0.98921	0.01615	142	0.49569	0.07755	384	0.04324	0.02648
SNP_A-1746985	39368285	chip2	1	0.994	NA	39	0.50033	0.02927	518	0.0304	0.02288
SNP_A-1675754	39368378	chip2	344	0.98587	0.01046	160	0.49975	0.02237	57	0.03753	0.01714
SNP_A-1735729	39368822	chip2	518	0.95461	0.01385	41	0.49939	0.02874	1	0.079	NA
SNP_A-1675775	39373853	chip1	443	0.97054	0.02667	110	0.49499	0.05678	7	0.033	0.01068
SNP_A-1677039	39374399	chip1	478	0.94948	0.03864	65	0.49838	0.03475	14	0.02279	0.02184
SNP_A-1719221	39375875	chip2	14	0.94643	0.02219	75	0.50353	0.13557	410	0.11931	0.02634
SNP_A-1733125	39526204	chip1	203	0.97849	0.02319	235	0.49825	0.044	122	0.03431	0.02836
SNP_A-1686863	39730158	chip1	450	0.90112	0.03756	94	0.49748	0.0341	2	0.1325	0.03889
SNP_A-1663830	39821961	chip2	498	0.90649	0.0283	61	0.49867	0.01822	2	0.138	0.00424
SNP_A-1749508	39870146	chip1	466	0.93567	0.0923	41	0.49178	0.12036	3	0.108	0.02078
SNP_A-1749820	39870683	chip1	40	0.97197	0.02543	226	0.47765	0.12377	270	0.11362	0.04462
SNP_A-1753542	39911388	chip1	350	0.96685	0.02584	170	0.49009	0.078	19	0.03011	0.07337
SNP_A-1698697	39970507	chip2	347	0.89078	0.029	170	0.49161	0.06936	31	0.07681	0.05021
SNP_A-1693013	40021105	chip1	277	0.97741	0.01414	222	0.49682	0.04496	57	0.06667	0.03172
SNP_A-1692334	40030096	chip2	170	0.86428	0.04615	238	0.49762	0.03594	135	0.19808	0.05453
SNP_A-1735447	40072244	chip1	89	0.96033	0.0293	246	0.49329	0.06411	220	0.05231	0.03968
SNP_A-1735563	40072344	chip1	528	0.853	0.05899	26	0.48331	0.08502	3	0.015	0.01058
SNP_A-1702237	40073692	chip2	222	0.97355	0.02945	222	0.49759	0.03835	116	0.05219	0.03955
SNP_A-1653682	40074074	chip2	1	0.912	NA	22	0.50027	0.01951	534	0.09361	0.02861
SNP_A-1738704	40087906	chip1	0	NA	NA	13	0.501	0.05685	537	0.08568	0.03081
SNP_A-1738938	40091246	chip1	319	0.99325	0.00897	198	0.49641	0.04183	34	0.04406	0.0327
SNP_A-1713490	40489756	chip2	13	0.92738	0.01891	145	0.49845	0.02973	403	0.09544	0.03436
SNP_A-1750859	40489900	chip2	403	0.9754	0.01942	145	0.50007	0.01979	13	0.02431	0.0187
SNP_A-1717860	40615878	chip1	3	0.90433	0.02386	26	0.49992	0.03281	532	0.06035	0.01898
SNP_A-1716667	40749462	chip2	339	0.96248	0.02746	198	0.49143	0.10205	2	0.15	0.01131
SNP_A-1693266	40771776	chip2	154	0.92796	0.02532	290	0.49886	0.04016	116	0.04116	0.03471
SNP_A-1693569	41433563	chip2	101	0.9783	0.02214	250	0.49767	0.0527	203	0.04867	0.02971
SNP_A-1682404	41434772	chip2	237	0.96372	0.02581	252	0.49825	0.04168	67	0.13369	0.0478
SNP_A-1683763	41602840	chip1	62	0.84184	0.03164	282	0.4941	0.06203	189	0.09072	0.03836
SNP_A-1665361	41953650	chip1	550	0.99581	0.00858	9	0.50044	0.02939	2	0.0835	0.00919
SNP_A-1723349	42057888	chip1	306	0.93231	0.03399	204	0.49853	0.03127	48	0.0865	0.02282
SNP_A-1723461	42058972	chip1	436	0.94424	0.02599	114	0.49932	0.03084	10	0.0091	0.01618
SNP_A-1641957	42063572	chip2	48	0.99725	0.00768	203	0.49805	0.03783	306	0.00858	0.01612
SNP_A-1665830	42122156	chip2	442	0.92017	0.02956	105	0.50031	0.03227	14	0.20386	0.05308
SNP_A-1745504	42122663	chip2	442	0.9758	0.02544	105	0.49966	0.03407	14	0.02257	0.01606
SNP_A-1689616	42138787	chip2	16	0.97431	0.04584	122	0.49586	0.05496	423	0.01397	0.01555
SNP_A-1653730	42167867	chip2	87	0.88172	0.04573	252	0.49823	0.0394	205	0.09976	0.04218
SNP_A-1744991	42167901	chip2	72	0.97118	0.02064	238	0.49606	0.04601	241	0.02196	0.03167
SNP_A-1694765	42223571	chip2	70	0.96429	0.02371	194	0.49851	0.03428	297	0.10094	0.02632
SNP_A-1758587	42248158	chip2	336	0.93845	0.04633	172	0.4984	0.05695	47	0.04874	0.04256
SNP_A-1652848	42578170	chip2	65	0.92552	0.04395	261	0.49778	0.04089	235	0.12231	0.06236
SNP_A-1646856	42606994	chip2	10	0.969	0.02317	93	0.49597	0.03273	456	0.00222	0.00615
SNP_A-1648580	42607072	chip2	3	0.936	0.01054	96	0.49908	0.02226	460	0.06674	0.03301
SNP_A-1678239	42638020	chip1	36	0.97786	0.01841	218	0.49646	0.04857	300	0.09303	0.04482
SNP_A-1729048	42749242	chip1	0	NA	NA	7	0.50214	0.0227	554	0.03713	0.03563
SNP_A-1710315	42832806	chip2	176	0.96126	0.02521	253	0.49757	0.05035	122	0.0814	0.04591
SNP_A-1663657	42881280	chip1	216	0.98705	0.01381	244	0.4982	0.03574	100	0.02469	0.01855
SNP_A-1665461	42893552	chip1	279	0.94565	0.03235	208	0.49625	0.06133	52	0.05348	0.02844
SNP_A-1714373	42985803	chip1	5	0.8486	0.03459	124	0.49819	0.03628	431	0.06347	0.01982
SNP_A-1719840	43009228	chip1	253	0.9138	0.03437	227	0.49918	0.04142	75	0.02605	0.01844
SNP_A-1711392	43186344	chip2	98	0.97605	0.01357	193	0.49901	0.02843	268	0.03268	0.0288
SNP_A-1668854	43450782	chip1	1	0.873	NA	80	0.49891	0.03806	476	0.10808	0.03351
SNP_A-1743243	43726908	chip2	417	0.90551	0.05847	129	0.49782	0.03398	12	0.13692	0.03746
SNP_A-1699856	44776627	chip1	307	0.97123	0.01901	216	0.49933	0.03592	38	0.08932	0.02466
SNP_A-1701218	44778442	chip1	6	0.97333	0.01937	112	0.49899	0.03506	440	0.05577	0.02299
SNP_A-1701344	44778481	chip1	448	0.96206	0.0282	103	0.49946	0.03317	6	0.07267	0.02988
SNP_A-1662719	44964656	chip1	47	0.97277	0.02088	202	0.49834	0.03799	312	0.02962	0.0162
SNP_A-1712177	44996274	chip2	536	0.86223	0.06565	11	0.50245	0.06057	1	0.102	NA
SNP_A-1734340	45229641	chip2	6	0.92817	0.01229	27	0.499	0.03345	527	0.09314	0.03396
SNP_A-1706804	45234578	chip1	6	0.8955	0.02801	46	0.49983	0.04685	507	0.05443	0.02599
SNP_A-1709006	45253529	chip1	550	0.98987	0.01647	9	0.503	0.06084	2	0.0475	0.02192
SNP_A-1709167	45796700	chip2	119	0.96515	0.0278	261	0.50006	0.03859	180	0.04386	0.02425
SNP_A-1665761	46084725	chip1	0	NA	NA	13	0.501	0.03029	547	0.05584	0.03657
SNP_A-1715987	46160099	chip2	400	0.9993	0.00283	139	0.49917	0.02398	22	0.03209	0.02106
SNP_A-1744087	46160904	chip2	31	0.97594	0.01741	186	0.49924	0.03045	344	0.06555	0.0369
SNP_A-1722179	46200282	chip1	328	0.94562	0.02966	192	0.49759	0.03661	34	0.06368	0.03336
SNP_A-1647659	46217744	chip1	30	0.84973	0.03635	227	0.49367	0.05811	286	0.05039	0.03539
SNP_A-1758251	46260027	chip2	537	0.95164	0.02432	24	0.49937	0.02496	0	NA	NA
SNP_A-1668644	46260114	chip2	0	NA	NA	41	0.49729	0.0481	520	0.02766	0.01457
SNP_A-1671698	46260299	chip2	0	NA	NA	41	0.49976	0.02441	519	0.03869	0.02192
SNP_A-1710886	46260460	chip2	292	0.91526	0.03923	231	0.49795	0.05165	33	0.116	0.03881
SNP_A-1674801	46294310	chip2	4	0.9955	0.009	46	0.49754	0.0582	511	0.02585	0.03085
SNP_A-1653791	46477122	chip1	264	0.98395	0.01517	232	0.49709	0.04678	65	0.01958	0.01392
SNP_A-1694367	46754147	chip2	111	0.93833	0.02933	267	0.49921	0.03507	176	0.03313	0.01801
SNP_A-1754739	46756350	chip1	63	0.99616	0.01074	212	0.49843	0.0392	281	0.02578	0.01815
SNP_A-1756594	46769831	chip1	459	0.9579	0.02083	90	0.49929	0.04714	11	0.04591	0.03261
SNP_A-1696942	46822616	chip2	224	0.95205	0.02141	201	0.49855	0.03011	93	0.01146	0.03231
SNP_A-1681968	46823282	chip2	547	0.95215	0.02402	10	0.4998	0.03618	0	NA	NA
SNP_A-1701735	46844069	chip2	128	0.82713	0.0577	254	0.49642	0.05817	163	0.04328	0.0279
SNP_A-1698302	46872411	chip1	296	0.9292	0.03039	214	0.49945	0.02902	51	0.02535	0.01556
SNP_A-1745074	46920285	chip1	257	0.96718	0.02518	234	0.49694	0.04018	67	0.09978	0.03911
SNP_A-1684068	47046784	chip2	129	0.88195	0.03232	275	0.49806	0.02631	151	0.1015	0.03621
SNP_A-1665538	47085126	chip2	336	0.94538	0.02815	161	0.50033	0.02168	64	0.04286	0.02481
SNP_A-1650678	47364600	chip2	459	0.92163	0.02513	96	0.49796	0.03458	6	0.0565	0.01166
SNP_A-1722466	47889421	chip2	433	0.904	0.03596	108	0.49862	0.03885	17	0.07482	0.0149
SNP_A-1667768	48043004	chip2	0	NA	NA	282	0.48578	0.08923	275	0.0483	0.01672
SNP_A-1664674	48123857	chip2	0	NA	NA	11	0.50527	0.04298	550	0.01439	0.01154
SNP_A-1697102	48163405	chip2	58	0.90921	0.02536	224	0.49866	0.03652	277	0.07788	0.03612
SNP_A-1704756	48326010	chip1	537	0.9368	0.03416	18	0.503	0.05924	2	0.1575	0.08556
SNP_A-1691385	48422858	chip1	0	NA	NA	21	0.48724	0.10641	531	0.1297	0.04558
SNP_A-1661091	48816575	chip2	132	0.93996	0.02554	283	0.49927	0.04298	140	0.02956	0.02645
SNP_A-1688817	48968877	chip1	484	0.88219	0.04465	62	0.49779	0.03814	2	0.0805	0.03465
SNP_A-1736971	48973402	chip2	5	0.9258	0.01711	89	0.50004	0.03292	465	0.07725	0.02682
SNP_A-1690923	48983786	chip1	542	0.98225	0.02919	10	0.5016	0.04528	0	NA	NA
SNP_A-1692223	48990002	chip1	80	0.9887	0.01846	235	0.49762	0.04279	246	0.0347	0.01678
SNP_A-1658782	49023453	chip2	340	0.89476	0.02042	180	0.49867	0.03238	36	0.07392	0.04417
SNP_A-1705953	49023810	chip2	322	0.91063	0.03214	182	0.49908	0.03825	51	0.03247	0.01521
SNP_A-1664248	49024337	chip2	7	0.93243	0.01834	104	0.4989	0.03633	448	0.04177	0.02012
SNP_A-1746187	49045978	chip1	329	0.92702	0.03239	163	0.49181	0.06211	38	0.06887	0.04695
SNP_A-1746323	49046020	chip1	349	0.96409	0.04517	122	0.47505	0.11362	24	0.11904	0.06366
SNP_A-1746662	49047104	chip1	37	0.9803	0.01253	182	0.4994	0.04714	339	0.02636	0.02557
SNP_A-1751921	49050601	chip2	535	0.98905	0.03316	20	0.50055	0.10874	2	0.01	0.00424
SNP_A-1743639	49066556	chip2	25	0.98988	0.01024	154	0.49824	0.02934	380	0.01261	0.01208
SNP_A-1730409	49075640	chip2	361	0.99062	0.01537	166	0.49932	0.04361	34	0.04871	0.02167
SNP_A-1654585	49103383	chip2	381	0.97787	0.01318	155	0.49941	0.02959	25	0.01164	0.01523
SNP_A-1691353	49155176	chip1	224	0.98184	0.03283	226	0.49777	0.05273	94	0.07336	0.03995
SNP_A-1710455	49174547	chip2	505	0.98756	0.01513	47	0.49915	0.0371	9	0.00467	0.00786
SNP_A-1747674	49325926	chip1	96	0.86231	0.03555	264	0.49852	0.04282	200	0.03424	0.01651
SNP_A-1673399	49344588	chip1	187	0.98224	0.01957	273	0.49849	0.03575	100	0.04511	0.02265
SNP_A-1717833	49362142	chip2	458	0.96893	0.05084	72	0.49604	0.05861	17	0.06376	0.06192
SNP_A-1679027	49413539	chip1	177	0.94433	0.04351	264	0.49404	0.07588	91	0.12769	0.04482
SNP_A-1680747	49432442	chip1	18	0.92483	0.01611	97	0.49696	0.03754	444	0.10876	0.03375
SNP_A-1706978	49522732	chip1	49	0.98214	0.01482	215	0.4989	0.03906	296	0.03419	0.02081
SNP_A-1705587	49539640	chip2	159	0.97189	0.01443	230	0.49943	0.03702	147	0.05811	0.01455
SNP_A-1716147	49542393	chip2	154	0.95916	0.02657	242	0.49863	0.02852	164	0.08593	0.0349
SNP_A-1714125	49551485	chip1	47	0.91147	0.0229	151	0.50049	0.02165	363	0.11511	0.02847
SNP_A-1714683	49567157	chip2	160	0.8603	0.03799	244	0.49798	0.0542	120	0.19994	0.04129
SNP_A-1646779	49594168	chip1	134	0.83613	0.03448	415	0.49237	0.08903	0	NA	NA
SNP_A-1746041	49594178	chip1	0	NA	NA	29	0.49055	0.07784	457	0.08871	0.09521
SNP_A-1746143	49659554	chip1	395	0.96813	0.02071	147	0.49777	0.03882	18	0.01961	0.01542
SNP_A-1730763	49701530	chip2	13	0.93785	0.03714	153	0.49913	0.02955	395	0.09508	0.0319
SNP_A-1644451	49705102	chip1	12	0.95117	0.035	100	0.4932	0.06632	352	0.16334	0.06324
SNP_A-1747012	49811496	chip1	244	0.94531	0.04052	240	0.49554	0.06692	73	0.01714	0.02869
SNP_A-1679035	50148945	chip1	114	0.92489	0.02386	262	0.49725	0.04212	165	0.07118	0.02803
SNP_A-1731901	50478886	chip2	267	0.9159	0.05172	201	0.49583	0.06316	92	0.01149	0.0204
SNP_A-1695897	50478922	chip2	92	0.9575	0.01766	202	0.5003	0.03027	267	0.03794	0.02154
SNP_A-1654653	51019549	chip2	8	0.8585	0.03133	97	0.49863	0.06318	455	0.04907	0.02197
SNP_A-1695653	51019671	chip2	0	NA	NA	8	0.50038	0.0316	553	0.03679	0.02924
SNP_A-1646186	51019773	chip2	171	0.98639	0.01562	244	0.47663	0.11338	126	0.04004	0.02915
SNP_A-1732206	51123478	chip1	152	0.93459	0.02172	304	0.49831	0.04084	101	0.1447	0.04116
SNP_A-1674661	51236151	chip2	2	0.946	0.03394	13	0.49369	0.04571	543	0.06502	0.03385
SNP_A-1647328	51265624	chip2	451	0.94807	0.05578	99	0.49801	0.04256	8	0.07287	0.03193
SNP_A-1702101	51267243	chip2	453	0.97937	0.02498	97	0.49599	0.0557	7	0.12686	0.04303
SNP_A-1670538	51279558	chip2	4	0.99675	0.0065	46	0.50504	0.05512	496	0.01498	0.02987
SNP_A-1675452	51308749	chip1	534	0.87846	0.0369	22	0.49882	0.03866	1	0.13	NA
SNP_A-1736133	51342410	chip2	43	0.90772	0.04001	214	0.49631	0.05258	299	0.0367	0.03179
SNP_A-1680821	51365851	chip1	243	0.81665	0.05513	222	0.49834	0.03174	72	0.16206	0.03834
SNP_A-1642259	51405469	chip2	12	0.95042	0.01769	135	0.49921	0.02336	414	0.05882	0.03194
SNP_A-1729340	51650847	chip2	4	0.985	0.01824	39	0.50005	0.09655	500	0.06353	0.06033
SNP_A-1684674	51886094	chip2	168	0.99582	0.00739	244	0.49735	0.03172	149	0.01809	0.01168
SNP_A-1735099	52085632	chip1	0	NA	NA	9	0.50056	0.02318	550	0.03637	0.01624
SNP_A-1743362	52162376	chip1	103	0.93076	0.02566	256	0.49886	0.03199	200	0.04169	0.02234
SNP_A-1743452	52162702	chip1	59	0.9108	0.02363	167	0.4996	0.05485	290	0.10344	0.02838
SNP_A-1745181	52180918	chip1	394	0.99029	0.02118	147	0.49701	0.04264	13	0.05769	0.02455
SNP_A-1737904	52292281	chip2	61	0.98056	0.01457	190	0.49874	0.02016	310	0.07023	0.01891
SNP_A-1669065	52292441	chip2	274	0.90108	0.03575	206	0.49709	0.03666	75	0.05753	0.0318
SNP_A-1734069	52544997	chip1	420	0.89541	0.03144	116	0.49889	0.04315	10	0.0511	0.03287
SNP_A-1734177	52545059	chip1	431	0.99213	0.00879	122	0.49875	0.03118	8	0.00075	0.00116
SNP_A-1734319	52546246	chip1	424	0.99012	0.01571	123	0.49459	0.05669	11	0.03264	0.02932
SNP_A-1758549	52704281	chip2	326	0.97381	0.01771	201	0.49961	0.02874	34	0.06497	0.02809
SNP_A-1757035	52822703	chip2	36	0.94633	0.01579	196	0.49881	0.0286	329	0.14184	0.04096
SNP_A-1722933	52854562	chip1	24	0.97008	0.02357	157	0.49733	0.04587	372	0.04373	0.0378
SNP_A-1724444	52977975	chip2	247	0.95285	0.01513	232	0.49767	0.02545	76	0.10551	0.03994
SNP_A-1720214	53169922	chip1	107	0.93137	0.02882	274	0.49698	0.057	173	0.0104	0.01375
SNP_A-1720338	53170122	chip1	185	0.90146	0.03306	275	0.4978	0.03843	92	0.03767	0.03444
SNP_A-1722329	53177802	chip1	197	0.84896	0.06328	265	0.49948	0.04323	80	0.11676	0.04374
SNP_A-1722429	53177872	chip1	88	0.84816	0.02779	266	0.49917	0.02537	204	0.20613	0.04196
SNP_A-1736088	53184764	chip1	64	0.9525	0.02357	227	0.49349	0.06036	255	0.09345	0.06011
SNP_A-1736466	53202202	chip1	5	0.9714	0.01881	33	0.49973	0.04742	518	0.05301	0.03054
SNP_A-1739682	53219394	chip1	493	0.98216	0.01259	68	0.49737	0.0425	0	NA	NA
SNP_A-1739794	53219416	chip1	0	NA	NA	19	0.49884	0.0573	538	0.08563	0.04453
SNP_A-1741312	53223188	chip1	29	0.94928	0.03002	185	0.49893	0.02816	347	0.02341	0.02205
SNP_A-1704677	53255346	chip2	341	0.9301	0.03321	178	0.49946	0.02321	42	0.04395	0.02229
SNP_A-1685098	53325976	chip2	174	0.99884	0.00368	234	0.49931	0.02593	153	0.07865	0.03275
SNP_A-1751445	53331284	chip2	173	0.94732	0.02427	234	0.49912	0.02817	154	0.00645	0.01155
SNP_A-1682186	53340283	chip2	174	0.97194	0.01981	234	0.49898	0.02121	153	0.08067	0.02992
SNP_A-1660000	53406965	chip1	308	0.91434	0.02726	216	0.49766	0.03273	37	0.0507	0.0196
SNP_A-1660098	53407081	chip1	35	0.92537	0.02872	180	0.49838	0.03884	346	0.02165	0.01785
SNP_A-1712945	53411226	chip2	54	0.96256	0.02698	217	0.49554	0.06629	276	0.08858	0.04106
SNP_A-1668246	53411500	chip2	35	0.94166	0.03391	176	0.4987	0.03555	350	0.02948	0.01441
SNP_A-1725920	53413992	chip2	14	0.98807	0.01086	174	0.49641	0.05264	359	0.00435	0.0128
SNP_A-1725212	53429261	chip2	159	0.95172	0.03927	282	0.50026	0.03087	119	0.03259	0.02402
SNP_A-1668978	53439815	chip1	1	0.962	NA	8	0.45913	0.1081	545	0.07242	0.02786
SNP_A-1743755	53558026	chip2	41	0.94068	0.01414	185	0.49974	0.01546	335	0.07047	0.01943
SNP_A-1699683	53996472	chip2	1	0.974	NA	48	0.4959	0.06806	445	0.23851	0.12221
SNP_A-1663755	54393792	chip1	2	0.917	0.01414	19	0.49947	0.0347	538	0.04265	0.02924
SNP_A-1718193	54599634	chip2	1	0.947	NA	13	0.50215	0.06501	545	0.06452	0.02417
SNP_A-1704769	54628597	chip2	371	0.93154	0.07119	112	0.47995	0.08981	9	0.21011	0.03336
SNP_A-1645260	54914726	chip2	306	0.8824	0.03047	211	0.49898	0.02354	44	0.19373	0.02029
SNP_A-1655587	55028651	chip2	10	0.8574	0.0376	129	0.49946	0.02282	422	0.08413	0.03886
SNP_A-1684154	55171976	chip2	3	0.89833	0.06769	21	0.50024	0.04656	536	0.00205	0.00942
SNP_A-1736968	55203845	chip1	537	0.88551	0.11448	9	0.49456	0.03523	0	NA	NA
SNP_A-1655957	55215534	chip2	3	0.959	0.03105	19	0.50089	0.04961	506	0.08665	0.04193
SNP_A-1664343	55242623	chip1	537	0.98263	0.02026	20	0.5006	0.03433	3	0.04667	0.00751
SNP_A-1661939	55512607	chip1	551	0.9717	0.04269	7	0.50471	0.08388	0	NA	NA
SNP_A-1663133	55514220	chip1	350	0.85257	0.04281	128	0.49928	0.04018	64	0.08811	0.02963
SNP_A-1692466	55547747	chip2	427	0.91197	0.03843	119	0.49878	0.0345	13	0.04385	0.02443
SNP_A-1680906	55922035	chip2	175	0.99564	0.00714	238	0.49838	0.02094	148	1e-05	0.00012
SNP_A-1663084	55922302	chip2	52	0.98298	0.01205	243	0.50061	0.03299	266	0.05807	0.02057
SNP_A-1715901	56007636	chip2	312	0.85775	0.0379	196	0.49976	0.03327	42	0.14138	0.03241
SNP_A-1676652	56043746	chip2	173	0.93166	0.02619	273	0.49955	0.02488	115	0.10508	0.02883
SNP_A-1665677	56063231	chip1	52	0.88127	0.02384	219	0.49951	0.02624	290	0.1496	0.04266
SNP_A-1687924	56134511	chip2	420	0.97868	0.03534	111	0.49704	0.06083	25	0.0018	0.00784
SNP_A-1677638	56142741	chip2	20	0.92025	0.03189	177	0.49647	0.05522	355	0.09425	0.03648
SNP_A-1677906	56203682	chip2	134	0.9903	0.01083	243	0.4995	0.02804	180	0.03263	0.0137
SNP_A-1647994	56203742	chip2	200	0.97031	0.02547	236	0.49814	0.03763	123	0.01437	0.01253
SNP_A-1665466	56259802	chip2	61	0.94833	0.03768	212	0.49786	0.05026	262	0.02656	0.03558
SNP_A-1667138	56275428	chip2	546	0.98141	0.02506	15	0.5	0.02884	0	NA	NA
SNP_A-1686664	56275748	chip2	0	NA	NA	120	0.49298	0.10946	412	0.11259	0.06234
SNP_A-1690924	56276059	chip2	517	0.83755	0.08016	15	0.46807	0.13292	1	0.115	NA
SNP_A-1752127	56276410	chip2	31	0.909	0.02115	108	0.49969	0.02722	422	0.0883	0.02254
SNP_A-1697187	56439915	chip1	4	0.8825	0.0265	15	0.493	0.03519	540	0.08949	0.03762
SNP_A-1758271	56646534	chip2	7	0.969	0.02302	79	0.49775	0.04776	473	0.02143	0.02293
SNP_A-1685890	56667535	chip2	7	0.94414	0.01572	111	0.50061	0.02682	443	0.02647	0.01888
SNP_A-1744618	56710286	chip1	17	0.95741	0.09311	147	0.48422	0.10315	361	0.02182	0.04963
SNP_A-1751766	56729516	chip1	101	0.93212	0.02959	268	0.49362	0.06678	160	0.02779	0.04333
SNP_A-1751956	56733696	chip1	238	0.9283	0.05139	239	0.49586	0.05143	67	0.01758	0.01948
SNP_A-1651540	56763284	chip2	27	0.96744	0.01302	162	0.49998	0.02945	372	0.05353	0.01916
SNP_A-1652244	56763379	chip2	247	0.95423	0.01403	221	0.4986	0.01718	93	0.06582	0.02344
SNP_A-1739445	56764246	chip2	371	0.9738	0.03105	159	0.49682	0.05202	27	0.05604	0.03321
SNP_A-1682809	56776648	chip1	435	0.97149	0.01613	113	0.4978	0.03652	12	0.07425	0.02961
SNP_A-1683203	56781296	chip1	341	0.98965	0.05636	142	0.49611	0.06409	48	0.01481	0.01687
SNP_A-1683295	56781536	chip1	13	0.99308	0.01071	37	0.50465	0.06998	508	0.00685	0.01158
SNP_A-1686417	56790821	chip1	5	0.9038	0.057	52	0.49898	0.04831	499	0.07937	0.04157
SNP_A-1747407	56800494	chip2	37	0.949	0.04341	116	0.49586	0.06583	384	0.02895	0.03058
SNP_A-1719381	56800742	chip2	21	0.9611	0.03828	126	0.49815	0.03915	411	0.03258	0.01938
SNP_A-1721720	57024188	chip2	111	0.96179	0.02698	266	0.4985	0.03686	184	0.04746	0.02572
SNP_A-1710195	57024830	chip2	1	0.948	NA	18	0.49794	0.02635	542	0.0469	0.02739
SNP_A-1741531	57032873	chip2	105	0.87171	0.03927	269	0.49886	0.04547	186	0.05712	0.03532
SNP_A-1692662	57033283	chip2	29	0.96766	0.02967	169	0.49546	0.05175	347	0.02793	0.03613
SNP_A-1755467	57117898	chip1	27	0.88693	0.03315	186	0.50021	0.02405	347	0.08324	0.02284
SNP_A-1691681	57189755	chip1	226	0.92746	0.03121	251	0.49946	0.03057	83	0.0259	0.01781
SNP_A-1728159	57313456	chip2	7	0.93371	0.01858	59	0.49939	0.02291	495	0.1336	0.03483
SNP_A-1722476	57404193	chip2	0	NA	NA	24	0.503	0.02643	537	0.00274	0.00655
SNP_A-1744796	57561090	chip1	83	0.95398	0.0257	217	0.49877	0.02369	243	0.07038	0.02088
SNP_A-1744988	57561124	chip1	177	0.84588	0.06171	222	0.49558	0.05576	133	0.06505	0.03532
SNP_A-1752226	57577949	chip1	167	0.93097	0.03949	270	0.49164	0.07184	123	0.02307	0.02489
SNP_A-1713049	57641156	chip2	301	0.9712	0.02054	206	0.49927	0.03249	53	0.017	0.00958
SNP_A-1690587	57648888	chip2	274	0.98287	0.01669	221	0.49738	0.06517	63	0.10743	0.03208
SNP_A-1687082	57649297	chip2	57	0.98249	0.0186	212	0.49907	0.03009	291	0.02467	0.01401
SNP_A-1644838	57649935	chip2	47	0.8937	0.02855	200	0.49843	0.03581	288	0.08633	0.02777
SNP_A-1646865	57791787	chip1	68	0.88007	0.02787	231	0.49879	0.0364	251	0.05873	0.02635
SNP_A-1649995	57807597	chip1	515	0.94949	0.02878	40	0.50113	0.03169	6	0.04383	0.02306
SNP_A-1650147	57807655	chip1	29	0.85286	0.05642	70	0.49704	0.05141	442	0.11059	0.05184
SNP_A-1700725	57844735	chip1	280	0.96177	0.02418	216	0.4985	0.03933	60	0.01955	0.01344
SNP_A-1702310	57848908	chip1	10	0.9361	0.05498	76	0.50011	0.04092	473	0.01096	0.01658
SNP_A-1728417	58194918	chip2	5	0.9866	0.01417	29	0.49628	0.02995	527	0.01642	0.01622
SNP_A-1704980	58200026	chip1	123	0.9235	0.02855	252	0.49829	0.04161	185	0.0177	0.01753
SNP_A-1705098	58200324	chip1	181	0.93022	0.04314	245	0.48832	0.0827	105	0.20436	0.04109
SNP_A-1744800	58209054	chip1	543	0.89323	0.02367	15	0.50107	0.04598	1	0.131	NA
SNP_A-1709657	58500846	chip2	499	0.89361	0.04237	54	0.50107	0.0253	6	0.02967	0.02391
SNP_A-1712348	58685255	chip1	11	0.97891	0.04145	96	0.49817	0.04739	454	0.00268	0.00749
SNP_A-1715978	58699561	chip1	0	NA	NA	214	0.49383	0.1057	314	0.17776	0.04859
SNP_A-1643213	58746598	chip2	284	0.99121	0.01128	214	0.49743	0.03694	60	0.0246	0.02412
SNP_A-1662036	58837765	chip2	67	0.90896	0.03412	237	0.49847	0.04097	257	0.04945	0.03273
SNP_A-1717823	58897046	chip2	12	0.90675	0.05825	93	0.49867	0.04092	447	0.00404	0.00956
SNP_A-1672292	58908108	chip2	42	0.86074	0.04047	240	0.49857	0.02541	273	0.10931	0.03761
SNP_A-1687749	59132286	chip1	487	0.95541	0.03557	54	0.4922	0.0501	7	0.08786	0.05947
SNP_A-1717901	59181299	chip2	29	0.97455	0.0307	198	0.49869	0.0386	334	0.05399	0.02687
SNP_A-1646906	59245509	chip2	40	0.9657	0.04195	157	0.49244	0.07482	315	0.0135	0.02229
SNP_A-1685623	59479230	chip1	0	NA	NA	100	0.48987	0.07451	450	0.02401	0.05059
SNP_A-1685759	59479826	chip1	551	0.96688	0.01837	10	0.5073	0.05559	0	NA	NA
SNP_A-1724459	59485000	chip1	122	0.98003	0.0318	200	0.47902	0.10986	155	0.10446	0.04847
SNP_A-1724731	59485642	chip1	157	0.86619	0.06335	240	0.48502	0.0837	139	0.07287	0.04845
SNP_A-1681394	59488867	chip2	0	NA	NA	112	0.4863	0.07359	423	0.13592	0.02476
SNP_A-1646570	59489660	chip2	146	0.88544	0.03421	241	0.49793	0.04495	174	0.03569	0.01899
SNP_A-1698954	59760823	chip1	2	0.5845	0.04738	12	0.48233	0.13632	507	0.03681	0.05209
SNP_A-1662908	59790479	chip2	18	0.8405	0.03595	202	0.49191	0.06538	322	0.01956	0.01926
SNP_A-1663134	59794710	chip2	59	0.96966	0.0206	231	0.49811	0.03542	266	0.05579	0.02307
SNP_A-1656103	59803539	chip2	415	0.87411	0.03128	128	0.50051	0.02791	18	0.07789	0.03635
SNP_A-1642498	59864390	chip1	243	0.96902	0.03204	221	0.48973	0.08271	79	0.02615	0.05393
SNP_A-1662550	59886493	chip2	218	0.96884	0.01996	241	0.49711	0.03885	101	0.09863	0.03043
SNP_A-1657574	59886633	chip2	258	0.98199	0.02131	234	0.49816	0.04954	66	0.05247	0.02562
SNP_A-1649102	59886825	chip2	472	0.99186	0.00984	78	0.4991	0.03388	8	0.03512	0.02594
SNP_A-1714767	59886917	chip2	469	0.97188	0.02603	83	0.49959	0.03391	8	0.08325	0.01129
SNP_A-1686537	60001698	chip1	7	0.91214	0.02858	80	0.49864	0.03774	473	0.09625	0.02554
SNP_A-1690146	60012591	chip1	427	0.89734	0.03917	119	0.49681	0.04414	10	0.03	0.0463
SNP_A-1732451	60069023	chip2	488	0.95527	0.02181	71	0.50024	0.04844	1	0.127	NA
SNP_A-1700613	60373858	chip1	12	0.89417	0.04166	76	0.49816	0.04733	472	0.06143	0.02911
SNP_A-1757339	60695892	chip2	234	0.95995	0.01657	269	0.49914	0.03165	58	0.03247	0.02233
SNP_A-1745057	61010000	chip2	16	0.95837	0.02157	159	0.5013	0.01937	386	0.04731	0.02133
SNP_A-1723992	61010979	chip2	386	0.97413	0.0226	158	0.498	0.03983	12	0.07417	0.0402
SNP_A-1720133	61011337	chip2	50	0.96808	0.0146	226	0.49834	0.03176	285	0.11713	0.04492
SNP_A-1712609	61011383	chip2	16	0.90919	0.03166	157	0.50028	0.02689	381	0.06938	0.02802
SNP_A-1708671	61021559	chip2	12	0.94608	0.02279	134	0.50033	0.01903	414	0.09162	0.02644
SNP_A-1705563	61064425	chip2	84	0.9905	0.01327	261	0.49686	0.04472	215	0.01103	0.02376
SNP_A-1677094	61064517	chip2	213	0.88315	0.03446	262	0.49835	0.02848	83	0.16063	0.05454
SNP_A-1665388	61072944	chip2	24	0.95162	0.02259	182	0.49818	0.03517	346	0.11917	0.03765
SNP_A-1734412	61074906	chip2	339	0.96524	0.01392	190	0.49867	0.03822	31	0.1181	0.02702
SNP_A-1670030	61077065	chip1	34	0.93385	0.03992	201	0.49216	0.06511	313	0.08882	0.05548
SNP_A-1659969	61107777	chip2	320	0.99076	0.01171	203	0.4997	0.03266	38	0.05361	0.02374
SNP_A-1722300	61116501	chip2	0	NA	NA	61	0.49359	0.07227	497	0.08099	0.06565
SNP_A-1663552	61128652	chip2	56	0.9092	0.02333	237	0.50038	0.01996	268	0.07429	0.02804
SNP_A-1650134	61131250	chip2	26	0.969	0.02225	187	0.49825	0.04842	345	0.01795	0.01778
SNP_A-1727946	61134313	chip1	54	0.87641	0.03234	234	0.49857	0.03623	266	0.09036	0.0402
SNP_A-1679196	61207687	chip2	5	0.9488	0.0168	32	0.49875	0.02648	524	0.03579	0.01886
SNP_A-1719692	61221153	chip1	220	0.91299	0.03629	247	0.50057	0.03773	88	0.06775	0.02236
SNP_A-1719988	61222476	chip1	410	0.90967	0.0242	130	0.49826	0.02567	21	0.08129	0.03219
SNP_A-1703749	61295070	chip2	10	0.7174	0.06764	57	0.49756	0.05015	480	0.00048	0.00275
SNP_A-1689508	61369111	chip2	82	0.97376	0.02649	247	0.49973	0.02871	232	0.04032	0.02484
SNP_A-1725257	61554788	chip1	128	0.92889	0.02782	264	0.49883	0.03572	168	0.01855	0.01651
SNP_A-1725377	61555118	chip1	339	0.95185	0.02323	182	0.49713	0.0414	40	0.09217	0.03401
SNP_A-1671365	61752129	chip1	85	0.94398	0.06817	218	0.49256	0.06799	221	0.02076	0.03405
SNP_A-1671467	61752385	chip1	52	0.98946	0.01242	217	0.49916	0.03309	291	0.05528	0.01707
SNP_A-1671589	61752418	chip1	51	0.96416	0.02837	205	0.49865	0.04817	288	0.04923	0.02446
SNP_A-1687680	61755728	chip2	324	0.96902	0.01627	184	0.49837	0.03747	50	0.02176	0.0191
SNP_A-1715270	61780662	chip1	209	0.90116	0.03325	230	0.49699	0.03974	103	0.03468	0.02677
SNP_A-1661199	61906985	chip2	540	0.9618	0.03106	17	0.49871	0.02917	3	0.04667	0.04701
SNP_A-1705388	62016152	chip1	273	0.9297	0.04452	238	0.49247	0.07139	29	0.16121	0.03464
SNP_A-1705976	62036725	chip1	240	0.99426	0.01111	236	0.49684	0.04533	77	0.05804	0.03551
SNP_A-1707761	62051244	chip1	1	0.998	NA	22	0.49241	0.09208	515	0.0812	0.10142
SNP_A-1673886	62128208	chip2	14	0.95721	0.02205	127	0.49908	0.02533	420	0.0103	0.0152
SNP_A-1697743	62189739	chip2	0	NA	NA	10	0.5002	0.02259	551	0.00676	0.00696
SNP_A-1706627	62431059	chip2	359	0.96155	0.02309	153	0.49946	0.02909	48	0.01937	0.01268
SNP_A-1645690	62556894	chip2	14	0.94143	0.03541	89	0.49897	0.04816	457	0.01401	0.01519
SNP_A-1733468	62826084	chip2	329	0.96761	0.02174	209	0.49807	0.03452	23	0.04217	0.01896
SNP_A-1718444	63029177	chip1	182	0.8954	0.04024	320	0.48945	0.08995	29	0.14903	0.05575
SNP_A-1748725	63186871	chip2	121	0.98882	0.01228	284	0.49764	0.04325	153	0.05318	0.02389
SNP_A-1733064	63270390	chip2	335	0.87626	0.044	191	0.49872	0.03682	34	0.04685	0.02055
SNP_A-1713381	63276577	chip1	11	0.83091	0.04639	199	0.48226	0.11425	333	0.06201	0.03781
SNP_A-1713543	63277060	chip1	183	0.97906	0.0295	267	0.49385	0.07606	86	0.14821	0.05124
SNP_A-1658206	63437743	chip2	57	0.96749	0.01506	220	0.49963	0.0257	283	0.04408	0.02731
SNP_A-1709256	63458980	chip1	232	0.907	0.04289	230	0.49857	0.03425	99	0.03	0.01237
