5.76263
5.97558
5.99459
6.1489
6.78451
8.23634
8.58
8.58
8.58
8.58
8.58
8.58
8.58
8.58
8.58
8.62038
10.4565
10.782
10.7823
11.2502
11.5215
12.2301
12.84
12.9007
12.9008
14.3422
14.4211
16.3195
16.3195
16.6327
16.929
17.1912
17.2184
17.2808
17.4996
17.7451
17.8736
17.8739
17.9743
18.517
19.8967
19.9584
20.6909
20.7318
20.8895
20.8899
21.8892
22.1961
22.614
22.6723
23.0386
23.3025
23.4931
23.5854
23.61
23.61
24.5629
25.3965
25.6824
26.291
27.3746
27.5664
27.9838
28.4741
29.3593
29.3597
29.5097
29.6915
29.8459
30.9822
30.9829
32.2997
32.5239
32.5253
32.527
33.5354
34.8903
34.9197
35.3843
35.924
36.224
36.5677
36.6776
36.6777
36.6778
37.1502
37.6395
37.6771
37.6774
37.6777
37.8982
38.258
38.3741
38.3743
38.5946
38.5949
39.0458
39.2861
39.8022
39.9805
40.4442
40.6135
40.6135
40.7405
41.8906
42.398
42.8008
42.8813
42.8819
43.2506
43.2734
43.276
43.4935
43.4938
43.5948
43.8255
44.1602
44.5322
44.5435
44.564
45.122
45.1724
45.7111
45.7766
45.7768
46.14
46.4864
46.4865
47.08
47.554
48.0229
48.2838
48.2841
48.5061
48.7654
48.9596
50.5113
50.5929
50.5929
50.5929
50.593
50.593
50.6353
51.1552
51.4174
51.4356
51.5207
51.5385
51.5386
51.5386
51.726
51.9336
52.9349
53.0175
53.0291
53.0295
53.2463
53.2464
54.2237
54.9509
56.27
56.27
56.962
57.0268
57.0269
57.09
57.09
57.09
57.4074
57.7526
57.9261
57.9264
58.0098
58.0621
58.1583
58.1946
58.24
58.2989
58.2991
58.328
58.328
58.3282
58.3509
58.8957
59.4525
59.7178
59.7179
59.7179
60.0096
60.6427
60.8644
60.9145
61.0771
61.7675
62.6274
62.9795
63.1273
63.2085
63.2654
63.2776
63.2778
63.3572
63.4942
63.81
63.81
63.81
63.81
63.81
63.8133
63.8751
63.877
63.877
63.9203
63.97
63.97
63.97
63.97
63.97
63.97
63.97
63.97
63.97
63.9842
63.991
63.9966
64.0176
64.044
64.21
64.21
64.21
64.21
64.21
64.3013
64.3014
64.3014
64.3405
64.9329
64.9347
64.9576
64.9762
65.0371
65.1505
65.1506
66.3362
67.6828
67.6829
67.7024
67.703
67.7047
68.4961
68.6177
68.6178
68.8249
69.0895
70.2289
74.8828
74.8828
75.808
75.8702
78.6627
80.6949
80.695
80.9673
80.9688
81.1855
81.6987
82.9291
83.34
83.7433
83.7451
83.7452
83.7599
83.84
84.5086
85.1974
85.2756
85.301
85.3013
85.3265
85.4459
85.446
85.8896
87.2622
87.2622
87.4828
87.4828
87.7049
87.8286
87.9945
88.013
88.0872
88.1961
88.48
88.48
88.48
88.4814
89.201
89.2012
89.3021
89.4239
89.5237
89.5238
89.524
89.685
90.0257
90.1418
90.148
90.1658
90.1755
90.1815
90.197
90.234
90.2441
90.3086
90.333
90.345
90.36
90.36
90.36
90.36
90.36
90.36
90.36
90.408
91.254
91.2542
91.2862
91.2863
91.3693
91.6963
92.2585
92.3271
92.3271
92.3352
92.3372
92.3374
92.3504
92.3504
92.3522
92.3661
92.5566
92.642
92.6421
92.9001
92.9105
93.4166
93.4171
93.5327
93.7384
93.8921
94.0519
94.1711
94.7537
94.8296
95.3082
95.3577
95.3968
95.4172
96.6781
97.4382
98.1859
98.1863
98.6911
100.038
100.112
100.776
100.776
100.927
100.973
100.973
100.974
101.01
101.036
101.036
102.15
102.15
102.15
102.198
102.198
102.447
102.497
102.571
102.919
103.022
103.056
103.12
103.133
103.133
103.38
103.434
103.835
103.96
103.991
103.991
103.992
104
104
104.018
104.018
104.114
104.35
104.35
104.407
104.451
104.603
104.682
104.72
104.791
104.964
104.972
104.989
104.989
104.989
105.112
105.172
105.201
105.232
105.232
105.232
105.524
105.591
105.605
105.653
105.733
105.733
105.733
105.949
106.144
106.655
106.657
106.693
106.756
106.795
106.795
106.797
106.947
107.35
107.35
108.469
108.469
108.469
108.751
109.577
109.628
109.66
109.66
109.66
109.66
109.66
109.712
109.969
109.969
110.046
110.069
110.074
110.078
111.632
111.663
111.752
111.78
112.635
112.859
112.859
112.859
112.983
114.195
114.196
115.025
115.165
115.313
115.54
115.54
115.597
116.46
116.46
118.821
119.334
120.258
120.348
120.487
121.635
122.089
122.228
122.311
122.312
122.312
122.424
123.04
123.702
123.717
124.609
125.153
125.265
125.606
125.606
126.037
126.052
127.219
128.169
128.17
130.43
130.43
130.43
130.43
130.43
130.43
130.466
131.676
131.809
131.993
131.993
131.993
132.093
132.765
133.078
134.534
134.606
135.041
135.041
135.264
135.265
135.267
135.491
135.491
135.944
135.944
135.982
136.002
136.023
136.062
136.125
136.127
136.15
136.889
136.893
137.438
139.753
140.02
141.256
142.158
142.431
142.959
143.565
144.135
144.561
144.671
144.867
146.802
147.567
147.597
147.597
147.598
147.599
147.738
147.739
147.811
147.886
148.934
149.149
149.699
150.333
150.333
150.669
152.45
152.45
