0.510216906
0.658077528
0.913847835
0.448096937
0.902927234
0.472266675
0.65555443
0.921005686
0.440458888
0.907441091
0.442095968
0.442095968
0.440458888
0.943006233
0.085465627
0.28295918
0.384685108
0.271708419
0.249077945
0.32544342
0.162003254
0.562365751
0.587201656
0.226846601
0.909191347
0.919227834
0.215284904
0.913030385
0.946389116
0.993984961
0.377291047
0.425897992
0.48064421
0.755224075
0.05605895
0.169770399
0.158301643
0.53882862
0.162314684
0.803783277
0.249343555
0.219749126
0.595554979
0.101736082
0.946574066
0.172997754
0.619700471
0.833596946
0.624481109
0.954471344
0.391872407
0.173593848
0.053885874
0.670261298
0.837894564
0.405641022
0.104991595
0.599030072
0.155017456
0.154826827
0.103558941
0.240708345
0.94394955
0.594946192
0.427060421
0.093201351
0.962597353
0.201785541
0.945536805
0.351838767
0.21838162
0.228939696
0.311165745
0.834345007
0.487633614
0.193358049
0.910747592
0.023468017
0.452305292
0.116068248
0.814975261
0.878689254
0.758517227
0.135887985
0.872585635
0.726456345
0.197870382
0.537188873
0.422422214
0.463166024
0.862683129
0.04112392
0.189036218
0.06329888
0.089410451
0.156742025
0.810623517
0.925006686
0.184123431
0.059234721
0.92714135
0.387632041
0.196670756
0.240159332
0.53280047
0.174813277
0.459686339
0.757665797
0.188137602
0.371042129
0.02496311
0.337879784
0.508750686
0.665668757
0.883439832
0.368133723
0.902443761
0.426990376
0.695902805
0.723520326
0.519654356
0.753731953
0.61176924
0.563925314
0.830177161
0.232001419
0.084843798
0.00259877
0.017953149
0.528313484
0.410012369
0.174388807
0.011343344
0.645788026
0.938448534
0.697108525
0.841471362
0.789067417
0.125812055
0.550676732
0.29127324
0.234494361
0.971517839
0.34324493
0.641734359
0.610202898
0.781719931
0.526947543
0.186875344
0.960331487
0.021397302
0.356217507
0.508484428
0.917270228
0.261183402
0.944059924
0.296234458
0.513761254
0.874086318
0.286464057
0.703682695
0.944762347
0.527400898
0.650763281
0.576137343
0.078601168
0.027653697
0.087602893
0.806173273
0.746354351
0.665422709
0.923624677
0.781115598
0.468148139
0.948276179
0.4723779
0.434306364
0.287163985
0.81450544
0.91625571
0.488255838
0.456548216
0.569187452
0.105838756
0.512795876
0.837914127
0.908463309
0.980777107
0.084439597
0.730086282
0.355144302
0.626596754
0.735668001
0.822064889
0.566152918
0.761207384
0.869731257
0.27489206
0.553617539
0.4837376
0.134077429
0.003555921
0.727114545
0.725433315
0.300410479
0.781958196
0.88056854
0.736955507
0.287424523
0.949680637
0.591157571
0.676453807
0.871518752
0.607963492
0.726469841
0.913643367
0.606616848
0.444675432
0.999508425
0.52445003
0.650376619
0.646127031
0.803757799
0.300018716
0.684354408
0.69129418
0.222789571
0.278586272
0.044191888
0.090624401
0.484318018
0.300311339
0.852664674
0.712001226
0.852664674
0.799985445
0.481572668
0.301266761
0.534823694
0.753993401
0.373770283
0.103175062
0.168195562
0.451244329
0.582759693
0.223486183
0.949097126
0.762193728
0.851089478
0.168618601
0.643904777
0.682465596
0.923876617
0.706232318
0.503914339
0.438567366
0.841115981
0.069006834
0.665078204
0.082864338
0.422791575
0.941377958
0.938769499
0.756459513
0.222917165
0.029644237
0.296358688
0.982502883
0.025181614
0.579127779
0.236570111
0.171063218
0.526280819
0.860969916
0.556684991
0.879450239
0.765554125
0.254837769
0.372192
0.853169688
0.759447925
0.819731653
0.881303391
0.882484925
0.641091403
0.780385339
0.65409901
0.326449599
0.351161631
0.290609117
0.177819368
0.178377341
0.091515636
0.151452662
0.767681632
0.697329846
0.984516298
0.423695992
0.185759294
0.651424355
0.949993425
0.592010294
0.669154233
0.092336129
0.168746198
0.955672275
0.624104496
0.189336614
0.113850285
0.403596931
0.66583786
0.602822969
0.129911169
0.008787408
0.389124772
0.427499348
0.419566125
0.42855209
0.41927188
0.351397956
0.197434174
0.589850032
0.854497828
0.399677543
0.537120457
0.241970446
0.409055305
0.50499253
0.477703462
0.488383766
0.459900434
0.693528473
0.427015532
0.431919511
0.84427908
0.249073497
0.579261337
0.962645701
0.643838594
0.679900997
0.926094905
0.433296242
0.542609333
0.836015705
0.708109125
0.198563595
0.014009349
0.448603779
0.612950837
0.797461622
0.428109761
0.48645927
0.870984613
0.947409559
0.208466054
0.729146562
0.108435131
0.963706625
0.510561887
0.507530281
0.934851189
0.067864699
0.311035851
0.945275166
0.722095282
0.010987478
0.205468565
0.764561252
0.240968252
0.325930522
0.325930522
0.239702598
0.313011109
0.059278852
0.5619905
0.586188694
0.443643394
0.483458531
0.242649114
0.818328165
0.347684525
0.845702569
0.578301041
0.655701394
0.555511618
0.88028094
0.75064589
0.845142276
0.851244904
0.244359714
0.641652504
0.372703602
0.777686297
0.802518838
0.845448321
0.591149916
0.701580385
0.685123426
0.977730019
0.534363198
0.250468786
0.855434967
0.510414036
0.772123366
0.629944134
0.034127269
0.478552131
0.872739356
0.452725616
0.767732276
0.976784663
0.982362213
0.805879397
0.85088754
0.202866366
0.534214616
0.953979706
0.606694962
0.471008105
0.748228749
0.827105573
0.956869244
0.688091332
0.640407193
0.51795272
0.505956688
0.517581651
0.763890134
0.545638773
0.387734519
0.630198662
0.989458928
0.421677998
0.435824291
0.23854442
0.591442888
0.861749721
0.573367927
0.585966687
0.716701713
0.651473773
0.662596188
0.640142961
0.202650018
0.880807535
0.737210484
0.777900257
0.042272498
0.637800743
0.215913616
0.099893241
0.412626466
0.241899915
0.596855352
0.83753341
0.946754603
0.249042148
0.890605008
0.997075861
0.187776879
0.195487461
0.941627572
0.941627572
0.608675053
0.7281009
0.330890431
0.312813994
0.601460659
0.195495269
0.447090609
0.259412612
0.267667972
0.004446358
0.722269964
0.039451451
0.879782918
0.462506751
0.521337763
0.971580409
0.524726134
0.320354066
0.969314397
0.206620348
0.02872839
0.184044366
0.537966571
0.335377986
0.175055988
0.755746939
0.315199208
0.976260207
0.509617986
0.404604923
0.553978218
0.009171213
0.103674102
0.170267092
0.44495893
0.168020501
0.24750281
0.701195204
0.683322878
0.398867077
0.839983371
0.103136245
0.739878687
0.491257973
0.035648491
0.370523485
0.830077527
0.273671704
0.333511081
0.575772836
0.747429516
0.906351792
0.420701791
0.648566844
0.14233689
0.008135699
0.11808507
0.118621057
0.11799218
0.105165391
0.104684242
0.752825134
0.501063908
0.667807784
0.964709009
0.84178704
0.837784256
0.050369447
0.180363289
0.778040129
0.829038864
0.760729568
0.119448572
0.681113297
0.154940072
0.98605094
0.717634376
0.985671664
0.647762076
0.944173198
0.371274184
0.73058747
0.010636567
0.096030031
0.590505622
0.763286504
0.949547933
0.605400018
0.792180955
0.697647111
0.608322197
0.946216741
0.994691079
0.286494106
0.324646415
0.219700435
0.486492204
0.439586608
0.973402795
0.955678848
0.939145356
0.469565541
