3.60088
4.59323
4.61375
4.62255
4.70115
4.71075
4.71078
4.74058
4.74064
4.74065
4.74065
4.75523
5.78774
7.47648
7.47659
11.3281
12.4458
12.8834
15.4462
20.7112
21.5853
22.4045
22.6461
24.63
24.8441
27.3263
28.6687
28.6687
29.1953
29.3651
29.3675
29.5165
29.8102
30.3951
31.9836
31.9838
32.1547
32.8367
33.7385
33.8107
33.8111
34.2251
34.6489
35.1545
35.1547
35.6304
36.0988
36.0991
36.5306
38.2564
38.7593
38.8308
38.8311
38.8314
38.9
39.0799
39.3779
40.5937
40.7484
41.7613
42.67
42.67
42.7596
42.8022
43.1236
43.7672
43.7673
43.8366
44.0758
44.3019
44.4335
44.4879
44.5196
44.5262
44.5563
44.6971
44.6972
44.7781
45.0858
46.1966
46.226
46.2481
46.31
46.3453
46.6771
47.6193
47.6358
47.8166
48.671
48.6711
48.8931
48.9242
49.1566
49.4674
49.6883
49.8809
49.94
49.94
49.9914
49.9916
50.148
50.4178
50.7881
51.0722
51.2655
51.3805
51.3806
51.3809
51.3813
51.4905
51.5223
51.5224
51.5505
51.5508
51.6114
51.7265
51.7945
52.4692
52.5995
52.5997
52.5997
52.9264
52.9826
53.0967
53.383
53.3831
53.4581
53.6227
54.4729
54.6798
54.69
54.69
55.0428
55.0429
55.2962
55.2967
56.4348
56.4726
56.5677
60.2199
60.26
60.26
60.26
62.2069
62.3648
62.5016
62.5569
62.6551
62.6556
62.6558
63.4216
63.7664
63.9651
63.9653
64.819
65.85
65.85
67.2959
68.1911
68.2703
68.5032
68.5119
68.5121
68.5121
68.8729
71.5036
73.3906
74.0403
75.3405
75.8191
76.8156
76.8406
77.0091
77.2325
77.2326
77.2327
78.6702
78.9327
79.2909
79.7895
80.2597
80.3147
80.4046
80.5279
80.8952
82.4992
82.4992
82.8161
82.8163
82.8993
83.8164
83.9894
84.3303
84.3742
84.3745
84.375
84.378
84.429
84.4714
84.6866
85.0483
85.0494
85.054
85.0541
85.5961
86.0285
86.0608
86.7282
87.1854
87.1855
87.2722
88.8016
89.0775
89.3
89.3
89.3552
89.4971
89.8581
90.1329
90.1333
90.3468
90.519
91.0287
91.49
93.2683
94.4823
94.4828
94.4828
94.8022
95.0533
95.268
95.2685
95.2686
95.4984
95.5401
95.5403
95.5404
98.2137
98.2139
98.2461
98.3625
98.5432
100.188
100.409
100.909
100.91
102.832
104.749
105.179
105.179
105.378
105.603
107.869
108.041
108.043
108.043
110.958
112.49
115.691
115.945
116.627
118.57
118.807
119.539
121.81
121.811
123.488
123.488
123.489
124.005
128.464
129.06
129.574
129.577
129.577
129.947
129.947
129.947
130.403
130.81
132.486
132.563
132.806
132.91
133.61
133.61
