0.517319006
0.330908184
0.473247622
0.940148943
0.673716531
0.913350762
0.667304075
0.150953678
0.508549051
0.062416825
0.062416825
0.157084524
0.882432866
0.324574886
0.520257196
0.73810161
0.272776037
0.348884902
0.580056812
0.036242633
0.338215641
0.266956105
0.600372051
0.186690943
0.324444175
0.64697315
0.870524766
0.860721423
0.243595651
0.865570674
0.958920232
0.889540361
0.958270578
0.31233709
0.971055945
0.987038487
0.002765451
0.993554563
0.519472739
0.465072795
0.37527789
0.728667952
0.525584574
0.323651397
0.184067327
0.728207858
0.519697875
0.89474364
0.838465081
0.64773539
0.761321046
0.063029623
0.041253434
0.395191649
0.006201367
0.369749173
0.730144208
0.391370227
0.013345815
0.646619538
0.100694085
0.187224842
0.143251399
0.206983061
0.346103529
0.870467985
0.594242989
0.385427312
0.619896568
0.500370813
0.371427114
0.342615254
0.041822663
0.174357899
0.456479659
0.213461367
0.114881642
0.662502816
0.58976779
0.2572086
0.163786973
0.263922522
0.364920235
0.60472463
0.980699441
0.19712537
0.372037677
0.269216306
0.290713004
0.171819531
0.192212906
0.836235273
0.329608903
0.952680076
0.220743826
0.190879604
0.634155437
0.200288225
0.251473531
0.051454092
0.04793681
0.784208533
0.203225697
0.696849445
0.835499035
0.851076435
0.562851255
0.824728822
0.812853752
0.55190021
0.950492993
0.960309269
0.719531392
0.802054527
0.430506699
0.365818717
0.706100409
0.634372638
0.864302355
0.864302355
0.858603495
0.847327495
0.82076657
0.151002674
0.68873077
0.459865047
0.483217256
0.550750305
0.499876562
0.791488555
0.551855032
0.587170543
0.721376368
0.857659105
0.205567857
0.793996606
0.225318893
0.930575836
0.291138786
0.672153178
0.125298998
0.169839786
0.975065605
0.809404349
0.564371895
0.447162446
0.613607895
0.201883475
0.048722177
0.306530519
0.933439353
0.213047089
0.560762011
0.618817556
0.763569642
0.820511103
0.254264218
0.427226175
0.03034509
0.007383786
0.531110719
0.436908062
0.527931525
0.240795568
0.944535597
0.928945575
0.10505202
0.847806405
0.276530805
0.541020266
0.159469147
0.202716167
0.910075981
0.159368015
0.467534932
0.265558717
0.799284682
0.463666467
0.861277596
0.689093062
0.759353395
0.494334672
0.829640624
0.550491928
0.45240911
0.921363587
0.324359085
0.627589131
0.612946127
0.190628113
0.545235629
0.873521619
0.153413053
0.448371741
0.998083883
0.329638125
0.025832786
0.040085655
0.973482688
0.850415448
0.440049436
0.951385399
0.529604709
0.561763918
0.725574021
0.599693348
0.325301529
0.165632214
0.085000796
0.107361103
0.727156294
0.004364087
0.464776353
0.263319111
0.931058769
0.841813607
0.10489618
0.177901921
0.005649071
0.290535915
0.475958527
0.202169488
0.252432166
0.182031737
0.726936308
0.877202866
0.947899078
0.689678161
0.500757719
0.665164295
0.29360922
0.227977385
0.406675506
0.983434184
0.897175228
0.708071958
0.745288289
0.44003235
0.672471422
0.939564154
0.047368362
0.482090847
0.405093732
0.268993227
0.723173332
0.576215231
0.962499802
0.272704526
0.304277578
0.614491282
0.182230207
0.561312727
0.376814093
0.914480302
0.421482416
0.234977596
0.179221004
0.842805085
0.693918564
0.699777557
0.235592772
0.318426947
0.59219832
0.671509315
0.826682733
0.618449016
0.378101873
0.931732179
0.570783447
0.438037336
0.648654331
0.270906139
0.669870877
0.96699005
0.784479079
0.270569863
0.418304362
0.3153992
0.170011522
0.986559322
0.078993941
0.277575822
0.925718754
0.165239123
0.201546573
0.388382135
