0.0667374
0.15939
3.48321
5.81
5.81
5.81
8.23892
8.66182
11.4226
12.7641
12.9178
20.9711
21.1379
21.5259
21.6951
22.1116
22.4158
22.6531
23.5133
23.8056
24.0745
24.2447
24.5323
26.5429
27.0417
27.0454
27.1979
27.4449
27.52
27.52
27.5341
27.5761
27.6689
27.7783
30.086
30.2455
31.4601
32.2185
32.253
32.4078
32.5054
34.4232
34.9975
35.0614
35.1312
35.2074
35.4377
35.4473
35.6035
35.6158
36.1149
36.4655
36.7578
36.8781
37.2615
37.3275
37.6448
37.7945
38.2342
39.212
41.6611
42.2945
42.3792
42.6238
42.6239
43.4643
44.35
44.35
44.5248
45.0078
45.0079
45.1335
45.845
45.8841
46.1564
47.1746
47.3257
47.4895
47.8738
48.0783
48.0787
48.0788
48.0788
48.1676
48.1817
48.2149
48.2512
48.252
49.3043
49.7287
50.1888
51.0401
51.38
52.6707
52.779
52.8774
53.3218
53.3517
53.5855
53.6237
53.6265
53.8569
53.8571
53.916
54.1556
54.7542
54.7545
54.8023
55.2364
55.255
57.0534
57.1483
57.18
57.1817
58.1395
59.4668
60.7572
60.986
61.0626
61.0626
61.115
61.1151
61.9909
62.7347
62.8862
63.2838
64.0156
64.4233
65.1901
65.7915
65.8621
65.8624
66.4983
68.1227
69.2256
69.4
69.5052
69.5775
69.5775
69.5776
70.2858
70.33
70.8289
70.8298
71.4828
71.9314
73.8161
75.8111
76.4106
76.6507
77.966
78.029
78.1908
81.5922
81.7343
81.8834
81.934
82.2738
82.2806
82.4597
83.2012
86.0714
86.1636
86.3878
86.3878
86.6153
86.6163
86.7145
87.2954
87.5302
92.9872
92.9874
93.4606
93.9042
94.2601
94.2604
94.2617
94.9687
95.8826
98.63
98.63
98.63
98.63
98.63
98.63
98.63
98.63
98.63
98.63
98.63
98.63
98.63
98.63
98.63
