0.986772078
0.445195099
0.392974141
0.45484812
0.043031483
0.361900383
0.742299438
0.568105334
0.693338664
0.792352714
0.459411939
0.502461172
0.801256063
0.28940986
0.086412627
0.833216622
0.077837811
0.186208045
0.660721514
0.763948452
0.903221462
0.782012844
0.626963293
0.353821995
0.945441592
0.970570972
0.09490629
0.843320503
0.340830015
0.712877466
0.922851735
0.440790396
0.897778578
0.901716903
0.457125207
0.314527206
0.868905473
0.278359548
0.934956041
0.686513417
0.39180549
0.722333605
0.436893692
0.415513734
0.496212963
0.466656307
0.198297861
0.040391269
0.151128008
0.264649064
0.321804718
0.972768352
0.494559765
0.984124604
0.159070399
0.651435313
0.188857506
0.206329581
0.046062282
0.927733368
0.894081904
0.211706214
0.645125906
0.292301253
0.292301253
0.81258103
0.876636387
0.6598623
0.529098335
0.752054625
0.788246704
0.212411321
0.703637651
0.385887748
0.298587871
0.206296035
0.805454543
0.601989108
0.941672359
0.479253333
0.416967545
0.975484189
0.599799333
0.261516689
0.777114199
0.998450265
0.842208295
0.627297726
0.075835715
0.77628809
0.115826412
0.730877108
0.819374191
0.591193176
0.842670972
0.01942503
0.438068892
0.526243639
0.42336167
0.410978378
0.749149818
0.524382941
0.377156476
0.429000141
0.809869534
0.439146816
0.86739728
0.482682171
0.778570675
0.790757374
0.289666042
0.291557738
0.107779665
0.380733977
0.742326232
0.758174645
0.972142137
0.944021663
0.741755111
0.725614045
0.842322386
0.890431257
0.665809595
0.54563627
0.352438826
0.831188425
0.210292346
0.226960186
0.218488133
0.849361304
0.347190643
0.675110392
0.139328736
0.251593545
0.870110893
0.125428802
0.213298434
0.656628432
0.957813007
0.350687266
0.371425437
0.59017087
0.560134585
0.141675328
0.761984344
0.569101379
0.033770111
0.465267783
0.954777859
0.698456967
0.874673001
0.832054265
0.78777738
0.269818334
0.915363519
0.7421041
0.799748278
0.753237922
0.700359398
0.201148312
0.334817546
0.055237194
0.89357931
0.064693237
0.597136332
0.642178994
0.814516514
0.30134316
0.334756015
0.116188248
0.547395752
0.694389409
0.37646104
0.42481403
0.648999894
0.933757321
0.500905426
0.993439971
0.304883949
0.545571441
0.425678624
0.952388324
0.160323848
0.812741328
0.456370757
0.239543055
0.72055247
0.646178765
0.982069864
0.459509303
0.45537514
0.23723968
0.571691766
0.863578262
