0.421746
3.39737
4.26903
4.76267
4.76304
4.93125
4.93151
4.9316
5.69548
5.69612
7.47408
7.47455
7.4747
7.47604
9.39546
9.39604
9.39698
9.78398
9.78407
10.5999
10.6015
10.7995
10.8002
10.8004
11.7056
13.4989
13.6103
14.6344
14.635
14.746
14.949
15.1341
16.1889
17.6162
17.7439
17.7442
18.1817
18.2613
18.355
18.759
19.0477
19.0509
20.9357
21.4766
21.9676
22.7269
24.3147
25.23
25.4141
25.5325
25.5327
25.7069
25.7433
25.816
25.8161
25.8161
26.0608
26.2521
26.31
26.31
26.31
26.31
26.3201
26.3567
26.3571
26.7802
26.8114
26.9848
27.8613
27.9312
28.4817
28.4821
28.5224
28.6658
29.1875
29.2429
29.2433
29.7508
29.7514
30.386
31.1773
31.6555
32.1568
34.4101
34.5911
34.6007
34.6277
36.157
36.9277
37.35
39.0937
39.296
41.4643
41.6192
41.7022
41.9305
42.1567
43.1284
43.6275
44.0697
44.2748
44.2749
44.2906
44.4394
44.621
44.6214
45.4571
45.4571
46.42
46.42
46.42
46.42
46.42
46.42
46.9386
46.9387
46.9432
47.6362
47.6362
47.6365
47.7638
47.7638
48.7625
52.2395
52.3639
52.4218
52.5119
52.5167
52.6735
52.7034
52.8189
52.819
52.8191
52.9991
53.1056
53.1233
53.1238
53.1359
53.1407
53.1444
53.2077
53.2306
53.2655
53.5744
54.1156
54.1211
54.23
54.2975
54.3014
54.4931
54.4964
54.4965
54.5138
54.9116
54.9116
54.9116
54.9117
55.41
55.41
58.2777
58.2779
58.28
58.2801
58.3708
58.3711
58.7921
59.0983
61.1139
61.8105
62.2161
62.89
62.89
62.89
62.89
63.0607
63.5507
63.5508
63.551
63.8523
64.48
64.48
64.9154
65.5467
65.5672
65.5673
65.6409
65.7456
66.3229
66.3987
66.443
66.4433
67.0488
67.0494
67.0499
67.4367
67.4367
67.4367
67.4567
67.6743
67.6745
67.7803
68.1018
68.1958
68.2851
68.6966
68.9545
69.1057
69.2025
69.3852
69.9445
70.4457
70.6497
70.6498
72.1258
72.4563
72.6011
72.6011
73.2468
73.8729
73.8806
73.9319
74.8747
74.8796
74.8796
74.8796
74.8796
74.8797
74.8808
74.8808
74.8968
74.9323
75.0638
75.0799
75.0799
75.412
75.4567
75.4645
75.5195
75.622
75.6221
75.7985
75.9075
75.9953
77.0041
77.8858
78.9434
79.3448
79.78
79.78
79.78
79.78
79.78
80.2016
80.7652
81.0724
81.4326
81.4329
81.8609
82.7203
82.7816
82.8766
82.8872
83.68
83.68
84.1026
84.1029
84.108
84.266
84.795
85.7536
86.2291
86.8443
87.8403
88.2148
88.3317
88.4314
88.7292
88.7292
88.8189
88.9703
89.2822
89.2823
89.287
89.3004
89.3007
89.514
89.5222
89.5485
89.5572
89.5573
89.5757
89.7753
89.88
90.2291
90.2292
90.23
92.3005
92.88
92.9735
93.2654
93.3701
93.3702
93.4698
93.5476
93.6245
93.644
93.9636
94.2898
94.4397
94.7222
94.7223
95.1873
95.37
95.5304
95.7846
96.2044
96.2368
96.237
96.2406
96.252
96.31
97.0088
97.0377
97.2037
97.4186
98.6518
98.6522
98.6523
99.4806
99.4811
99.5895
99.6009
99.6009
101.558
102.483
103.096
103.504
104.146
104.146
104.899
105.105
105.501
105.608
105.608
106.15
107.602
107.989
109.058
109.082
109.24
111.86
112.022
112.179
112.233
112.447
112.575
112.64
112.849
113.151
113.151
113.557
113.75
113.794
113.843
113.965
114.189
114.722
115.37
115.392
115.392
115.396
115.396
115.481
115.538
115.538
115.538
115.694
115.696
115.79
116.04
116.04
116.04
116.04
116.318
116.53
116.534
116.549
116.572
116.583
116.776
116.776
116.776
116.957
117.036
117.132
117.189
117.194
117.217
117.26
118.234
118.527
118.527
118.527
118.537
118.646
118.646
118.699
118.771
118.897
118.9
118.994
119.042
119.596
119.956
119.957
120.055
120.255
120.37
120.37
120.405
121.739
121.9
122.349
122.35
122.495
122.495
122.957
124.459
127.013
127.222
127.279
127.279
129.055
129.056
130.565
130.685
133.668
133.757
133.757
133.869
133.869
133.87
134.113
134.113
134.258
134.575
135.167
137.057
137.058
137.715
137.812
138.398
138.398
138.401
138.504
138.535
139.079
139.079
139.135
139.749
139.932
140.705
140.705
140.917
140.917
142.009
146.495
146.495
147.046
147.942
148.041
148.81
148.81
150.173
150.173
150.174
150.19
150.19
152.842
152.926
153.252
153.252
155.199
155.595
155.973
155.979
156.161
159.824
159.825
