0.354761225
0.929922489
0.698065949
0.763220003
0.899171974
0.99987373
0.80298641
1
0.59679021
0.386118381
0.039507926
0.716508541
0.232315391
0.72054008
0.643948965
0.036207366
0.835999392
0.136918231
0.876415875
0.816118096
0.932054763
0.42571054
0.736924001
0.746841772
0.161685419
0.481112431
0.323593051
0.006374304
0.626610386
0.862709449
0.005281127
0.361226551
0.843794409
0.660081655
0.629273023
0.196183838
0.690653
0.884569998
0.186242179
0.376805827
0.264896649
0.029493975
0.103472966
0.930834087
0.79010228
0.935759085
0.719662864
0.532196023
0.470382723
0.107957876
0.014133099
0.221413243
0.462418683
0.831434287
0.163319672
0.297437086
0.183753451
0.337236572
0.765695215
0.099826216
0.996301792
0.16484394
0.138585997
0.877347128
0.2042632
0.010980048
0.224747057
0.925980331
0.069485659
0.149221305
0.980060258
0.141858482
0.771408731
0.681112376
0.67511768
0.798023986
0.391294972
0.102347642
0.065074728
0.408011252
0.406052189
0.00427276
0.338021053
0.950151899
0.459807125
0.005379628
0.187456516
0.209446752
0.37394763
0.341605932
0.822118311
0.227844447
0.84334742
0.818358358
0.139964232
0.38687289
0.245157089
0.910877545
0.667575675
0.451928166
0.793323363
0.951921139
0.044574353
0.856154898
0.885922325
0.124932881
0.551782492
0.957638934
0.231301874
0.283398035
0.713451866
0.587445036
0.918321426
0.604047329
0.759636598
0.538293201
0.7684811
0.225276587
0.278228194
0.213538805
0.224616288
0.510056219
0.701233215
0.595258268
0.944846437
0.123469397
0.479279962
0.057488602
0.637744782
0.341583897
0.176553463
0.911483008
0.054511946
0.400566126
0.643491372
0.398751569
0.748666411
0.056621147
0.050206083
0.13340554
0.923750292
0.147330236
0.571794544
0.222641659
0.777172167
0.239269553
0.001295698
0.323996914
0.856204709
0.04066817
0.081087101
0.826515233
0.034536188
0.563733088
0.378259415
0.3324964
0.378259415
0.276460772
0.791386384
0.216218649
0.627852165
0.536854442
0.644573486
0.703555834
0.725879381
0.348502133
0.576641661
0.15956544
0.416102925
0.657319797
0.261899784
0.922889911
0.040466304
0.778260205
0.022734566
0.157540065
0.582984406
0.182265912
0.312419379
0.007621747
0.414644033
0.669721695
0.532315822
0.711558982
0.26571116
0.471127554
0.142327958
0.860219677
0.401463138
0.880002796
0.579128299
0.310429376
0.38296068
0.578814451
0.21135725
0.488633227
0.488633227
0.980519629
0.890444795
0.478545857
0.909238895
0.455993346
0.926798651
0.841613372
0.703538697
0.364999955
0.954707261
0.786743668
0.564955783
0.950560566
0.444721867
0.217444346
0.673657811
0.052096822
0.901163633
0.231749061
0.489176156
0.778156446
0.878292652
0.57681433
0.939484301
0.662080347
0.466015765
0.867491508
0.863549829
0.929662354
0.986851556
0.543563141
0.550104022
0.941687214
0.61220905
0.839558057
0.497436465
0.446622415
0.967022724
0.690499438
0.58246245
0.685523608
0.74526167
0.457563889
0.98138929
0.733400301
0.886211442
0.560212034
0.981146344
0.295234857
0.024785235
0.737557705
0.97686129
0.978600205
0.726886605
0.933342388
0.562503781
0.980393631
0.804177474
0.022089014
0.28181239
0.135499041
0.418302003
0.724746409
0.60264551
0.067546213
0.233897874
0.314752959
0.50289296
0.009737674
0.314538837
0.48459332
0.89311803
0.669168054
0.019968421
0.569282823
0.255515987
0.408925637
0.337075379
0.677541812
0.253023214
0.019328317
0.324668485
0.00273977
0.638883673
0.322349021
0.253305417
0.264260407
0.386299317
0.718057108
0.761573458
0.608035985
0.932336617
0.993031673
0.633127781
0.497023613
0.553307273
0.78046253
0.918975451
0.709986569
0.890012105
0.206733681
0.857841131
0.085443545
0.826722465
0.024588328
0.113080619
0.443344256
0.404496402
0.592544808
0.051476841
0.336640027
0.992535828
0.963312948
0.627063764
0.878214249
0.122546786
0.921204687
0.324478403
0.253072334
0.054767855
0.01894715
0.110636057
0.416366987
0.015592622
0.810097892
0.083662392
0.247673444
0.373957651
0.821539607
0.731231347
0.875180455
0.379685902
0.837076977
0.689282785
0.056127968
0.031725257
0.014918104
0.98895805
0.236631674
0.66222423
0.57277428
0.00024738
0.73848764
0.67820911
0.683787039
0.001284806
0.724009096
0.827285938
0.937998791
0.054016396
0.860842631
0.859574126
0.49245239
0.755153695
0.09540113
0.616881907
0.6256839
0.473937373
0.009836988
0.88168989
0.957326044
0.316751528
0.379308385
0.737458592
0.095795219
0.102220967
0.800771145
0.542602577
0.453922034
0.136232065
0.265453507
0.032642344
0.29493497
0.23759027
0.372310029
0.000127149
0.871558004
0.333219821
0.910115661
0.773850813
0.45483724
0.169193168
0.84638119
0.44632011
0.700546163
0.752915456
0.373496932
0.69240515
0.936747182
0.585905287
0.296512154
0.248010403
0.124139241
0.096962701
0.153498161
0.649525472
0.633869236
0.543475675
0.359330011
0.989602875
0.202882504
0.692517455
0.190792201
0.903360613
0.55919225
0.786704105
0.419408773
0.542363351
0.051117064
0.398105253
0.836573931
0.506595246
0.766789866
0.239810678
0.490184908
0.643019056
0.475014005
0.248251493
0.320462854
0.358257346
0.957597721
0.944891525
0.256412156
0.854300731
0.437512131
0.15221734
0.307885656
0.210771722
0.256660407
0.852024301
0.491407356
0.487420753
0.262065227
0.735388697
0.307764031
0.147920296
0.020117068
0.214315826
0.301488743
0.450837392
0.961837148
0.999335262
0.935475191
0.796228979
0.841100064
0.546985048
0.540683082
0.711348852
0.523000985
0.512285365
0.016237781
0.793273703
0.240638571
0.983745384
0.563180048
0.787370498
0.081745493
0.622835156
0.730160424
0.962570369
0.263902744
0.563602266
0.041962375
0.001920724
0.346631237
0.788406232
0.199534261
0.256708509
0.0230798
0.245521045
0.849679134
0.983456531
0.850699388
0.520738213
0.920861786
0.997600961
0.202389598
0.321212191
0.011941528
0.876633
0.876633
0.163936294
0.672543497
0.393564556
0.895832741
0.727804126
0.966084842
0.126258949
0.695927147
0.68390326
0.263958633
0.183162319
