2.69067
2.69721
2.7068
2.85041
4.38966
5.76919
7.20228
8.50331
12.5827
12.5837
13.9652
15.1075
21.409
21.4101
21.4103
23.5344
24.171
24.2919
24.292
24.3657
24.9139
25.1877
27.201
27.971
28.0046
28.5051
29.0644
29.0646
29.3625
29.7824
29.7839
30.3999
30.8526
31.2002
32.4541
33.1365
33.3949
33.4493
34.3236
34.5391
34.6947
35.4176
36.9308
36.9853
37.2453
38.0972
38.1271
39.06
39.06
39.06
39.06
39.287
39.2889
40.1292
40.1443
41.6896
44.6349
46.2668
47.3435
49.2469
54.1818
58.5849
58.6326
58.6451
58.6453
59.6585
59.6607
65.4419
65.4423
65.5427
67.1369
68.82
68.82
68.82
68.82
68.82
