0.114510639
0.765681925
0.484106236
0.970191991
0.318209688
0.781591295
0.664034853
0.02038644
0.953824191
0.130959466
0.383016774
0.356747011
0.778900004
0.966426316
0.939864583
0.543864453
0.156712912
0.330567211
0.316699993
0.06271589
0.019892436
0.885355904
0.254596832
0.052082918
0.642365222
0.133998493
0.82775368
0.292475141
0.315162018
0.046511747
0.000112437
0.012968183
0.614310288
0.511982217
0.010722641
0.698541114
0.180879767
0.86656856
0.167801008
0.941589322
0.53803913
0.608802999
0.280383587
0.560027716
0.015038094
0.320465566
0.582075232
0.290073367
0.151164087
0.40195209
0.055059102
0.660863747
0.538599082
0.15612877
0.928693745
0.936139378
0.192398257
0.229112107
0.300589651
0.442331691
0.311798159
0.624975687
0.48795305
0.647837094
0.985274106
0.049508818
0.507627959
0.774303458
0.381065302
0.132237523
0.825804337
0.288396755
0.004911311
0.054409399
0.198809106
0.78752503
