12.2983
17.9013
27.878
29.1223
36.4894
36.4895
36.4896
38.1085
38.2162
38.4312
38.5469
39.2804
39.4106
39.5777
39.6719
39.6721
46.8809
47.0219
47.2768
47.6565
48.0853
48.8381
48.9637
48.9812
49.0839
49.0858
49.4084
49.4357
49.4771
49.52
50.32
52.1118
52.1739
52.8915
53.7644
53.8242
55.6901
55.7752
56.6843
56.8767
57.0538
57.3312
57.9514
59.3079
59.5383
61.2836
61.2839
61.7849
61.7852
62.8958
63.3979
63.4163
64.12
66.8126
68.1423
68.9386
68.94
70.536
70.9831
71.1491
72.2706
72.2707
73.8839
74.8307
75.8412
76.8992
77.459
77.46
81.2326
81.5984
84.4293
84.4307
84.8954
85.9631
85.9634
92.6858
97.2378
99.2525
102.054
105.58
106.55
109.562
109.73
