0.179020144
0.387592335
0.3057738
0.536630974
0.520166082
0.40466923
0.360660299
0.446016194
0.234861463
0.712654185
0.834815354
0.322311382
0.356148616
0.297015276
0.119101434
0.140663115
0.734784989
0.681304612
0.950376417
0.50649926
0.853185203
0.939138877
0.582370328
0.311032276
0.639643559
0.499690156
0.820806647
0.965411856
0.435007346
0.337674594
0.504328933
0.405762805
0.357586413
0.705329036
0.570697685
0.262050531
0.851378008
0.513277548
0.912554829
0.403338578
0.019031024
0.928023367
0.421599333
0.762392605
0.717382907
0.651982949
0.521461103
0.978668518
1
0.750234872
0.031293212
0.249014124
0.627046383
0.331688715
0.169465501
0.437497197
0.238404038
0.208148832
0.89201958
0.900462215
0.79672422
0.613480254
0.621839452
0.345685408
0.835767074
0.831066756
0.937555591
0.688750119
0.630154261
0.981771863
0.480244319
0.674829813
0.617832215
0.850630109
0.613641326
0.732884335
0.651132288
0.002497072
0.273511727
0.341469974
0.303731171
0.229224258
0.167512882
