0
0
0
0.645719
0.645911
2.56408
2.66178
6.28153
6.88934
7.63724
8.52604
8.74457
8.7592
10.5638
10.5655
10.6387
15.275
15.276
16.6557
16.6558
16.753
16.7835
16.8222
16.8229
16.8235
16.9028
17.1308
17.2177
18.3342
18.7074
19.4023
21.7734
22.1708
22.9991
23.1463
23.1465
23.1466
23.2944
24.0237
24.6328
24.7537
24.9317
25.9611
26.6891
26.691
27.8318
27.9129
27.913
27.9701
28.2806
28.3171
28.5247
28.5251
28.5253
28.5274
28.6674
28.6676
29.7719
30.4706
31.1093
31.1626
31.2781
31.5172
31.6555
31.7798
32.0886
32.1293
32.1504
33.9211
34.5895
34.5896
34.746
34.8265
35.0112
35.5077
37.013
37.4533
38.0519
38.3253
38.7079
39.6261
40.1479
40.3219
40.3222
40.8943
40.9639
41.3118
41.4016
41.4446
41.8577
41.9055
42.4113
43.24
43.24
43.24
43.6578
43.8604
43.8605
43.9768
43.98
44.1941
44.218
44.38
44.38
44.38
45.6465
46.2356
46.2375
46.3119
46.662
46.767
47.2412
47.2414
48.6216
48.6219
49.5419
49.7257
49.7646
49.8185
49.8679
49.9113
49.9113
50.0473
50.5137
50.6279
50.6281
50.6283
50.678
50.803
51.3095
51.3474
51.3513
51.368
51.3916
51.4266
51.5194
52.1038
52.3216
52.9442
53.2517
53.5392
54.4387
54.4392
54.9757
55.4618
55.5241
55.5246
55.5248
55.5376
55.6821
55.6823
55.8544
56.1669
56.2444
56.3023
56.3133
56.3949
56.4071
56.4194
56.4479
56.4499
56.48
56.48
56.5027
56.5144
56.5219
56.5333
56.5576
56.6084
56.7465
56.7465
56.7466
56.8462
56.9118
56.9119
57.0426
57.064
57.0741
57.0741
57.1755
57.3312
57.7271
57.7887
57.9182
57.9393
57.9634
58.0046
58.0981
58.3553
58.8437
58.8437
59.13
59.13
59.13
59.1472
59.1964
59.1965
59.4153
59.4688
59.4741
60.1748
60.3596
60.423
60.552
60.5739
60.5762
61.2121
61.5841
62.1566
62.2618
62.4118
62.4118
62.4271
62.4364
62.4381
62.4481
62.6787
62.7058
63.1917
63.4041
63.4049
63.52
63.52
63.52
63.8621
63.864
64.21
64.21
65.0948
65.4872
65.4873
65.4873
65.4943
66.5883
66.6964
66.8317
66.885
67.405
67.7355
68.105
68.718
69.792
69.8576
69.8581
70.0233
70.0233
70.294
70.3337
71.0225
71.413
71.8822
72.144
72.3274
72.4237
72.5322
73.0441
73.0561
73.26
73.26
73.26
73.26
73.4992
73.5094
73.5094
73.5449
73.9209
73.9934
75.2386
75.3391
75.407
75.4471
75.5361
75.6166
75.6838
75.8911
76.7923
77.226
77.3694
77.4322
77.527
77.5734
77.7028
77.7914
77.9857
78.0071
78.2422
78.37
78.37
78.78
78.78
78.78
78.7837
78.7838
78.8272
78.8272
79.0814
79.0844
79.3326
79.4838
79.6369
79.6369
79.6466
79.7372
79.7717
79.7786
79.7786
79.7787
79.7927
79.8207
79.8913
79.9029
80.0108
80.5764
80.7117
80.738
81.0021
81.7292
81.7293
81.8422
81.8583
81.8585
81.9035
81.9215
81.9607
81.9608
81.9631
82.0529
82.0727
82.0729
82.3412
82.4074
82.4656
82.5831
82.7978
82.7979
82.8194
83.5001
84.1022
84.3775
84.4167
84.7578
84.9539
84.9542
85.4066
86.1035
86.1173
86.4086
86.5073
86.8691
87.3558
87.3561
87.6223
88.1558
88.1566
88.5308
88.75
88.75
88.75
89.1913
89.2194
91.9429
92.945
93.2572
93.2576
93.2958
93.5449
93.6309
93.9382
95.3667
95.6177
95.8494
95.8494
95.8495
97.3152
97.3154
97.3158
97.3458
97.4161
97.4652
97.5552
97.938
98.0128
98.1358
98.4287
98.5717
98.7941
99.0341
99.0366
101.116
101.555
101.754
101.755
102.219
102.577
103.361
104.605
105.424
106.348
106.405
107.845
107.92
108.406
108.595
108.784
108.784
109.192
110.692
110.735
112.114
112.114
112.114
112.115
113.023
113.156
113.98
114.146
114.146
114.69
116.297
117.997
118.1
118.312
118.313
120.471
121.963
122.246
122.289
122.528
123.526
123.722
126.634
127.132
