0.12657296
0.157123475
0.185925279
0.465700381
0.650433582
0.222576133
0.658341877
0.937895521
0.976310091
0.274347054
0.3975288
0.61051885
0.521187669
0.124836805
0.182800673
0.216481669
0.570496245
0.629759603
0.560364384
0.886815844
0.926863969
0.846713485
0.952220489
0.952220489
0.975190688
0.349849424
0.568523466
0.183155427
0.126946268
0.244357567
0.031408666
0.946248646
0.602678147
0.443542788
0.523074966
0.670906279
0.670871807
0.343456234
0.688691244
0.787613298
0.989915201
0.193734079
0.6978869
0.205323009
0.491284759
0.526619907
0.76771917
0.761403348
0.528604461
0.973373781
0.653394741
0.084221774
0.066217609
0.077800926
0.09052051
0.506755144
0.863504853
0.317191602
0.157589373
0.433016574
0.011377945
0.016470144
0.804151911
0.433396557
0.230972877
0.053313934
0.667381054
0.073783254
0.676863565
0.000406323
0.188296073
0.879443851
0.576860784
0.121204687
0.630053702
0.071711242
0.162563121
0.818507466
0.847762907
0.125972795
0.97380382
0.175828734
0.006260216
0.415067361
0.712198642
0.701294066
0.735919271
0.280477486
0.642838391
0.413171159
0.097152634
0.773509405
0.535206512
0.739788541
0.014750739
0.147701058
0.604099614
0.017331777
0.115927639
0.835044437
0.265174427
0.219527739
0.004156336
0.900131343
0.015249806
0.672698751
0.669721543
0.48058603
0.38927044
0.177979442
0.662865171
0.938580443
0.227604432
0.716660342
0.866467849
0.785925064
0.987234427
0.165298574
0.281528082
0.155618273
0.150582804
0.096960947
0.748029664
0.78255218
0.094879255
0.091989534
0.482049345
0.016041247
0.762884806
0.567642962
0.795106239
0.723685691
0.302064526
0.201389236
0.606014384
0.233082916
0.292514817
0.663000111
0.931934489
0.853152372
0.854180351
0.738138857
0.465905689
0.949141912
0.444270728
0.329256827
0.616085035
0.324413051
0.500751664
0.620307361
0.510381331
0.660761681
0.15390529
0.257824986
0.067493082
0.737089741
0.402701632
0.06247587
0.453984463
0.446994528
0.526027688
0.112031455
0.00555718
0.802054079
0.856025912
0.516834147
0.930727319
0.506967784
0.872492515
0.60563753
0.026297497
0.79113302
0.726331018
0.522575357
0.788079635
0.484816163
0.0259859
0.138913943
0.045203769
0.349574797
0.00314354
0.826910038
0.002275457
0.112705397
0.131812351
0.674323768
0.164034897
0.202802085
0.355409924
0.933116778
0.296290128
0.299255283
0.165408713
0.262282117
0.269305072
0.572518154
0.257647688
0.843712735
0.360961999
0.492685741
0.959231775
0.464135491
0.898699516
0.661438532
0.326439901
0.131137359
0.423818477
0.958082575
0.235477866
0.131734928
0.543589542
0.436870396
0.298697214
0.834696742
0.747697944
0.847723466
0.760719562
0.132774017
0.35716784
0.352833112
0.119579767
0.027013022
0.061207225
0.011562875
0.463925929
0.112387415
0.133875332
0.253563202
0.851587373
0.667635521
0.437881253
0.666801153
0.871838822
0.060829657
0.224211388
0.825437647
0.10107019
0.183668341
0.980428974
0.848387569
0.76689828
0.935762921
0.691568494
0.860934213
0.033469334
0.226868988
0.736694438
0.676104459
0.726592431
0.635074
0.003969026
0.967956684
0.864779046
0.688102743
0.151753689
0.072370808
0.124756013
0.722442166
0.474269868
0.547438166
0.014672774
0.01302072
0.133267157
0.178768447
0.111033414
0.29187179
0.130326898
0.151495949
0.766048735
0.791174533
0.676509061
0.312412091
0.325518154
0.465010304
0.032753651
0.238273248
0.89017921
0.894585675
0.693219534
0.267862904
0.812802328
0.18518638
0.297442521
0.066485501
0.600024261
0.143458317
0.259949043
0.660159154
0.265110673
0.286018191
0.970088732
0.013222336
0.025944256
0.824467897
0.632003798
0.16932594
0.750263406
0.545654968
0.58778895
0.654840291
0.310560394
0.401112533
0.249506125
0.186524234
0.433931904
0.043807955
0.44270471
0.314152684
0.372034916
0.120020075
0.060142468
0.65817007
0.807928044
0.020380423
0.040367784
0.378183153
0.94479333
0.775715488
0.688711715
0.045022253
0.081863578
0.91404084
0.620542611
0.447812918
0.595026941
0.400778614
0.742760014
0.676550033
0.876865611
0.122529066
0.014421385
0.124375792
0.60507231
0.315264133
0.316181346
0.794666702
0.34841455
0.101340157
0.653934551
0.073910971
0.810448865
0.459246861
0.70667995
0.631089813
0.359713553
0.172425094
0.14159403
0.914018739
0.146449989
0.398553331
0.361457523
0.501515553
0.565012929
0.381396036
0.882001451
0.053321403
0.209249598
0.20053474
0.837242139
0.278138076
0.619981725
0.733991102
0.588311185
0.462002357
0.575469931
0.397295563
0.858672089
0.041412116
0.516260683
0.697091305
0.393993609
0.579479247
0.160890882
0.618640502
0.664926013
0.741905669
0.978823273
0.483829353
0.405872283
0.333879083
0.811165207
0.264719296
0.42108932
0.192568744
0.059869267
0.622852812
0.311455769
0.666291571
0.428364375
0.562515237
0.69607057
0.115635123
0.978689334
0.293084036
0.018879784
0.127050746
0.348088541
0.964047201
0.493220918
0.427424042
0.414982876
0.654077614
0.094346508
0.260170784
0.071785581
0.245683863
0.53214019
0.336724649
0.048511821
0.860855654
0.05947412
0.176467642
0.455188688
0.92415552
0.806567591
0.421013125
0.064207722
0.708464325
0.254928658
0.27933985
0.441746113
0.841828412
0.915856994
0.270381994
0.646176671
0.745935218
0.472777955
0.865372664
0.693252868
0.557381281
0.513174397
0.137063685
