28134040
38903070
62555205
68965423
71781306
71931906
72231727
72415200
72446609
72462527
72498165
72519782
72588585
72618969
72675442
72705068
72712455
72728083
72746637
72760041
72767390
72802512
72802538
72815344
72818948
72823192
72824751
72835577
72934116
72934125
72941542
72942923
72957450
72973784
72981982
72983955
72984756
72985592
72985971
72987417
72989666
72990645
72991256
73014333
73020898
73020980
73025599
73048922
73052484
73064162
73064199
73066775
73074247
73077747
73094803
73145093
73156086
73163542
73164809
73207278
73222368
73227956
73229373
73229889
73230410
73230458
73231151
73231593
73231723
73233128
73233492
73233852
73233897
73245970
73249090
73256342
73294590
73317608
73324411
73329397
73338227
73585212
74059098
74154030
74841419
74895411
75668660
75990040
76769503
77717038
77914864
78366191
78471767
78655562
78724280
78732433
78734154
79003256
79157905
79161864
79181643
79193016
79197409
79203031
79204254
79216553
79230802
79232580
79243799
79255887
79279613
79290523
79327428
79382538
79382583
79439944
79481767
80463783
80682600
81102391
81103035
81145053
81473656
