1
0.5153
0.6685
0.651
0.1809
0.0578
1
0.7457
0.2511
0.3488
0.776
0.211
0.0974
0.4564
0.5561
1
0.6723
0.2607
0.3438
0.9557
0.922
0.9048
0.5254
0.4443
0.5874
0.1665
0.7319
0.1331
0.3169
0.3027
0.5409
0.573
0.5231
1
1
0.9913
0.2714
0.3834
0.4965
0.7184
0.5072
0.1733
0.2722
0.0159
0.4092
0.6348
0.3224
0.2712
0.4042
0.4929
0.9271
0.8159
0.4598
0.6304
0.2461
1
0.4175
0.534
0.8449
0.093
0.0214
0.0021
0.0007
0.0009
0.0019
0.0053
0.0017
0.0005
0.0053
0.0004
0.0015
0.001
0.5477
0.1245
0.042
0.1183
0.0317
0.0101
0.0055
0.1329
0.1679
0.0361
0.5907
0.6918
0.595
1
0.6754
0.0068
0.6953
0.1312
0.8265
1
0.6818
0.6787
0.2772
0.3046
0.9298
0.9414
0.6746
0.1121
0.46
0.7983
0.29
0.0142
0.0082
0.0002
0.0004
1
0.5822
0.8532
0.3313
0.9247
0.9559
0.8155
0.4088
0.6339
0.9656
0.4732
1
0.5403
0.522
0.4597
0.7069
