Probe_set	Phy_position	Chiptype	num_AA	mean_AA	std_AA	num_AB	mean_AB	std_AB	num_BB	mean_BB	std_BB
 1749981	14919559	chip2	34	0.89274	0.02553	23	0.51352	0.06041	0	NA	NA
 1654373	15268577	chip2	4	0.991	0.00876	25	0.5352	0.03324	28	0.00729	0.01078
 1680777	15276762	chip1	0	NA	NA	3	0.49533	0.01888	51	0.22147	0.11755
 1671443	15474749	chip1	0	NA	NA	14	0.52021	0.07689	43	0.22733	0.02173
 1676020	15510409	chip2	3	0.89933	0.02442	8	0.50375	0.07609	46	0.02413	0.0206
 1708986	15570730	chip1	36	0.99564	0.01276	14	0.48564	0.03758	0	NA	NA
 1702725	15575867	chip2	1	1	NA	13	0.49731	0.04654	40	0.01603	0.02134
 1708272	15691027	chip2	0	NA	NA	12	0.47267	0.03441	45	0.04747	0.02149
 1718977	15791899	chip2	31	0.9609	0.02189	21	0.50395	0.04503	5	0.0926	0.03873
 1716814	15809384	chip1	3	0.91233	0.03889	16	0.50819	0.0398	33	0.01542	0.00748
 1716938	15809434	chip1	41	0.99795	0.00373	15	0.51707	0.02962	1	0	NA
 1718630	15815034	chip1	0	NA	NA	0	NA	NA	57	0.01388	0.0078
 1662117	15881980	chip1	51	0.88431	0.03881	6	0.49483	0.03476	0	NA	NA
 1723298	15919678	chip2	1	0.898	NA	3	0.52467	0.03182	53	0.02834	0.02886
 1645267	15930418	chip1	15	0.99813	0.00356	32	0.49428	0.04642	10	0.0141	0.01586
 1728745	16033955	chip2	2	0.9185	0.04313	21	0.48343	0.05308	34	0.07474	0.03805
 1675654	16260070	chip2	15	0.98393	0.01324	26	0.46504	0.03208	16	0.01388	0.01137
 1715645	16295430	chip2	1	0.989	NA	6	0.49967	0.00889	50	0.02788	0.01584
 1745287	16298345	chip1	57	0.97391	0.02274	0	NA	NA	0	NA	NA
 1681763	16351225	chip1	49	0.92216	0.02918	7	0.52057	0.072	1	0.095	NA
 1681863	16351841	chip1	1	0.988	NA	7	0.49543	0.03935	49	0.01708	0.0081
 1724286	16378807	chip2	1	0.903	NA	16	0.53963	0.11618	35	0.10194	0.07192
 1747135	16413199	chip2	16	0.99581	0.01046	29	0.45048	0.02463	12	0.02925	0.00725
 1740830	16442891	chip1	0	NA	NA	3	0.47833	0.02601	54	0.12317	0.03485
 1740924	16442987	chip1	55	0.97084	0.01206	2	0.5695	0.02758	0	NA	NA
 1651743	16511431	chip1	0	NA	NA	0	NA	NA	57	0.04218	0.02806
 1651859	16511546	chip1	9	0.98156	0.02143	27	0.50648	0.06687	13	0.06977	0.02841
 1663971	16585430	chip1	36	0.89961	0.02492	20	0.5062	0.02794	1	0.067	NA
 1664083	16585557	chip1	7	0.94057	0.00793	28	0.54714	0.03127	22	0.05455	0.02709
 1702120	16587251	chip1	22	0.95886	0.03404	20	0.5261	0.10023	7	0.04414	0.03915
 1702336	16589920	chip1	39	0.973	0.03687	10	0.4962	0.05037	1	0.051	NA
 1704112	16592531	chip1	2	0.914	0.01131	18	0.49817	0.02873	37	0.08478	0.03301
 1706038	16596392	chip1	57	0.97923	0.01621	0	NA	NA	0	NA	NA
 1696207	16769082	chip1	14	0.93964	0.01838	27	0.50915	0.03085	16	0.05638	0.01895
 1696401	16775241	chip1	7	0.78557	0.15163	13	0.50762	0.06868	32	0.02384	0.01537
 1697928	16787468	chip1	6	0.9665	0.0291	21	0.522	0.04241	30	0.02403	0.02103
 1662192	16849599	chip2	2	0.963	0.04243	19	0.46353	0.06666	36	0.01533	0.02123
 1708288	16919553	chip2	43	0.98814	0.01652	13	0.47923	0.04396	1	0.04	NA
 1688634	16931487	chip2	4	0.93075	0.01533	15	0.5	0.02563	38	0.06429	0.02934
 1749493	16931780	chip2	38	0.95124	0.02496	15	0.49453	0.03319	4	0.036	0.02132
 1678136	16993045	chip2	48	0.97833	0.02012	8	0.50675	0.03391	1	0.095	NA
 1677573	17370886	chip1	57	0.98032	0.01553	0	NA	NA	0	NA	NA
 1671342	17381744	chip2	57	0.96754	0.02393	0	NA	NA	0	NA	NA
 1756749	17381841	chip2	3	0.96067	0.03686	11	0.50355	0.06766	40	0.10093	0.06023
 1748858	17465202	chip1	5	1	0	12	0.476	0.03518	39	0.00503	0.00655
 1750808	17477437	chip1	1	0.916	NA	11	0.49709	0.04328	45	0.06947	0.03512
 1750920	17477680	chip1	10	0.9922	0.00437	25	0.46612	0.03475	22	0.066	0.02987
 1752658	17478642	chip1	10	0.9658	0.01513	30	0.53087	0.05348	17	0.01647	0.01931
 1710497	17512325	chip2	22	0.99677	0.00465	31	0.49994	0.03164	4	0.058	0.06681
 1678028	17673768	chip2	21	0.99929	0.00127	28	0.45521	0.05172	8	0.02312	0.01623
 1686097	17728158	chip1	0	NA	NA	0	NA	NA	57	0.04046	0.05267
 1686255	17728281	chip1	0	NA	NA	0	NA	NA	49	0.09931	0.03546
 1689764	17752797	chip1	56	0.91416	0.07001	0	NA	NA	0	NA	NA
 1696826	17794222	chip2	52	0.97098	0.00975	5	0.4914	0.02068	0	NA	NA
 1721345	17831186	chip2	2	0.866	0.0297	17	0.50841	0.0221	38	0.06263	0.02306
 1671378	17831268	chip2	10	0.9963	0.00776	28	0.47261	0.03607	19	0.03568	0.0522
 1681260	17880832	chip2	0	NA	NA	4	0.51975	0.03747	53	0.02202	0.02037
 1654305	17945732	chip2	1	1	NA	3	0.49367	0.01601	53	0.02625	0.01638
 1698975	18014134	chip2	1	0.921	NA	21	0.49986	0.02144	35	0.0736	0.02778
 1675632	18014330	chip2	1	0.958	NA	22	0.573	0.02763	34	0.00632	0.01365
 1668098	18300949	chip2	54	0.95589	0.01508	3	0.56467	0.03353	0	NA	NA
 1752003	18301003	chip2	12	1	0	27	0.48837	0.07302	18	0.01267	0.02417
 1663020	18356834	chip2	0	NA	NA	5	0.5404	0.05318	52	0.04781	0.03251
 1671513	18450354	chip1	57	0.9913	0.01023	0	NA	NA	0	NA	NA
 1687197	18478521	chip1	0	NA	NA	4	0.5445	0.01434	53	0.00602	0.00675
 1687299	18478544	chip1	46	0.93526	0.02152	9	0.50522	0.03518	2	0.081	0.01697
 1687403	18478582	chip1	43	0.94679	0.02906	13	0.51331	0.04319	0	NA	NA
 1670378	19088954	chip1	4	0.94625	0.01597	26	0.49927	0.04532	27	0.07115	0.04729
 1723363	19151874	chip1	4	0.95775	0.02742	26	0.49988	0.03831	27	0.03348	0.01742
 1727123	19202855	chip1	1	0.931	NA	20	0.5466	0.06108	33	0.13658	0.05878
 1730275	19221928	chip1	0	NA	NA	1	0.58	NA	56	0.09643	0.01908
 1741582	19347884	chip1	52	0.91677	0.02104	5	0.4494	0.01021	0	NA	NA
 1703685	19459559	chip2	16	0.98931	0.00832	34	0.54103	0.02485	7	0.00457	0.01209
 1732645	19550733	chip1	1	0.989	NA	6	0.48883	0.11567	50	0.02406	0.03598
 1652288	19697590	chip2	5	0.9704	0.01853	26	0.46542	0.0234	26	0.00696	0.00533
 1698883	19779028	chip2	28	0.96946	0.013	22	0.51759	0.02274	7	0.05629	0.02269
 1722176	19779411	chip2	28	0.939	0.02185	22	0.54173	0.03417	7	0.10543	0.03811
 1655335	19786518	chip2	0	NA	NA	0	NA	NA	57	0.00028	0.00163
 1691848	20312249	chip2	42	0.94743	0.01424	13	0.49685	0.0223	2	0.077	0.05515
 1694211	20312340	chip2	9	0.97256	0.02332	28	0.49082	0.02761	20	0.0631	0.03134
 1749317	20336219	chip2	40	0.98648	0.02689	14	0.51179	0.07461	3	0.12833	0.02173
 1731830	20485119	chip1	57	0.88516	0.02806	0	NA	NA	0	NA	NA
 1691662	20510183	chip2	0	NA	NA	5	0.5048	0.01817	52	0.03537	0.02271
 1668045	20614513	chip1	46	0.95043	0.04326	7	0.502	0.05036	4	0.0915	0.03291
 1720934	20685496	chip1	43	0.96691	0.02202	13	0.503	0.03812	1	0.054	NA
 1722351	20685640	chip1	1	0.951	NA	13	0.51662	0.03293	43	0.03005	0.02965
 1722449	20688410	chip1	52	0.91748	0.05605	5	0.4892	0.04846	0	NA	NA
 1722781	20693499	chip1	53	0.94149	0.07447	2	0.491	0.08627	0	NA	NA
 1704151	20751249	chip2	9	0.93689	0.02785	24	0.49008	0.04677	23	0.08383	0.03561
 1712444	20781477	chip1	51	0.86263	0.06024	0	NA	NA	0	NA	NA
 1718206	20804910	chip1	14	0.97264	0.02399	23	0.51848	0.05233	20	0.06795	0.02696
 1677762	20813912	chip2	13	0.99162	0.01183	24	0.45108	0.0541	20	0.025	0.0228
 1676416	20814348	chip2	4	0.9075	0.08421	13	0.52062	0.05216	40	0.0324	0.03343
 1735735	20835322	chip2	49	0.99857	0.00607	6	0.36133	0.02699	2	0.0035	0.00071
 1694327	20835539	chip2	49	0.98269	0.01579	6	0.45617	0.02598	2	0.0075	0.00636
 1745558	20835574	chip2	49	0.99502	0.01342	5	0.4872	0.04363	2	0.014	0.0198
 1678852	20836340	chip2	2	0.994	0.00566	6	0.5645	0.0397	49	0.02955	0.0303
 1711576	20837057	chip2	3	0.956	0.04095	13	0.54562	0.03132	41	0.06961	0.0293
 1702890	20854871	chip1	1	0.855	NA	12	0.53933	0.06736	44	0.02591	0.01799
 1709840	20867581	chip1	0	NA	NA	5	0.5604	0.1221	52	0.05319	0.02795
 1721058	21000081	chip1	3	0.94867	0.01137	11	0.52227	0.04382	43	0.02214	0.01505
 1721186	21000103	chip1	5	0.973	0.0534	22	0.52436	0.05479	30	0.00287	0.0058
 1665850	21011312	chip2	3	0.93833	0.03427	14	0.48929	0.04653	40	0.01015	0.01128
 1646678	21032390	chip2	56	0.95223	0.02887	1	0.469	NA	0	NA	NA
 1695617	21036563	chip2	53	0.9604	0.02031	4	0.4685	0.0196	0	NA	NA
 1662241	21056968	chip1	0	NA	NA	2	0.5225	0.00778	55	0.08167	0.0301
 1663805	21057571	chip1	0	NA	NA	3	0.49967	0.06322	54	0.00346	0.01191
 1708192	21092651	chip2	47	0.96336	0.05402	10	0.4837	0.11068	0	NA	NA
 1745600	21105099	chip2	52	0.97279	0.02215	3	0.62233	0.15047	1	0	NA
 1652945	21170280	chip1	56	0.92648	0.02351	0	NA	NA	0	NA	NA
 1653115	21171102	chip1	47	0.99315	0.01321	9	0.44767	0.03188	0	NA	NA
 1679546	21178528	chip2	47	0.99151	0.04734	10	0.4461	0.0634	0	NA	NA
 1753616	21247025	chip1	33	0.91748	0.03132	18	0.49672	0.06979	4	0.115	0.04921
 1664022	21275823	chip2	40	0.8949	0.03858	15	0.50113	0.08801	0	NA	NA
 1705375	21275890	chip2	46	0.96052	0.02921	10	0.4955	0.11784	0	NA	NA
 1671660	21343007	chip2	0	NA	NA	10	0.4654	0.06893	46	0.0035	0.00455
 1752840	21444938	chip1	2	0.8945	0.01202	3	0.477	0.04636	49	0.06745	0.02026
 1724056	21484582	chip2	43	0.98765	0.02285	5	0.5168	0.037	3	0.08433	0.06204
 1643084	21585556	chip1	0	NA	NA	7	0.46857	0.06815	50	0.07928	0.02969
 1695236	21630887	chip1	57	0.96691	0.02317	0	NA	NA	0	NA	NA
 1737656	21665700	chip1	1	0.95	NA	15	0.495	0.03495	41	0.07517	0.03085
 1739404	21693429	chip1	1	0.919	NA	13	0.52223	0.01963	43	0.05412	0.01729
 1744382	21760410	chip1	5	0.97	0.02288	31	0.50268	0.04473	21	0.04767	0.02373
 1746169	21769530	chip1	5	0.8814	0.03327	30	0.49283	0.02613	22	0.14205	0.03219
 1655052	21835934	chip1	14	0.872	0.02897	27	0.45448	0.03582	15	0.16253	0.04007
 1703658	21898858	chip1	7	0.98243	0.01278	32	0.48422	0.03597	18	0.00983	0.00982
 1704606	21996929	chip1	57	0.99163	0.00626	0	NA	NA	0	NA	NA
 1697549	22038020	chip2	25	0.97652	0.01566	18	0.497	0.03163	14	0.04443	0.02927
 1752490	22157304	chip1	5	0.9568	0.00817	32	0.51562	0.03033	20	0.0556	0.02103
 1686021	22352975	chip1	18	0.93483	0.04339	17	0.48988	0.08228	9	0.12	0.0436
 1706186	22581517	chip1	24	0.99238	0.00808	25	0.5224	0.04997	7	0.02043	0.01486
 1696960	22666327	chip2	4	0.97875	0.01668	16	0.55838	0.01577	37	0.00205	0.00495
 1648730	22833987	chip2	0	NA	NA	8	0.48525	0.01969	49	0.02433	0.02093
 1701029	23011579	chip2	12	0.97017	0.02441	36	0.45792	0.08818	7	0.07829	0.02863
 1659572	23012015	chip2	54	0.94981	0.02558	3	0.53267	0.03742	0	NA	NA
 1727996	23030854	chip1	30	0.9796	0.01194	25	0.50692	0.03398	2	0.0195	0.02758
 1676344	23037112	chip2	31	0.97952	0.0168	24	0.47171	0.04422	1	0.037	NA
 1748539	23375872	chip2	0	NA	NA	53	0.57921	0.08414	1	0.104	NA
 1727997	23488326	chip2	10	0.93	0.0356	25	0.54612	0.0481	22	0.04036	0.03166
 1758795	23489862	chip2	27	0.92352	0.03936	24	0.50688	0.03408	6	0.13383	0.07295
 1661947	23564014	chip1	5	0.9996	0.00089	26	0.46623	0.03646	25	0.04304	0.01126
 1677718	23605393	chip2	1	1	NA	10	0.4773	0.02839	46	0.06659	0.01818
 1665360	23753062	chip2	37	0.92059	0.04017	16	0.5035	0.05717	3	0.06	0.03124
 1676865	23803526	chip1	18	0.97372	0.0236	28	0.47418	0.0325	11	0.06264	0.02348
 1738300	23923658	chip2	18	0.97394	0.01264	27	0.52041	0.03917	12	0.01	0.0086
 1689570	23923690	chip2	12	0.90767	0.01814	27	0.52393	0.03029	18	0.04111	0.02573
 1696184	23962266	chip2	2	0.9425	0.02475	20	0.51695	0.04247	35	0.03011	0.01556
 1666021	24037443	chip1	0	NA	NA	0	NA	NA	57	0.04282	0.0181
 1709100	24208363	chip1	0	NA	NA	4	0.503	0.03705	53	0.03426	0.0146
 1735808	24249492	chip1	1	0.893	NA	24	0.48904	0.05714	32	0.06809	0.02964
 1737518	24251753	chip1	49	0.91145	0.02615	6	0.53283	0.03553	0	NA	NA
 1737614	24251783	chip1	48	0.98612	0.01656	7	0.56214	0.10143	0	NA	NA
 1739188	24251868	chip1	23	0.90674	0.03261	26	0.53512	0.04332	8	0.05237	0.0213
 1742744	24267821	chip1	2	0.988	0.0099	12	0.51217	0.05201	43	0.01228	0.01898
 1744412	24272595	chip1	3	0.99967	0.00058	14	0.514	0.02278	40	0.01277	0.01139
 1744530	24272670	chip1	2	0.99	0.01414	10	0.4892	0.03598	45	0.02796	0.01803
 1723050	24405006	chip2	0	NA	NA	0	NA	NA	57	0.01584	0.01197
 1735177	24424963	chip1	0	NA	NA	2	0.328	0.05798	55	0.03835	0.04443
 1653740	24561951	chip2	2	0.989	0.01556	23	0.54817	0.10436	23	0.13152	0.05489
 1668173	24598340	chip1	2	0.9635	0.01202	8	0.51725	0.03586	47	0.12523	0.03592
 1717414	24629346	chip1	8	0.99913	0.00083	26	0.48038	0.03146	23	0.02448	0.01237
 1719468	24635307	chip1	0	NA	NA	0	NA	NA	57	0.04826	0.02782
 1677180	24638720	chip2	12	0.91417	0.056	26	0.51804	0.02695	19	0.04653	0.03391
 1660607	24677844	chip2	0	NA	NA	11	0.53382	0.02989	46	0.08165	0.03878
 1683110	24768495	chip2	40	0.99522	0.0065	16	0.45356	0.03162	1	0.056	NA
 1743209	24806756	chip2	48	0.9669	0.03184	7	0.46671	0.02319	2	0.0145	0.00212
 1688744	24807288	chip2	44	0.94616	0.02579	11	0.49791	0.03755	2	0.0845	0.03465
 1720177	24815870	chip2	0	NA	NA	0	NA	NA	57	0.07789	0.04122
 1690962	24828721	chip2	0	NA	NA	2	0.5225	0.03889	54	0.10037	0.0512
 1693587	24830417	chip2	2	0.9925	0.01061	7	0.44171	0.02769	48	0.03223	0.01383
 1728945	24831884	chip2	3	0.97033	0.01234	23	0.48696	0.0346	31	0.03861	0.03549
 1750669	24833944	chip2	30	0.9916	0.01061	21	0.52686	0.0249	6	0.022	0.01804
 1668733	24834002	chip2	48	0.9904	0.01073	7	0.55243	0.02036	2	0.0045	0.00636
 1680586	24834037	chip2	6	0.9685	0.00896	21	0.48976	0.02862	30	0.01647	0.01569
 1657881	24838521	chip1	1	0.98	NA	13	0.53354	0.04037	43	0.0313	0.02351
 1684766	24892140	chip2	52	0.96785	0.0249	5	0.4702	0.0386	0	NA	NA
 1740068	24982123	chip1	32	0.94853	0.06207	15	0.51553	0.04719	3	0.111	0.07894
 1667453	24996590	chip1	2	1	0	16	0.49544	0.04356	39	0.00444	0.00583
 1730930	25063244	chip1	54	0.94906	0.0148	3	0.52733	0.02318	0	NA	NA
 1731026	25063299	chip1	54	0.87474	0.03177	3	0.50667	0.03371	0	NA	NA
 1688154	25069840	chip2	37	0.90403	0.05244	18	0.51283	0.05135	2	0.069	0.09758
 1704741	25070281	chip2	2	0.975	0.03536	18	0.50383	0.03381	37	0.06124	0.01905
 1701001	25100876	chip2	42	0.92876	0.05128	14	0.50557	0.04544	0	NA	NA
 1711132	25127692	chip2	8	0.954	0.03998	22	0.52291	0.03311	27	0.02693	0.02369
 1666542	25136710	chip2	41	0.9442	0.01687	15	0.47033	0.01399	1	0.068	NA
 1724769	25142756	chip1	53	0.93983	0.02449	4	0.48525	0.01305	0	NA	NA
 1657370	25192041	chip1	5	0.933	0.01995	9	0.493	0.0303	42	0.13036	0.03095
 1657460	25192153	chip1	47	0.93362	0.03321	10	0.4778	0.04151	0	NA	NA
 1657609	25192772	chip1	0	NA	NA	5	0.5366	0.035	52	0.01033	0.00984
 1659033	25193559	chip1	0	NA	NA	9	0.476	0.03983	47	0.023	0.02895
 1704827	25202104	chip2	0	NA	NA	0	NA	NA	57	0.05668	0.04172
 1654836	25368299	chip1	11	0.93745	0.01855	25	0.51828	0.03031	21	0.04676	0.01158
 1696461	25381338	chip1	20	0.99905	0.00425	25	0.50036	0.03397	12	0.05967	0.01613
 1737088	25519774	chip1	7	0.93529	0.03637	43	0.47914	0.03473	6	0.042	0.00743
 1743666	25540691	chip1	7	0.98514	0.00612	18	0.53289	0.0321	32	0.02212	0.00935
 1698001	25549881	chip2	7	0.95514	0.02286	28	0.50582	0.02232	22	0.03241	0.02575
 1643225	25552286	chip2	32	0.89841	0.04968	19	0.47089	0.03248	3	0.02067	0.00252
 1645754	25552694	chip2	53	0.99047	0.01316	4	0.49725	0.05155	0	NA	NA
 1696772	25582454	chip2	32	0.96803	0.01945	19	0.50879	0.03601	6	0.068	0.02557
 1725863	25588789	chip1	0	NA	NA	1	0.536	NA	56	0.07096	0.02019
 1725975	25589079	chip1	2	0.9595	0.00212	26	0.53269	0.02879	29	0.02541	0.01773
 1727564	25590639	chip1	0	NA	NA	3	0.50667	0.01401	45	0.08862	0.10896
 1656513	25595522	chip2	0	NA	NA	2	0.5185	0.03323	55	0.02731	0.01937
 1730834	25609702	chip1	0	NA	NA	7	0.48814	0.03832	50	0.01554	0.01731
 1730936	25609749	chip1	27	0.92963	0.02148	24	0.48042	0.02933	6	0.05883	0.02797
 1734852	25646435	chip2	39	0.93421	0.02179	15	0.53587	0.0292	3	0.07233	0.00493
 1703703	25690964	chip2	1	0.96	NA	21	0.54276	0.01617	35	8e-04	0.00215
 1723521	25701062	chip1	0	NA	NA	1	0.514	NA	56	0.00707	0.01084
 1689354	25710730	chip2	39	0.97485	0.0323	17	0.45176	0.02862	1	0.094	NA
 1749389	25711346	chip2	11	0.93509	0.03105	26	0.50608	0.01368	20	0.076	0.03407
 1742775	25711837	chip2	32	0.98144	0.01507	23	0.51826	0.02834	2	0.01	0.01131
 1700434	25774882	chip2	14	0.98136	0.01543	23	0.51139	0.03296	18	0.03483	0.03368
 1717124	25799165	chip1	25	0.92512	0.03543	23	0.54174	0.0335	9	0.01411	0.01383
 1755812	25822536	chip2	8	0.95662	0.01315	29	0.49376	0.04787	20	0.0283	0.01524
 1735611	25823361	chip2	20	0.9491	0.02129	29	0.52062	0.02107	8	0.03913	0.02348
 1705256	25895909	chip1	0	NA	NA	7	0.55071	0.02922	50	0.0428	0.01733
 1708818	25900548	chip1	57	0.88698	0.05021	0	NA	NA	0	NA	NA
 1744429	25914291	chip2	34	0.92935	0.05406	18	0.50122	0.05008	3	0.13667	0.04654
 1716088	25917222	chip1	4	0.86175	0.0159	20	0.56385	0.05775	33	0.08485	0.03482
 1686048	25930516	chip2	32	0.87994	0.05209	20	0.4626	0.02599	5	0.1626	0.05498
 1699785	25930538	chip2	0	NA	NA	0	NA	NA	57	0.01165	0.01229
 1695577	25930604	chip2	5	0.9732	0.02097	16	0.47975	0.06649	32	0.08841	0.03385
 1645466	25940562	chip2	57	0.99782	0.0064	0	NA	NA	0	NA	NA
 1730399	25940680	chip2	10	0.8532	0.02119	27	0.49107	0.03165	20	0.07105	0.02926
 1648941	25945410	chip1	21	0.91852	0.01937	27	0.52978	0.02472	9	0.04822	0.0236
 1724102	25947895	chip2	54	0.87976	0.14072	3	0.39167	0.09672	0	NA	NA
 1727094	25950353	chip2	0	NA	NA	0	NA	NA	57	0.05111	0.04574
 1652127	25957316	chip1	13	0.81869	0.03397	29	0.4939	0.02302	15	0.1262	0.02275
 1652239	25957416	chip1	5	0.886	0.0361	16	0.50313	0.03618	36	0.05389	0.03063
 1652465	25957598	chip1	1	0.914	NA	10	0.537	0.03454	46	0.02933	0.01484
 1652581	25958151	chip1	13	0.99608	0.00557	23	0.46096	0.06958	15	0.02127	0.06842
 1652687	25958728	chip1	2	0.986	0.01273	13	0.46715	0.02567	42	0.04302	0.03583
 1703871	26003159	chip2	2	0.985	0.00707	16	0.47906	0.02766	39	0.06777	0.02056
 1731664	26033428	chip1	4	0.9925	0.0087	14	0.50314	0.05539	37	0.00484	0.00913
 1732993	26034433	chip1	57	0.93046	0.02694	0	NA	NA	0	NA	NA
 1687988	26045760	chip2	57	0.954	0.02452	0	NA	NA	0	NA	NA
 1692428	26076118	chip2	37	0.99497	0.01281	19	0.49858	0.03522	1	0	NA
 1734586	26077251	chip2	1	1	NA	13	0.51538	0.07221	37	0.01703	0.03104
 1682582	26077270	chip2	13	0.99846	0.00307	28	0.46004	0.06187	11	0.04536	0.03727
 1680716	26089299	chip2	26	0.92365	0.04115	25	0.48052	0.04289	5	0.0328	0.01958
 1758634	26144210	chip2	57	0.93261	0.02004	0	NA	NA	0	NA	NA
 1720707	26292231	chip2	0	NA	NA	13	0.47354	0.0769	44	0.02289	0.02937
 1731257	26292517	chip2	0	NA	NA	13	0.55892	0.02698	44	0.0537	0.02862
 1681850	26292718	chip2	52	0.98833	0.00708	5	0.5668	0.02796	0	NA	NA
 1708909	26341067	chip2	5	0.982	0.01306	23	0.49617	0.02209	29	0.00617	0.00693
 1743417	26350528	chip2	23	0.92313	0.03894	23	0.49935	0.02662	11	0.08164	0.01342
 1690718	26405879	chip1	35	0.92994	0.04538	15	0.50647	0.11667	5	0.0058	0.00526
 1642157	26583225	chip2	53	0.96894	0.0119	4	0.545	0.03194	0	NA	NA
 1655112	26592401	chip1	0	NA	NA	2	0.539	0.01838	55	0.0184	0.02781
 1655222	26593421	chip1	0	NA	NA	2	0.477	0.01273	55	0.05704	0.01982
 1655460	26594377	chip1	0	NA	NA	2	0.497	0.0099	55	0.09449	0.01937
 1716059	26594974	chip2	53	0.97364	0.01685	4	0.49925	0.01544	0	NA	NA
 1663835	26623980	chip1	9	0.93322	0.01309	29	0.52948	0.02333	19	0.04326	0.02043
 1667693	26643583	chip1	19	0.96089	0.01409	29	0.53169	0.04662	9	0.07367	0.04536
 1753625	26648192	chip2	48	0.9824	0.01855	9	0.51256	0.03271	0	NA	NA
 1659106	26687674	chip2	54	0.96026	0.0209	3	0.51633	0.00551	0	NA	NA
 1652671	26791138	chip1	0	NA	NA	1	0.486	NA	56	0.08834	0.03157
 1654642	26799117	chip1	50	0.99582	0.01145	6	0.4955	0.02904	0	NA	NA
 1654812	26799795	chip1	0	NA	NA	7	0.49543	0.01965	50	0.08468	0.02499
 1656260	26800382	chip1	0	NA	NA	7	0.50071	0.05947	50	0.00486	0.0092
 1658271	26820418	chip1	0	NA	NA	0	NA	NA	57	0.04811	0.02841
 1696130	26877846	chip2	0	NA	NA	5	0.5258	0.04109	52	0.01558	0.02179
 1705464	26906960	chip1	0	NA	NA	0	NA	NA	57	0.01793	0.0096
 1715830	26971134	chip1	32	0.96625	0.01692	21	0.4971	0.04529	4	0.041	0.03811
 1716006	26973510	chip1	1	0.921	NA	17	0.49947	0.03532	39	0.04641	0.0294
 1716122	26973884	chip1	10	0.9162	0.15956	17	0.50588	0.02723	24	0.02192	0.01159
 1717542	26975300	chip1	1	0.889	NA	15	0.51113	0.04664	39	0.01926	0.01854
 1756239	26993405	chip1	23	0.9433	0.01718	26	0.50965	0.02654	8	0.048	0.01562
 1718401	26996961	chip2	30	0.958	0.01308	22	0.50223	0.0249	5	0.0314	0.02171
 1673744	27012616	chip2	15	0.99867	0.00352	34	0.45941	0.02829	8	0.016	0.01228
 1642913	27023496	chip2	42	0.99226	0.00761	12	0.53883	0.0334	3	0.003	0.0052
 1647387	27026368	chip1	0	NA	NA	1	0.513	NA	56	0.04893	0.0155
 1650985	27049656	chip1	45	0.95782	0.01943	12	0.52858	0.06896	0	NA	NA
 1694108	27086581	chip1	20	0.9348	0.03554	27	0.52107	0.04678	10	0.018	0.0132
 1695966	27100055	chip1	56	0.98245	0.01342	1	0.472	NA	0	NA	NA
 1701270	27141488	chip1	57	0.97796	0.02252	0	NA	NA	0	NA	NA
 1704976	27161814	chip1	56	0.97304	0.01135	1	0.514	NA	0	NA	NA
 1705094	27161919	chip1	47	0.99574	0.00854	10	0.499	0.0147	0	NA	NA
 1732862	27216805	chip2	20	0.9831	0.02686	27	0.47507	0.10101	8	0.04013	0.07082
 1751976	27228127	chip1	0	NA	NA	11	0.52045	0.0334	46	0.08283	0.02177
 1679368	27440759	chip2	22	0.99664	0.005	24	0.49575	0.03219	10	0.0058	0.00678
 1745799	27557971	chip1	52	0.94208	0.05259	4	0.4695	0.04505	0	NA	NA
 1708140	27563262	chip2	32	0.97225	0.01828	23	0.48013	0.02521	2	0.0495	0.01485
 1702299	27664600	chip2	51	0.92692	0.03636	6	0.48233	0.03555	0	NA	NA
 1656668	27690297	chip1	9	0.99167	0.02242	34	0.52047	0.04344	14	0.02221	0.0155
 1684968	27711152	chip2	0	NA	NA	6	0.48467	0.04452	51	0.03904	0.02053
 1663239	27725969	chip1	24	0.97117	0.00886	28	0.53361	0.03016	5	0.0486	0.00808
 1664921	27732751	chip1	49	0.94043	0.04175	0	NA	NA	0	NA	NA
 1670700	27773709	chip2	10	0.9942	0.00873	34	0.46482	0.04083	13	0.05408	0.01871
 1716289	27807841	chip2	28	0.96914	0.0176	24	0.45804	0.02498	5	0.0918	0.02251
 1647175	27822258	chip1	50	0.99468	0.00775	7	0.507	0.04918	0	NA	NA
 1653913	27841620	chip1	17	0.97865	0.02141	29	0.53862	0.05694	10	0.036	0.03051
 1710021	27999648	chip2	37	0.99732	0.0045	19	0.45821	0.02111	1	0.018	NA
 1696556	28000939	chip2	27	0.98256	0.01673	25	0.52112	0.02359	5	0.0046	0.00974
 1696441	28073779	chip1	41	0.93563	0.02962	13	0.47192	0.05334	3	0.118	0.02166
 1662068	28149081	chip2	13	0.90177	0.03347	44	0.48093	0.11258	0	NA	NA
 1688585	28237850	chip1	30	0.95183	0.04001	16	0.47763	0.09759	3	0.08333	0.071
 1692197	28257223	chip1	56	0.99502	0.0088	1	0.49	NA	0	NA	NA
 1747890	28377891	chip1	8	0.98662	0.02936	33	0.48861	0.04667	15	0.04087	0.02361
 1748016	28377920	chip1	57	0.92612	0.04049	0	NA	NA	0	NA	NA
 1668731	28385674	chip2	15	0.98747	0.02252	34	0.47606	0.06943	8	0.03963	0.02286
 1675514	28402685	chip1	0	NA	NA	7	0.48886	0.04985	50	0.10048	0.04257
 1677551	28414739	chip1	15	0.9516	0.0264	27	0.49615	0.07819	11	0.08991	0.03422
 1716044	28554141	chip1	0	NA	NA	7	0.49114	0.0445	50	0.04874	0.03097
 1718238	28599773	chip1	2	0.8395	0.22698	6	0.60167	0.06143	43	0.08495	0.06597
 1648895	28644092	chip1	17	0.92282	0.02123	32	0.51631	0.02627	8	0.15925	0.02916
 1649009	28645416	chip1	17	0.94476	0.02185	30	0.47847	0.06423	10	0.0423	0.03284
 1660343	28675792	chip2	57	0.96951	0.04441	0	NA	NA	0	NA	NA
 1657965	28704281	chip1	19	0.98826	0.01377	28	0.52618	0.04977	9	0.00233	0.00412
 1699682	28718601	chip1	9	0.98711	0.01426	28	0.51118	0.04531	19	0.03553	0.02292
 1699880	28718758	chip1	4	0.93925	0.01112	26	0.49404	0.03855	27	0.06385	0.04147
 1703154	28729417	chip1	9	0.98133	0.01284	28	0.50989	0.02811	20	0.0448	0.02291
 1698113	28905163	chip2	47	0.99485	0.00697	9	0.51989	0.02625	1	0.017	NA
 1653736	28911722	chip2	19	0.98084	0.01775	28	0.46089	0.03115	10	0.0358	0.01679
 1743986	29055302	chip1	4	0.9515	0.04068	15	0.49687	0.06802	36	0.00697	0.01165
 1719171	29635842	chip2	43	0.97551	0.01828	12	0.50025	0.02095	2	0.0235	0.02616
 1709939	30006454	chip2	4	0.8725	0.15705	20	0.51445	0.0342	33	0.03945	0.03802
 1693468	30020528	chip1	4	0.85975	0.07429	20	0.5383	0.06305	33	0.01927	0.03126
 1752700	30186121	chip1	0	NA	NA	0	NA	NA	57	0.02947	0.01684
 1732855	30407247	chip1	0	NA	NA	6	0.475	0.04322	51	0.14784	0.04765
 1736296	30440163	chip1	1	0.973	NA	25	0.51356	0.01916	31	0.04635	0.01395
 1742942	30540763	chip1	45	0.91322	0.03006	12	0.48558	0.04242	0	NA	NA
 1681395	30672976	chip1	25	0.9902	0.01214	25	0.49096	0.03648	7	0.02714	0.01633
 1724434	30724890	chip2	49	0.97508	0.02195	7	0.49514	0.03353	1	0.021	NA
 1725278	30788861	chip2	42	0.69798	0.03883	8	0.50487	0.02788	0	NA	NA
 1707812	30789451	chip2	49	0.97504	0.01027	7	0.49786	0.02217	1	0.027	NA
 1730074	30882082	chip2	0	NA	NA	16	0.51681	0.06494	41	0.04595	0.0425
 1744738	30937057	chip1	0	NA	NA	7	0.50014	0.08518	50	0.09626	0.04598
 1744864	30937074	chip1	1	0.831	NA	22	0.49232	0.05629	34	0.05097	0.01676
 1744990	30937116	chip1	34	0.97785	0.02241	18	0.52111	0.04993	0	NA	NA
 1753788	30995789	chip1	22	0.94773	0.02295	27	0.47719	0.04933	3	0.136	0.03874
 1681619	31013496	chip1	1	1	NA	13	0.447	0.0763	35	0.07631	0.05877
 1698395	31091715	chip2	50	0.93384	0.01615	7	0.484	0.01269	0	NA	NA
 1713420	31098551	chip2	49	0.94176	0.04354	8	0.437	0.02342	0	NA	NA
 1745808	31123269	chip2	0	NA	NA	21	0.4811	0.02143	36	0.10042	0.03578
 1682119	31142543	chip1	0	NA	NA	5	0.4958	0.02879	52	0.01977	0.01687
 1682473	31144711	chip1	52	0.96129	0.04249	4	0.54825	0.03246	0	NA	NA
 1740056	31205871	chip1	18	0.9375	0.02197	26	0.51788	0.0391	12	0.09108	0.02093
 1741360	31208244	chip1	27	0.98322	0.01355	27	0.53544	0.02884	3	0	0
 1743112	31216785	chip1	6	0.96567	0.00848	27	0.51422	0.02334	24	0.05479	0.01461
 1743222	31216998	chip1	24	0.95987	0.01599	27	0.52059	0.02578	6	0.0305	0.01009
 1743330	31217150	chip1	6	0.9265	0.02058	27	0.52941	0.03152	24	0.03208	0.01735
 1723563	31293295	chip1	5	0.9104	0.01988	22	0.51136	0.05037	29	0.13662	0.03421
 1729195	31317955	chip1	0	NA	NA	12	0.4955	0.06367	44	0.06868	0.02963
 1730516	31319141	chip1	53	0.90491	0.05055	3	0.436	0.06022	0	NA	NA
 1734097	31331354	chip1	0	NA	NA	1	0.446	NA	56	0.06125	0.03149
 1725248	31434058	chip2	54	0.93796	0.04333	3	0.488	0.03651	0	NA	NA
 1673988	31434103	chip2	0	NA	NA	2	0.497	0.12445	52	0.08192	0.06325
 1649848	31434377	chip2	11	0.95655	0.01957	29	0.51045	0.0364	17	0.01176	0.01037
 1721314	31438536	chip1	42	0.93014	0.02434	15	0.46013	0.06558	0	NA	NA
 1749042	31497851	chip1	30	0.9384	0.03197	23	0.47887	0.02776	4	0.08275	0.01482
 1749176	31497869	chip1	4	0.9395	0.01912	23	0.498	0.04996	30	0.02543	0.01089
 1706135	31501931	chip2	27	0.94267	0.0336	24	0.48875	0.01679	6	0.07733	0.04108
 1664322	31517342	chip2	47	0.91874	0.02943	9	0.51456	0.01977	1	0.008	NA
 1642405	31517942	chip2	0	NA	NA	8	0.44525	0.04224	49	0.02359	0.01717
 1692147	31564179	chip1	49	0.99902	0.00294	8	0.47687	0.02308	0	NA	NA
 1692421	31564931	chip1	33	0.98418	0.01708	23	0.51278	0.05806	1	0.042	NA
 1664510	31576032	chip2	43	0.94693	0.06113	9	0.50733	0.09844	2	0.098	0.08061
 1750339	31604166	chip2	49	0.95553	0.06237	3	0.533	0.16111	0	NA	NA
 1741416	31610097	chip1	4	0.9575	0.03251	20	0.4821	0.05714	33	0.06282	0.01401
 1675893	31655803	chip1	6	0.80433	0.03498	19	0.50521	0.0533	19	0.13237	0.04015
 1677481	31662712	chip1	32	0.97725	0.02014	20	0.48855	0.04674	4	0.08825	0.01576
 1733529	31744164	chip1	15	0.93253	0.02129	33	0.50327	0.02353	9	0.04189	0.01318
 1737428	31770219	chip1	3	0.948	0.00781	14	0.49164	0.02722	40	0.07245	0.0293
 1654203	31777946	chip2	25	0.958	0.01987	26	0.50573	0.02263	6	0.05983	0.01096
 1670656	31779418	chip2	54	0.9642	0.01936	3	0.51	0.02088	0	NA	NA
 1664419	31801598	chip1	29	0.96055	0.01437	22	0.54882	0.03444	6	0.01367	0.01404
 1648224	31818404	chip2	43	0.96651	0.02887	11	0.43927	0.01756	3	0.07767	0.03828
 1717202	31879485	chip1	12	0.99083	0.01126	31	0.47271	0.04622	14	0.02179	0.01477
 1718728	31880052	chip1	12	0.96708	0.01275	31	0.49935	0.03538	14	0.07143	0.02865
 1684728	31895885	chip2	50	0.9609	0.03638	7	0.50114	0.07406	0	NA	NA
 1727668	31898560	chip1	50	0.8994	0.03108	7	0.48	0.04599	0	NA	NA
 1664023	31946088	chip1	0	NA	NA	14	0.505	0.03892	42	0.08014	0.04642
 1667295	31961908	chip1	0	NA	NA	15	0.52567	0.0272	42	0.04869	0.01813
 1663754	31973591	chip2	56	0.91227	0.01368	1	0.508	NA	0	NA	NA
 1746683	31978717	chip2	0	NA	NA	1	0.502	NA	56	0.03571	0.03738
 1650797	32068865	chip1	0	NA	NA	1	0.56	NA	56	0.09359	0.04307
 1653712	32076526	chip2	3	0.95267	0.0413	27	0.53067	0.03262	27	0.02967	0.03387
 1659565	32121374	chip1	38	0.93658	0.02856	18	0.51478	0.06419	1	0.038	NA
 1653498	32150256	chip2	12	0.90358	0.04376	24	0.53437	0.09305	15	0.14373	0.08425
 1680953	32164668	chip1	22	0.96623	0.03909	27	0.50137	0.06246	3	0.05033	0.00404
 1653406	32191275	chip2	39	0.9919	0.01046	15	0.48613	0.02224	3	0.016	0.00656
 1715751	32222590	chip2	10	0.945	0.03891	24	0.47475	0.0273	23	0.1383	0.04251
 1663718	32223601	chip2	26	0.91769	0.02768	26	0.50315	0.02678	4	0.07825	0.03475
 1684496	32280513	chip2	13	0.841	0.0366	32	0.53378	0.06239	11	0.07136	0.02613
 1669084	32290548	chip1	0	NA	NA	1	0.579	NA	56	0.12034	0.01871
 1669382	32291892	chip1	51	0.96443	0.02924	6	0.4675	0.03748	0	NA	NA
 1650724	32300742	chip2	0	NA	NA	2	0.486	0.00141	55	0.02742	0.01151
 1677911	32313594	chip1	13	0.99562	0.00631	27	0.43593	0.04009	17	0.03894	0.01709
 1703049	32324030	chip2	0	NA	NA	2	0.507	0.0297	55	0.01153	0.00934
 1722399	32339001	chip1	55	0.9974	0.00507	2	0.4185	0.0799	0	NA	NA
 1724019	32343807	chip1	6	0.92317	0.04944	31	0.46945	0.05968	20	0.01805	0.02182
 1734514	32379096	chip2	1	0.954	NA	33	0.50533	0.02606	23	0.02417	0.00778
 1740285	32396384	chip2	1	0.959	NA	31	0.54016	0.01621	25	0.01672	0.01509
 1755588	32396846	chip2	10	0.9734	0.01116	30	0.5271	0.03188	17	0.02312	0.01906
 1723205	32447487	chip1	56	0.97675	0.02005	1	0.556	NA	0	NA	NA
 1658895	32482976	chip1	0	NA	NA	3	0.529	0.02211	54	0.05674	0.02185
 1711215	32525172	chip1	40	0.9913	0.00941	17	0.50782	0.04028	0	NA	NA
 1713437	32536144	chip1	17	0.99729	0.00375	25	0.46568	0.03165	15	0.02007	0.00688
 1714762	32536341	chip1	3	0.886	0.01572	20	0.49515	0.01869	34	0.11309	0.0315
 1751187	32541592	chip2	33	0.99458	0.00846	19	0.49063	0.06608	5	0.0642	0.00958
 1668662	32543356	chip2	2	0.9905	0.00495	14	0.48379	0.04266	38	0.02461	0.02659
 1746711	32568178	chip2	57	0.96204	0.02877	0	NA	NA	0	NA	NA
 1742159	32568465	chip2	37	0.98338	0.03056	17	0.48735	0.04359	3	0.023	0.03005
 1712366	32668825	chip1	2	0.865	0.01131	12	0.50767	0.07106	40	0.05238	0.04056
 1706781	32673542	chip2	2	0.9465	0.01061	10	0.5022	0.04277	45	0.04913	0.03745
 1711656	32739899	chip2	45	0.97796	0.01794	10	0.4944	0.0177	2	0.04	0.01273
 1746861	32771926	chip2	57	0.96756	0.02118	0	NA	NA	0	NA	NA
 1673257	32799753	chip1	13	0.91415	0.01609	24	0.50154	0.04085	20	0.13605	0.04936
 1673403	32800167	chip1	48	0.98158	0.00946	8	0.53987	0.04399	1	0.017	NA
 1724321	32864107	chip1	1	1	NA	19	0.551	0.07771	31	0.03697	0.04319
 1752425	32891720	chip2	40	0.95505	0.0475	9	0.52211	0.08941	1	0	NA
 1698605	32905158	chip2	40	0.98178	0.0251	15	0.46353	0.03145	2	0.037	0.0297
 1658739	32911320	chip1	41	0.95412	0.02729	15	0.49827	0.02949	1	0.049	NA
 1717908	32948189	chip1	8	0.98538	0.00823	18	0.45433	0.03602	31	0.00068	0.00158
 1713635	33083336	chip1	30	0.97193	0.01758	20	0.43985	0.05544	6	0.03117	0.01954
 1715056	33083671	chip1	31	0.91835	0.02791	20	0.45725	0.03214	6	0.0305	0.03284
 1743045	33124787	chip2	13	0.97723	0.01153	30	0.4802	0.02164	14	0.0435	0.02746
 1700270	33158406	chip1	34	0.97132	0.01772	19	0.49332	0.05278	4	0.00225	0.00263
 1700561	33159527	chip1	53	0.99572	0.00846	1	0.528	NA	2	0.378	0.06364
 1704939	33170736	chip2	54	0.94146	0.05607	3	0.55867	0.06712	0	NA	NA
 1710623	33198272	chip1	57	0.9494	0.02032	0	NA	NA	0	NA	NA
 1647433	33235434	chip1	0	NA	NA	0	NA	NA	57	0.08377	0.02748
 1647519	33235776	chip1	1	0.971	NA	16	0.506	0.03327	40	0.0657	0.03099
 1647635	33235937	chip1	0	NA	NA	0	NA	NA	57	0.02075	0.01133
 1680034	33239613	chip2	1	0.997	NA	17	0.483	0.01915	39	0.01718	0.00896
 1729990	33318577	chip2	26	0.96423	0.0234	27	0.45422	0.01865	4	0.038	0.00658
 1646698	33318594	chip2	31	0.9871	0.0138	23	0.48757	0.04431	3	0.00033	0.00058
 1732890	33368036	chip2	55	0.94975	0.04722	2	0.4955	0.02899	0	NA	NA
 1754948	33368314	chip2	55	0.96458	0.03567	1	0.564	NA	0	NA	NA
 1671576	33368444	chip2	3	0.979	0.02402	19	0.43221	0.05466	33	0.07097	0.04954
 1658852	33403105	chip2	32	0.98294	0.01635	23	0.44791	0.02414	2	0.0385	0.04596
 1737930	33414055	chip2	28	0.89025	0.03348	26	0.50658	0.02954	3	0.06933	0.0271
 1705147	33414632	chip2	28	0.97932	0.01907	26	0.52731	0.04758	3	0.00933	0.00862
 1709317	33420522	chip2	49	0.94802	0.01156	8	0.5005	0.01769	0	NA	NA
 1657508	33445122	chip2	54	0.97898	0.01392	3	0.53533	0.00757	0	NA	NA
 1753500	33454893	chip1	28	0.95943	0.02217	24	0.49429	0.04499	3	0.036	0.01308
 1755561	33465106	chip1	56	0.99805	0.0066	1	0.558	NA	0	NA	NA
 1680436	33470182	chip2	57	0.9767	0.02457	0	NA	NA	0	NA	NA
 1740637	33486009	chip2	24	0.90842	0.02304	27	0.468	0.02322	5	0.0666	0.01024
 1642451	33492495	chip2	3	0.85967	0.01601	20	0.4886	0.0156	34	0.06841	0.02686
 1754280	33492696	chip2	55	0.92475	0.03502	2	0.493	0.04384	0	NA	NA
 1646597	33493778	chip1	0	NA	NA	3	0.51667	0.01704	52	0.01883	0.00905
 1671560	33500735	chip2	0	NA	NA	11	0.50009	0.02094	46	0.00354	0.00619
 1718905	33536872	chip2	7	0.92129	0.01797	32	0.48072	0.0261	18	0.08406	0.0555
 1742108	33567581	chip1	0	NA	NA	3	0.51433	0.03075	54	0.05922	0.02435
 1749634	33604183	chip1	0	NA	NA	5	0.543	0.02134	52	0.03862	0.01743
 1754865	33622292	chip1	49	0.92749	0.01221	8	0.53287	0.02613	0	NA	NA
 1754981	33622510	chip1	2	0.9725	0.00778	27	0.5083	0.02036	28	0.05661	0.01569
 1660959	33627311	chip2	8	0.96425	0.04809	27	0.50181	0.02796	22	0.03236	0.02972
 1677465	33628506	chip1	1	0.942	NA	15	0.506	0.02715	41	0.05	0.02555
 1735450	33631197	chip2	18	0.88378	0.04815	23	0.48539	0.05746	11	0.03927	0.02954
 1646212	33632518	chip2	4	0.8885	0.08094	26	0.47977	0.06641	26	0.13173	0.05666
 1691105	33669852	chip1	9	0.99189	0.00578	34	0.52959	0.04596	14	0.00193	0.00281
 1693005	33677360	chip1	17	0.91853	0.04916	26	0.50588	0.05241	13	0.08762	0.03146
 1734997	33701223	chip1	57	0.9804	0.01894	0	NA	NA	0	NA	NA
 1743412	33742768	chip1	17	0.94076	0.01822	18	0.46361	0.03038	19	0.11132	0.01628
 1661011	33780304	chip2	15	0.94667	0.03059	28	0.53382	0.03712	14	0.08807	0.06829
 1709331	33781234	chip2	34	0.96082	0.02842	17	0.502	0.04148	2	0.008	0.01131
 1676279	33795085	chip1	19	0.94974	0.04783	25	0.4622	0.08172	13	0.01462	0.0128
 1722582	33808858	chip2	33	0.99558	0.00937	21	0.53329	0.02975	3	0.04267	0.02774
 1727987	33809546	chip2	56	0.95016	0.02701	1	0.459	NA	0	NA	NA
 1709559	33809597	chip2	3	0.98867	0.01286	21	0.47657	0.0196	33	0.01239	0.00931
 1643251	33906731	chip2	0	NA	NA	7	0.50286	0.02097	50	0.03556	0.0251
 1689720	33925720	chip1	48	0.8919	0.02569	9	0.484	0.03088	0	NA	NA
 1689896	33926150	chip1	5	0.9924	0.00966	23	0.49039	0.03701	29	0.01803	0.0166
 1689996	33926232	chip1	48	0.89456	0.04134	9	0.41822	0.02824	0	NA	NA
 1693237	33932898	chip1	0	NA	NA	7	0.46814	0.01524	50	0.0101	0.00834
 1714561	33961544	chip2	50	0.99502	0.01157	6	0.4375	0.04249	1	0.029	NA
 1705534	33993523	chip1	9	0.97644	0.01781	23	0.459	0.03275	25	0.02424	0.00997
 1745497	34007701	chip1	8	0.87775	0.01967	23	0.46457	0.01989	26	0.12758	0.02433
 1755995	34052011	chip1	0	NA	NA	7	0.57614	0.0335	50	0.01222	0.01454
 1756125	34052126	chip1	55	0.94564	0.01947	2	0.461	0.03394	0	NA	NA
 1739652	34229330	chip1	13	0.98462	0.01787	20	0.475	0.02728	23	0.0877	0.02234
 1739760	34229422	chip1	2	0.8035	0.01061	12	0.4705	0.02207	43	0.16823	0.03331
 1648036	34247492	chip2	14	0.9475	0.02467	32	0.49269	0.02954	11	0.042	0.01842
 1751113	34256333	chip2	31	0.92806	0.03521	25	0.51516	0.02567	1	0.026	NA
 1670011	34256413	chip2	31	0.96039	0.03077	25	0.49136	0.03186	1	0.088	NA
 1721926	34411916	chip2	8	0.98713	0.00954	27	0.52115	0.03401	22	0.0135	0.01605
 1719549	34411961	chip2	8	0.8665	0.06197	28	0.50375	0.03394	21	0.08571	0.02894
 1740927	34460028	chip2	3	0.91467	0.04423	15	0.5476	0.02018	39	0.05959	0.02121
 1743870	34534249	chip1	47	0.96196	0.01763	9	0.50122	0.03745	1	0.027	NA
 1669970	34602583	chip1	46	0.94602	0.02907	10	0.483	0.04968	1	0.026	NA
 1675028	34664207	chip1	57	0.90714	0.02664	0	NA	NA	0	NA	NA
 1675442	34671762	chip1	56	0.91161	0.04499	1	0.482	NA	0	NA	NA
 1676771	34685304	chip1	0	NA	NA	8	0.46563	0.03632	49	0.03369	0.01859
 1667395	34902461	chip1	38	0.98555	0.02533	15	0.51833	0.06155	0	NA	NA
 1742361	34909112	chip2	29	0.9421	0.02224	25	0.50748	0.01693	3	0.04833	0.00839
 1719229	34915188	chip2	11	0.90182	0.07447	30	0.4447	0.11754	12	0.07483	0.04786
 1740792	34987542	chip1	6	0.93617	0.00585	18	0.48356	0.05165	33	0.06955	0.02514
 1740892	34987574	chip1	6	0.98417	0.00542	17	0.49765	0.04084	33	0.00406	0.007
 1742496	34989517	chip1	33	0.94964	0.03651	18	0.50167	0.04208	6	0.09933	0.03638
 1745883	34993948	chip1	2	0.8675	0.01768	8	0.501	0.03333	42	0.01431	0.01362
 1691277	35094480	chip1	0	NA	NA	0	NA	NA	57	0.04377	0.02614
 1693141	35102699	chip1	56	0.91652	0.02341	1	0.463	NA	0	NA	NA
 1704931	35167066	chip2	54	0.95146	0.01754	3	0.45633	0.02721	0	NA	NA
 1731229	35179861	chip2	1	1	NA	10	0.4524	0.0478	46	0.04526	0.03023
 1747108	35242670	chip1	43	0.97781	0.02126	12	0.438	0.04603	2	0.1365	0.02051
 1749030	35251148	chip1	0	NA	NA	4	0.5165	0.02753	53	0.06685	0.01875
 1671147	35251560	chip1	51	0.96124	0.01838	6	0.46933	0.0279	0	NA	NA
 1744843	35263614	chip2	0	NA	NA	7	0.49114	0.05666	32	0.05112	0.06721
 1729451	35338874	chip1	39	0.90895	0.04256	13	0.52762	0.04331	5	0.059	0.02148
 1725944	35396435	chip2	30	0.97017	0.02163	22	0.53423	0.04965	3	0.04433	0.03459
 1665383	35415881	chip1	4	0.9375	0.04675	27	0.48941	0.07466	24	0.11262	0.04332
 1674055	35447030	chip1	6	0.99933	0.00163	15	0.48213	0.04205	36	0.06903	0.02469
 1726721	35496620	chip1	5	0.889	0.02547	10	0.6005	0.03408	42	0.12676	0.03084
 1728388	35502559	chip1	57	0.89116	0.04751	0	NA	NA	0	NA	NA
 1653662	35626482	chip2	45	0.92251	0.02716	11	0.489	0.02026	1	0.079	NA
 1647727	35646895	chip1	21	0.93348	0.02461	16	0.47244	0.02636	20	0.07205	0.02522
 1678398	35659491	chip2	2	0.911	0.01273	18	0.487	0.03469	37	0.03846	0.03117
 1660178	35696772	chip1	0	NA	NA	7	0.45057	0.03544	50	0.02272	0.01334
 1681127	35730030	chip1	57	0.84732	0.04796	0	NA	NA	0	NA	NA
 1682959	35731478	chip1	16	0.9315	0.02941	33	0.48933	0.03478	8	0.047	0.01765
 1683143	35731738	chip1	19	0.94374	0.02151	26	0.54323	0.03262	12	0.03983	0.01831
 1667121	35912151	chip1	1	0.954	NA	19	0.48842	0.05103	37	0.02373	0.0195
 1737149	35978628	chip2	13	0.98438	0.0128	24	0.48658	0.03026	20	0.01405	0.01013
 1655916	36050214	chip1	27	0.90315	0.0381	25	0.49368	0.04227	5	0.1174	0.04391
 1656142	36052836	chip1	24	0.88417	0.02518	27	0.488	0.04222	6	0.11633	0.01867
 1736217	36157142	chip2	16	0.99431	0.01059	24	0.52112	0.05033	17	0.01029	0.02999
 1647745	36232658	chip1	57	0.90596	0.0342	0	NA	NA	0	NA	NA
 1733665	36572759	chip1	6	0.97	0.00636	33	0.4963	0.06289	16	0.08413	0.0276
 1735442	36729044	chip2	8	0.98287	0.02043	27	0.52344	0.07319	18	0.02722	0.02434
 1666135	36755989	chip1	13	0.86523	0.02401	29	0.48921	0.01951	15	0.15387	0.02825
 1756915	36860698	chip2	57	0.92011	0.04095	0	NA	NA	0	NA	NA
 1719816	37117885	chip1	53	0.96868	0.01088	4	0.5015	0.02869	0	NA	NA
 1721675	37119622	chip1	35	0.98454	0.07293	9	0.49644	0.05072	1	0.115	NA
 1721949	37120474	chip1	0	NA	NA	18	0.47217	0.0517	34	0.04015	0.01917
 1652679	37150541	chip1	0	NA	NA	1	0.558	NA	56	0.07838	0.03175
 1678804	37425644	chip2	30	0.98157	0.01144	20	0.50485	0.02045	7	0.02771	0.01704
 1673262	37450184	chip2	0	NA	NA	0	NA	NA	57	0.04577	0.02652
 1756779	37450440	chip2	57	0.966	0.03099	0	NA	NA	0	NA	NA
 1701916	37560010	chip1	54	0.9757	0.02866	3	0.46267	0.01429	0	NA	NA
 1719961	37647050	chip2	1	0.99	NA	7	0.50714	0.04861	49	0.06392	0.02864
 1709286	38042260	chip1	45	0.92131	0.04706	8	0.49125	0.07664	0	NA	NA
 1712350	38044854	chip1	47	0.97279	0.0187	9	0.47856	0.06363	0	NA	NA
 1722020	38108113	chip2	34	0.94453	0.04347	18	0.49767	0.03143	5	0.0256	0.0342
 1658870	38108273	chip2	34	0.95897	0.04079	11	0.48264	0.05014	4	0.0625	0.02983
 1753298	38327576	chip1	16	0.88987	0.02814	30	0.52583	0.04227	11	0.04809	0.02243
 1755073	38338772	chip1	45	0.98453	0.02683	10	0.4249	0.02847	0	NA	NA
 1698321	38497089	chip2	4	0.99325	0.00922	13	0.48908	0.03178	40	0.02	0.01698
 1695016	38518746	chip1	47	0.98181	0.02306	9	0.50033	0.03453	0	NA	NA
 1696397	38527629	chip1	57	0.8977	0.0213	0	NA	NA	0	NA	NA
 1654011	38565782	chip2	51	0.99061	0.00769	6	0.54933	0.02261	0	NA	NA
 1749893	38634527	chip2	8	0.9475	0.05029	21	0.491	0.09463	18	0.00733	0.01176
 1693182	38639276	chip2	52	0.98408	0.01415	5	0.5002	0.02904	0	NA	NA
 1747310	38728791	chip1	6	0.91967	0.02526	28	0.50793	0.02585	19	0.18568	0.03451
 1756271	38838668	chip1	57	0.98225	0.01678	0	NA	NA	0	NA	NA
 1643581	38857804	chip1	13	0.97715	0.01376	26	0.51858	0.03385	18	0.10617	0.02476
 1666598	38942982	chip2	4	0.965	0.01506	22	0.49991	0.02755	31	0.08623	0.02797
 1673336	38943019	chip2	31	0.92987	0.03029	22	0.49141	0.02549	4	0.04	0.02672
 1710852	39006932	chip2	5	0.9694	0.01937	26	0.52688	0.02875	25	0.04692	0.01797
 1727808	39159899	chip1	43	0.95209	0.03093	13	0.51308	0.04489	1	0.122	NA
 1728062	39162321	chip1	38	0.91487	0.0262	16	0.48063	0.02551	3	0.16067	0.04631
 1758353	39200740	chip2	43	0.99026	0.00597	13	0.55354	0.0218	1	0.013	NA
 1655502	39213545	chip1	1	0.99	NA	8	0.495	0.0235	44	0.05205	0.01858
 1643668	39231291	chip2	1	0.965	NA	13	0.47977	0.02663	43	0.01474	0.01154
 1662802	39236581	chip2	43	0.99442	0.0111	13	0.50446	0.04089	1	0.046	NA
 1658889	39251626	chip1	2	0.9535	0.04596	10	0.4882	0.07458	42	0.0181	0.02111
 1660628	39294334	chip1	14	0.97764	0.01867	30	0.49647	0.03447	13	0.01585	0.00945
 1665927	39371814	chip1	57	0.98689	0.02282	0	NA	NA	0	NA	NA
 1723578	39399540	chip2	0	NA	NA	1	0.516	NA	56	0.12855	0.07437
 1697631	39399572	chip2	0	NA	NA	0	NA	NA	57	0.12907	0.07983
 1705731	39870970	chip2	23	0.85335	0.08991	10	0.4818	0.09994	2	0.0855	0.00778
 1712086	39879867	chip1	27	0.943	0.01212	21	0.4711	0.02945	9	0.05244	0.01499
 1754377	40190424	chip1	57	0.91251	0.01824	0	NA	NA	0	NA	NA
 1756217	40196884	chip1	35	0.96329	0.02015	20	0.47405	0.04166	2	0.02	0.00424
 1694366	40331129	chip1	1	0.947	NA	19	0.50468	0.03318	37	0.04568	0.01406
 1694502	40331251	chip1	0	NA	NA	0	NA	NA	57	0.04318	0.01494
 1746545	40453045	chip1	1	0.919	NA	18	0.49428	0.04429	38	0.09053	0.0409
 1746652	40453345	chip1	2	0.968	0.00424	19	0.50458	0.03722	36	0.04894	0.0105
 1748766	40466876	chip1	37	0.86454	0.03191	18	0.49161	0.04663	1	0.115	NA
 1743145	40507986	chip2	2	0.9345	0.03323	19	0.49879	0.03762	36	0.06422	0.05531
 1662503	40610564	chip1	40	0.8466	0.03582	17	0.47241	0.0309	0	NA	NA
 1734098	40669462	chip2	2	1	0	14	0.49043	0.06191	35	0.04103	0.03823
 1716594	40742311	chip1	3	0.95533	0.01358	21	0.5321	0.05915	33	0.04548	0.01941
 1695056	40899114	chip1	57	0.98544	0.01222	0	NA	NA	0	NA	NA
 1698276	40911192	chip1	50	0.93676	0.03697	7	0.49486	0.02494	0	NA	NA
 1680228	40932648	chip2	55	0.97373	0.02322	1	0.54	NA	0	NA	NA
 1686886	40948613	chip2	1	0.908	NA	19	0.48774	0.04796	36	0.07683	0.03933
 1750428	41001431	chip1	32	0.95028	0.02932	23	0.55413	0.07924	2	0.138	0.07212
 1645029	41058112	chip1	14	0.94314	0.04176	37	0.50157	0.03124	6	0.05083	0.02051
 1734084	41674625	chip2	1	0.955	NA	8	0.51763	0.0149	48	0.02325	0.01214
 1705169	41674874	chip2	57	0.99704	0.00863	0	NA	NA	0	NA	NA
 1755878	41676614	chip2	57	0.95296	0.02262	0	NA	NA	0	NA	NA
 1663498	41677063	chip2	57	0.98232	0.02143	0	NA	NA	0	NA	NA
 1662920	41677130	chip2	57	0.97065	0.02754	0	NA	NA	0	NA	NA
 1649765	41700493	chip1	13	0.93462	0.01912	31	0.53097	0.02557	13	0.07015	0.01626
 1692907	41729950	chip1	13	0.99362	0.00633	31	0.49977	0.04594	13	0.05315	0.01834
 1693037	41730708	chip1	13	0.93046	0.02258	31	0.48429	0.0501	13	0.01685	0.01638
 1696739	41763948	chip1	57	0.85589	0.04383	0	NA	NA	0	NA	NA
 1702256	41789790	chip1	28	0.89964	0.03493	27	0.47919	0.02426	2	0.0915	0.03606
 1747358	41836209	chip1	8	0.8615	0.01775	29	0.48593	0.01625	20	0.13855	0.01852
 1752874	41859258	chip1	27	0.96163	0.03506	12	0.49042	0.05204	7	0.09586	0.03825
 1751470	42010931	chip1	0	NA	NA	1	0.205	NA	49	0.03888	0.05633
 1674168	42014074	chip1	0	NA	NA	2	0.524	0.01414	55	0.04087	0.02727
 1689932	42061618	chip1	23	0.91674	0.01538	25	0.49284	0.01957	9	0.12989	0.02603
 1690054	42062368	chip1	9	0.923	0.02605	25	0.47592	0.02328	23	0.09961	0.02332
 1649186	42341477	chip2	26	0.99154	0.00996	23	0.4617	0.02985	8	0.03887	0.00949
 1729255	42358549	chip1	3	0.87133	0.03786	20	0.4555	0.05768	34	0.01059	0.01432
 1734295	42390405	chip1	14	0.96707	0.02564	34	0.46582	0.04704	9	0.13956	0.04174
 1696906	42409840	chip2	34	0.94885	0.03576	19	0.50163	0.06701	4	0.02375	0.0179
 1737443	42414775	chip2	14	0.95864	0.02493	34	0.46485	0.01919	9	0.06389	0.01837
 1735208	42428015	chip2	32	0.98975	0.01073	23	0.5427	0.02983	2	0.021	0.0297
 1753692	42440031	chip1	0	NA	NA	0	NA	NA	57	0.13935	0.02572
 1753816	42440405	chip1	34	0.9695	0.01275	19	0.53153	0.02328	4	0.006	0.00374
 1753934	42441431	chip1	16	0.94644	0.01961	33	0.47064	0.04397	8	0.023	0.0191
 1663348	42460308	chip2	30	0.94027	0.0313	18	0.55189	0.05815	2	0.1615	0.07283
 1645135	42472606	chip1	45	0.9048	0.03182	11	0.46482	0.05188	1	0.167	NA
 1679974	42489823	chip2	0	NA	NA	13	0.47185	0.01632	44	0.036	0.02127
 1686839	42520129	chip1	23	0.92061	0.02708	24	0.49275	0.03796	10	0.0716	0.02076
 1746013	42614026	chip1	2	0.965	0.01131	16	0.50194	0.10211	34	0.04441	0.05101
 1694230	42708775	chip1	11	0.97182	0.01518	27	0.49148	0.02514	19	0.03211	0.01124
 1733325	42717614	chip1	2	0.8755	0.00071	18	0.47856	0.0268	37	0.08754	0.02217
 1741576	42759300	chip1	9	0.98333	0.01411	30	0.52843	0.05815	8	0.12837	0.02658
 1665684	42880277	chip2	3	0.98233	0.00757	24	0.49129	0.02208	30	0.06517	0.01989
 1720918	43011095	chip1	7	0.97	0.02071	26	0.50812	0.04022	23	0.05913	0.03965
 1670315	43147223	chip2	53	0.94898	0.03259	1	0.437	NA	0	NA	NA
 1660684	43175021	chip1	12	0.875	0.04974	30	0.52597	0.0553	11	0.11845	0.0626
 1662319	43176767	chip1	57	0.9714	0.02313	0	NA	NA	0	NA	NA
 1681088	43190700	chip2	20	0.95755	0.02071	29	0.48007	0.03072	8	0.06062	0.02542
 1705876	43236110	chip1	0	NA	NA	8	0.52387	0.02382	49	0.02431	0.01415
 1647401	43335493	chip1	41	0.96588	0.01927	13	0.50254	0.04315	2	0.059	0.01556
 1692809	43382542	chip1	5	0.9384	0.04448	20	0.4777	0.09474	25	0.05456	0.07098
 1737488	43571324	chip1	52	0.98729	0.01273	5	0.4548	0.04194	0	NA	NA
 1738854	43571475	chip1	52	0.95525	0.03053	4	0.5305	0.02322	0	NA	NA
 1745093	43673106	chip2	51	0.97588	0.02647	6	0.495	0.04488	0	NA	NA
 1732757	43710517	chip1	0	NA	NA	4	0.5	0.11732	48	0.10808	0.07452
 1704349	43771033	chip2	0	NA	NA	10	0.5215	0.02999	47	0.05845	0.02848
 1647284	43808941	chip2	0	NA	NA	16	0.52894	0.03551	41	0.0352	0.02251
 1749332	43904148	chip1	29	0.92976	0.02902	23	0.51365	0.01749	5	0.0482	0.01527
 1749558	43911330	chip1	11	0.98855	0.00989	19	0.48937	0.04469	16	0.10394	0.03277
 1751334	43924064	chip1	9	0.94844	0.01858	26	0.50046	0.02738	22	0.03982	0.01385
 1712893	43945366	chip2	42	0.98945	0.02274	11	0.513	0.05305	3	0.06167	0.03156
 1684313	43955895	chip1	3	0.93667	0.03331	10	0.6025	0.09062	42	0.05407	0.06474
 1646734	43987248	chip2	0	NA	NA	0	NA	NA	57	0.03223	0.0207
 1698409	44097291	chip2	22	0.93241	0.03512	22	0.49518	0.03732	10	0.136	0.08876
 1691380	44097407	chip2	25	0.94056	0.03595	22	0.477	0.03585	10	0.0366	0.02146
 1678161	44110203	chip1	0	NA	NA	7	0.48343	0.04541	39	0.07213	0.05318
 1657576	44137422	chip2	21	0.98476	0.0195	21	0.47343	0.03107	15	0.01707	0.01066
 1705069	44149283	chip2	21	0.90276	0.0397	21	0.47976	0.03956	15	0.03973	0.01533
 1742254	44243719	chip1	4	0.8975	0.01287	22	0.49927	0.02746	31	0.09261	0.04074
 1744084	44250132	chip1	8	0.97687	0.01925	23	0.51204	0.04039	26	0.09508	0.03321
 1744228	44250171	chip1	51	0.97998	0.01394	4	0.512	0.02956	2	0.092	0.03677
 1670499	44287559	chip1	4	0.953	0.02552	30	0.5145	0.03987	23	0.04209	0.00867
 1670619	44287817	chip1	10	0.9154	0.02979	29	0.52631	0.0394	18	0.08517	0.03389
 1672011	44288816	chip1	16	0.92112	0.02555	28	0.49521	0.07059	10	0.0776	0.03238
 1672183	44290254	chip1	46	0.979	0.01772	9	0.53078	0.06791	0	NA	NA
 1675875	44301130	chip1	0	NA	NA	9	0.50178	0.06069	48	0.02912	0.02643
 1677507	44303830	chip1	47	0.95913	0.03236	9	0.53878	0.05956	0	NA	NA
 1668382	44400710	chip2	9	0.98211	0.0147	24	0.51963	0.01607	24	0.03692	0.02205
 1703237	44413466	chip2	11	0.99855	0.00388	31	0.50865	0.04933	15	0.001	0.00387
 1671219	44416281	chip1	4	0.9455	0.02864	14	0.54893	0.05189	38	0.05587	0.02815
 1671447	44417456	chip1	26	0.95662	0.04281	23	0.49474	0.06624	6	0.03083	0.01447
 1732269	44419443	chip2	16	0.95737	0.02003	29	0.47514	0.03068	12	0.05167	0.0297
 1759029	44485578	chip2	45	0.95582	0.04251	5	0.5698	0.10651	1	0	NA
 1715456	44492811	chip1	3	0.985	0.01249	17	0.54265	0.03256	37	0.03822	0.02263
 1715568	44492908	chip1	2	0.96	0.02546	15	0.50147	0.04208	40	0.03485	0.02229
 1657055	44511673	chip2	4	0.979	0.01699	12	0.588	0.01717	41	0.01434	0.01579
 1726205	44536492	chip1	2	0.9405	0.05303	12	0.52875	0.03466	42	0.08843	0.02247
 1672840	44543765	chip2	2	0.7455	0.18031	7	0.52014	0.10224	42	0.12321	0.11218
 1729841	44556673	chip1	43	0.96951	0.01782	11	0.47964	0.03481	2	0.119	0.14284
 1733124	44575545	chip2	5	0.9142	0.02531	10	0.501	0.03288	42	0.05176	0.0168
 1655214	44582854	chip1	43	0.98135	0.01735	13	0.51892	0.04228	1	0	NA
 1657100	44593015	chip1	42	0.97448	0.02168	12	0.47992	0.05376	3	0.03633	0.02757
 1657274	44593368	chip1	4	0.91625	0.02668	20	0.5179	0.03758	33	0.05906	0.01776
 1657670	45250436	chip2	25	0.93192	0.04396	17	0.47382	0.06779	4	0.04875	0.02564
 1703431	45289960	chip2	47	0.92534	0.03686	10	0.4372	0.0417	0	NA	NA
 1720273	45585337	chip2	43	0.97484	0.02233	13	0.49577	0.05103	1	0.005	NA
 1712950	45643433	chip1	4	0.9395	0.03899	25	0.47032	0.07264	26	0.038	0.0244
 1670612	45657701	chip2	39	0.96454	0.0218	17	0.50671	0.06482	0	NA	NA
 1718505	45676443	chip2	49	0.91447	0.06345	8	0.467	0.0633	0	NA	NA
 1668523	45720422	chip1	47	0.97136	0.01666	10	0.5006	0.03019	0	NA	NA
 1722759	45791152	chip1	25	0.93176	0.04241	22	0.46486	0.08625	10	0.0383	0.05311
 1674686	45881731	chip1	5	0.907	0.03292	26	0.45862	0.06073	26	0.04596	0.01692
 1675989	45882028	chip1	26	0.96204	0.02376	25	0.52676	0.03552	5	0.0576	0.02995
 1664631	45983000	chip1	7	0.89686	0.01665	33	0.49527	0.03467	17	0.02529	0.01639
 1737233	45988100	chip2	57	0.90304	0.04598	0	NA	NA	0	NA	NA
 1713895	46033388	chip1	57	0.94305	0.04668	0	NA	NA	0	NA	NA
 1653297	46111404	chip1	11	1	0	28	0.49593	0.08361	18	0.01889	0.02192
 1653407	46111442	chip1	40	0.98162	0.0135	15	0.50187	0.03412	2	0.0155	0.00495
 1653497	46111582	chip1	19	0.99868	0.00275	27	0.49544	0.05087	8	0.047	0.02511
 1709332	46193217	chip1	57	0.97847	0.01124	0	NA	NA	0	NA	NA
 1713168	46211471	chip1	57	0.93647	0.02179	0	NA	NA	0	NA	NA
 1714942	46215076	chip1	3	0.93867	0.01662	28	0.48739	0.0372	26	0.01615	0.00851
 1643959	46243428	chip1	9	0.89411	0.02819	26	0.47846	0.02803	22	0.06082	0.01507
 1668908	46319092	chip1	25	0.96244	0.01683	29	0.51714	0.04332	3	0.006	0.01039
 1662759	46450326	chip1	0	NA	NA	0	NA	NA	57	0.09786	0.04322
 1667763	46460049	chip1	0	NA	NA	1	0.498	NA	56	0.00046	0.00204
 1713252	46502674	chip1	22	0.96941	0.01577	25	0.4692	0.04264	10	0.0625	0.01148
 1718751	46511252	chip2	38	0.89595	0.03842	17	0.47129	0.0342	2	0.0725	0.00495
 1663740	46569391	chip2	0	NA	NA	8	0.48113	0.0191	49	0.04702	0.02151
 1722134	46595929	chip2	7	0.97986	0.01318	21	0.47943	0.03109	29	0.03569	0.01836
 1683746	46609605	chip2	48	0.967	0.02944	8	0.47887	0.03191	1	0.029	NA
 1723798	46610226	chip2	49	0.92982	0.0421	7	0.48414	0.02484	1	0.033	NA
 1699059	46613506	chip2	1	0.963	NA	8	0.50162	0.03331	48	0.06954	0.02418
 1718841	46614607	chip2	1	0.965	NA	7	0.47086	0.03674	49	0.09506	0.03564
 1706910	46625415	chip1	0	NA	NA	1	0.422	NA	56	0.00961	0.01348
 1728979	46627384	chip2	2	0.9675	0.01202	14	0.54171	0.04685	40	0.00265	0.01116
 1710843	46639423	chip1	57	0.86381	0.02805	0	NA	NA	0	NA	NA
 1657627	46720490	chip1	17	0.98529	0.01631	33	0.51709	0.04111	7	0.005	0.01082
 1705992	46772088	chip1	57	0.97065	0.02247	0	NA	NA	0	NA	NA
 1706224	46773410	chip1	0	NA	NA	14	0.49986	0.02047	43	0.08481	0.02964
 1644369	46835938	chip1	20	0.9724	0.02562	26	0.51723	0.05234	11	0.03055	0.01603
 1646473	46842676	chip1	40	0.889	0.03732	16	0.451	0.06322	0	NA	NA
 1689756	46868963	chip1	37	0.93095	0.01744	18	0.44817	0.0349	2	0.1055	0.01909
 1742163	46949920	chip2	26	0.93715	0.0278	24	0.53863	0.02372	7	0.07129	0.01257
 1646326	47008803	chip2	57	0.87654	0.05765	0	NA	NA	0	NA	NA
 1736665	47046698	chip2	2	0.9755	0.03465	17	0.53206	0.03779	38	0.03068	0.02747
 1694719	47047245	chip2	0	NA	NA	2	0.5225	0.00495	55	0.01311	0.01424
 1722779	47186149	chip1	1	0.973	NA	16	0.54144	0.0448	40	0.03895	0.02779
 1723011	47186741	chip1	40	0.98775	0.0096	16	0.50356	0.07096	1	0.013	NA
 1724237	47187015	chip1	40	0.95437	0.01903	16	0.49431	0.05094	1	0.073	NA
 1724351	47187524	chip1	1	0.899	NA	16	0.49494	0.03029	40	0.11618	0.04389
 1724483	47187576	chip1	40	0.90938	0.03004	16	0.46256	0.05012	1	0.145	NA
 1750143	47201283	chip2	30	0.94417	0.02949	23	0.47852	0.02704	4	0.0445	0.01109
 1697993	47256280	chip2	1	0.848	NA	20	0.496	0.05351	36	0.02486	0.02362
 1686702	47270978	chip2	27	0.96211	0.01855	23	0.53083	0.04025	6	0.00833	0.01048
 1650900	47337591	chip2	53	0.86487	0.03558	4	0.498	0.02899	0	NA	NA
 1682026	47337756	chip2	32	0.97953	0.02584	21	0.49886	0.02974	4	0.0095	0.01103
 1736787	47456129	chip2	3	0.91133	0.05123	13	0.49131	0.03242	41	0.02802	0.018
 1662969	47565017	chip1	16	0.93744	0.01778	34	0.52015	0.03328	7	0.02871	0.03153
 1663161	47565552	chip1	14	0.9485	0.04028	33	0.469	0.02401	10	0.0297	0.01014
 1666469	47574067	chip1	0	NA	NA	0	NA	NA	57	0.01812	0.01049
 1704030	47760593	chip1	48	0.92263	0.02516	9	0.537	0.0273	0	NA	NA
 1671182	47830403	chip2	9	0.99067	0.01107	29	0.48448	0.01592	19	0.01558	0.01664
 1758612	47830859	chip2	0	NA	NA	10	0.4998	0.01976	47	0.13804	0.04562
 1696109	47847801	chip1	57	0.97488	0.0075	0	NA	NA	0	NA	NA
 1697922	47849529	chip1	57	0.94851	0.03209	0	NA	NA	0	NA	NA
 1699920	47854671	chip1	37	0.95184	0.03455	18	0.46383	0.05635	2	0.09	0.0297
 1652506	47893894	chip2	55	0.87731	0.02555	0	NA	NA	0	NA	NA
 1679476	47904448	chip2	6	0.98933	0.00833	28	0.52161	0.03416	23	0.03048	0.01406
 1681253	47913657	chip1	3	0.971	0.00954	13	0.50954	0.03786	41	0.01078	0.00722
 1686765	47928225	chip1	37	0.97935	0.014	20	0.4677	0.03661	0	NA	NA
 1749168	47980260	chip1	38	0.92782	0.0529	13	0.45692	0.05055	5	0.1034	0.03036
 1697991	47996263	chip2	13	0.93823	0.01614	26	0.51519	0.01768	18	0.08983	0.04594
 1664084	47999013	chip2	12	0.97483	0.01987	22	0.52423	0.05849	23	0.02952	0.02273
 1684788	47999144	chip2	0	NA	NA	7	0.54214	0.02711	50	0.02802	0.02255
 1708002	47999394	chip2	12	0.97183	0.02382	22	0.48455	0.04942	20	0.09075	0.04673
 1729162	48069777	chip2	6	0.95017	0.03175	28	0.51886	0.02537	23	0.02174	0.01042
 1722344	48069909	chip2	32	0.95384	0.02111	21	0.48843	0.02537	4	0.043	0.01206
 1659784	48070584	chip2	23	0.96278	0.03055	28	0.50964	0.03687	6	0.044	0.02153
 1661844	48071459	chip2	37	0.93535	0.02487	19	0.49647	0.02949	1	0.066	NA
 1693764	48114679	chip1	0	NA	NA	0	NA	NA	57	0.03312	0.01645
 1693890	48114794	chip1	7	0.90843	0.01793	27	0.53659	0.0306	23	0.01913	0.01628
 1695394	48115070	chip1	0	NA	NA	4	0.5745	0.03255	53	0.04685	0.03593
 1719133	48118077	chip2	2	0.9595	0.00919	9	0.49522	0.0591	46	0.02441	0.01895
 1684852	48118190	chip2	37	0.97605	0.02694	16	0.4835	0.06147	3	0.12767	0.02969
 1688737	48313502	chip1	9	0.99167	0.01251	24	0.47617	0.0327	24	0.02738	0.01604
 1690248	48313749	chip1	0	NA	NA	2	0.5215	0.00495	55	0.05933	0.0326
 1690370	48313892	chip1	0	NA	NA	0	NA	NA	57	0.03572	0.02563
 1690702	48314173	chip1	53	0.89057	0.02666	4	0.48875	0.02886	0	NA	NA
 1691981	48314526	chip1	47	0.90043	0.03304	10	0.464	0.03648	0	NA	NA
 1692099	48314593	chip1	45	0.93238	0.0177	12	0.44925	0.0397	0	NA	NA
 1726747	48481817	chip1	45	0.96896	0.02658	10	0.48	0.03619	0	NA	NA
 1726963	48482509	chip1	1	0.972	NA	11	0.50082	0.04933	45	0.0324	0.01298
 1728292	48482917	chip1	4	1	0	26	0.49669	0.04036	27	0.00252	0.00454
 1732096	48538572	chip1	46	0.96072	0.03686	8	0.50938	0.06416	0	NA	NA
 1651039	48667921	chip1	0	NA	NA	21	0.52919	0.04774	34	0.01262	0.02284
 1651281	48668990	chip1	0	NA	NA	9	0.49989	0.03102	45	0.04544	0.03072
 1704908	48874725	chip1	27	0.97226	0.01737	25	0.49916	0.04004	5	0.0378	0.01758
 1746738	48898863	chip1	42	0.9781	0.05029	12	0.4975	0.04935	1	0.042	NA
 1748348	48899534	chip1	14	0.90243	0.03995	29	0.481	0.04271	9	0.13989	0.0278
 1710085	49023156	chip2	8	0.96787	0.01597	26	0.49992	0.03564	23	0.02926	0.01726
