Probe_set	Phy_position	Chiptype	num_AA	mean_AA	std_AA	num_AB	mean_AB	std_AB	num_BB	mean_BB	std_BB
SNP_A-1691210	341341	chip2	0	NA	NA	0	NA	NA	45	0.21673	0.09341
SNP_A-1657667	1888178	chip1	43	0.92077	0.02113	12	0.52833	0.04013	2	0.0625	0.01061
SNP_A-1715362	2071154	chip1	0	NA	NA	3	0.53333	0.02173	53	0.19945	0.04123
SNP_A-1705593	2190966	chip2	0	NA	NA	3	0.49267	0.03281	54	0.02361	0.01669
SNP_A-1701380	2705548	chip1	30	0.9376	0.03381	26	0.50669	0.05515	1	0.131	NA
SNP_A-1702852	2705840	chip1	57	0.99405	0.01038	0	NA	NA	0	NA	NA
SNP_A-1721414	3540074	chip1	1	0.95	NA	12	0.54092	0.0318	44	0.00514	0.00872
SNP_A-1676844	4091563	chip2	14	0.92429	0.03503	30	0.48753	0.04869	12	0.03183	0.02789
SNP_A-1757880	4092209	chip2	12	0.96033	0.01825	29	0.49686	0.02173	16	0.03431	0.03025
SNP_A-1720032	4367411	chip1	0	NA	NA	16	0.47669	0.05276	38	0.08229	0.05375
SNP_A-1727605	4990135	chip2	0	NA	NA	12	0.50017	0.04432	45	0.04584	0.03308
SNP_A-1690484	5186958	chip1	53	0.94008	0.0328	4	0.43775	0.00881	0	NA	NA
SNP_A-1690608	5187166	chip1	28	0.98611	0.01452	27	0.50348	0.03854	2	0.008	0.01131
SNP_A-1697936	5259347	chip1	0	NA	NA	4	0.45025	0.02156	53	0.01166	0.00543
SNP_A-1758880	5374643	chip2	11	0.96955	0.01861	30	0.53047	0.03262	16	0.01944	0.01456
SNP_A-1725387	5560257	chip1	24	0.99367	0.00795	26	0.50746	0.04828	7	0.00357	0.00431
SNP_A-1727534	5576802	chip1	10	0.9324	0.02578	22	0.50409	0.02614	25	0.09376	0.02575
SNP_A-1652775	5622821	chip1	35	0.95991	0.03011	19	0.50589	0.06092	2	0.139	0.03111
SNP_A-1752051	5913530	chip2	6	0.87917	0.01662	20	0.4755	0.02286	31	0.07926	0.02315
SNP_A-1727040	6010840	chip2	0	NA	NA	1	0.423	NA	56	0.02202	0.02606
SNP_A-1662532	6109492	chip2	51	0.92749	0.03405	5	0.4972	0.01784	1	0.052	NA
SNP_A-1749438	6189414	chip1	2	0.971	0.02687	20	0.5024	0.02835	35	0.04077	0.02035
SNP_A-1745101	6503386	chip2	26	0.93085	0.09136	17	0.48965	0.15915	9	0.01433	0.0377
SNP_A-1679968	6633953	chip2	6	0.99917	0.00204	25	0.48196	0.02274	26	0.03054	0.01339
SNP_A-1676578	6635197	chip2	1	0.922	NA	7	0.509	0.02408	49	0.00645	0.01043
SNP_A-1712387	6636304	chip2	24	0.93763	0.02475	20	0.4813	0.04216	12	0.017	0.01684
SNP_A-1723549	6693864	chip1	17	0.93635	0.03803	25	0.52196	0.03612	15	0.05813	0.01558
SNP_A-1729226	6779040	chip2	14	0.92079	0.04084	27	0.51315	0.03863	10	0.0461	0.04497
SNP_A-1647978	6859557	chip2	38	0.99084	0.0144	17	0.42676	0.03271	2	0.0135	0.00919
SNP_A-1642547	6909134	chip2	6	0.99267	0.01031	24	0.50892	0.0396	27	0.01859	0.01806
SNP_A-1653105	6912182	chip1	34	0.93359	0.01597	19	0.53358	0.02774	4	0.08025	0.02778
SNP_A-1692021	7133963	chip1	22	0.95145	0.01262	29	0.50297	0.02798	6	0.035	0.01119
SNP_A-1743419	7403288	chip2	13	0.94562	0.02983	28	0.48693	0.02937	16	0.03056	0.00597
SNP_A-1695988	7687435	chip1	48	0.97533	0.01967	9	0.498	0.0415	0	NA	NA
SNP_A-1719545	8214446	chip2	0	NA	NA	8	0.48575	0.04262	49	0.01786	0.02298
SNP_A-1687507	8782486	chip1	6	0.92767	0.03141	22	0.501	0.02429	27	0.07378	0.0263
SNP_A-1753028	9240628	chip1	45	0.94362	0.0384	12	0.51317	0.03762	0	NA	NA
SNP_A-1644359	9335633	chip1	56	0.96484	0.01624	1	0.538	NA	0	NA	NA
SNP_A-1683967	9349461	chip1	13	0.97062	0.02767	32	0.51659	0.04588	11	0.03218	0.026
SNP_A-1689656	9369228	chip1	19	0.98853	0.01563	30	0.46317	0.03971	7	0.01486	0.01897
SNP_A-1742917	9464695	chip2	1	0.976	NA	9	0.48256	0.04303	47	0.03672	0.02166
SNP_A-1678216	9464751	chip2	47	0.97013	0.0199	9	0.54522	0.03616	1	0.005	NA
SNP_A-1741797	9660655	chip2	0	NA	NA	23	0.51826	0.01927	34	0.00576	0.01088
SNP_A-1643383	9661290	chip2	52	0.97329	0.01759	4	0.5005	0.01626	0	NA	NA
SNP_A-1750892	9666692	chip1	51	0.99686	0.00473	6	0.47567	0.02794	0	NA	NA
SNP_A-1669127	11088554	chip2	3	0.935	0.0692	7	0.48714	0.07765	43	0.0316	0.02973
SNP_A-1744043	11088602	chip2	20	0.90105	0.10225	20	0.51945	0.1033	13	0.23269	0.10173
SNP_A-1684761	11295505	chip1	50	0.91612	0.04688	7	0.50143	0.06318	0	NA	NA
SNP_A-1679808	11658252	chip2	0	NA	NA	12	0.526	0.05307	45	0.04318	0.02977
SNP_A-1730831	11658308	chip2	45	0.99622	0.0097	12	0.45083	0.03263	0	NA	NA
SNP_A-1731584	11730080	chip1	55	0.9894	0.01072	2	0.453	0.01556	0	NA	NA
SNP_A-1662079	11769397	chip1	44	0.95623	0.03005	12	0.48725	0.0705	1	0.009	NA
SNP_A-1733247	12158369	chip1	2	0.989	0.00566	12	0.512	0.02746	43	0.02372	0.02056
SNP_A-1743078	12322072	chip1	0	NA	NA	0	NA	NA	57	0.0603	0.01679
SNP_A-1716183	13425865	chip2	33	0.90524	0.04711	21	0.49643	0.06859	1	0.148	NA
SNP_A-1655367	13445855	chip2	35	0.99666	0.00626	22	0.46791	0.04213	0	NA	NA
SNP_A-1671617	14490150	chip1	26	0.98365	0.02081	23	0.49143	0.05245	5	0.0366	0.03524
SNP_A-1673235	14510264	chip1	57	0.97298	0.02534	0	NA	NA	0	NA	NA
SNP_A-1738114	14603924	chip2	45	0.92993	0.01754	12	0.46708	0.01957	0	NA	NA
SNP_A-1648830	14604003	chip2	20	0.97055	0.01517	31	0.5139	0.02603	6	0.0795	0.01684
SNP_A-1664712	14604245	chip2	9	0.93344	0.04021	33	0.49488	0.02719	15	0.00967	0.01581
SNP_A-1704341	14801001	chip2	28	0.98575	0.00878	27	0.53189	0.03074	2	0.007	0
SNP_A-1695541	14886268	chip2	12	0.93533	0.05661	21	0.48276	0.03377	22	0.05941	0.02925
SNP_A-1652199	14900519	chip1	10	0.9866	0.02191	33	0.48391	0.0519	14	0.04164	0.01974
SNP_A-1652323	14900616	chip1	4	0.9115	0.00619	25	0.50396	0.03996	28	0.06179	0.00955
SNP_A-1683610	15020981	chip2	41	0.95761	0.02296	13	0.48715	0.0283	3	0.00967	0.00586
SNP_A-1679762	15035585	chip2	56	0.97393	0.01969	1	0.518	NA	0	NA	NA
SNP_A-1656048	15579349	chip1	4	0.89525	0.02901	18	0.44683	0.02402	35	0.06726	0.01649
SNP_A-1666083	15604035	chip1	31	0.944	0.03763	20	0.51825	0.0663	6	0.12833	0.02835
SNP_A-1750747	15627419	chip2	8	0.9435	0.03457	19	0.43358	0.04342	29	0.03166	0.01644
SNP_A-1718899	15627470	chip2	14	0.94407	0.0383	24	0.48179	0.03451	19	0.06811	0.03462
SNP_A-1690537	15685071	chip2	51	0.9628	0.02691	6	0.49867	0.0686	0	NA	NA
SNP_A-1655162	15712143	chip1	4	0.8425	0.05002	29	0.46545	0.03971	24	0.049	0.03592
SNP_A-1655272	15712229	chip1	4	0.93475	0.01664	29	0.4949	0.05973	24	0.02808	0.0254
SNP_A-1655388	15712261	chip1	32	0.98513	0.02394	24	0.48417	0.04378	0	NA	NA
SNP_A-1738142	15720629	chip2	23	0.93691	0.03062	28	0.49004	0.01367	6	0.06267	0.01097
SNP_A-1706177	15720712	chip2	6	0.962	0.02068	28	0.46943	0.01861	23	0.06278	0.02359
SNP_A-1707107	15771308	chip2	2	0.9525	0.05303	16	0.44162	0.04296	39	0.05067	0.02511
SNP_A-1680722	15858564	chip2	20	0.9628	0.01205	23	0.53596	0.0189	14	0.03086	0.02001
SNP_A-1743997	15883000	chip2	16	0.91087	0.01781	24	0.52283	0.01283	17	0.08888	0.02957
SNP_A-1738306	15912902	chip2	37	0.93911	0.02699	18	0.49017	0.02004	2	0.06	0.01838
SNP_A-1751538	15919348	chip1	45	0.93278	0.02467	10	0.4935	0.02342	2	0.113	0.0297
SNP_A-1751724	15919803	chip1	2	0.9605	0.02051	18	0.50839	0.03507	37	0.00449	0.00667
SNP_A-1691657	16012223	chip1	8	0.96988	0.03762	25	0.50336	0.04728	23	0.05239	0.01694
SNP_A-1652402	16194998	chip2	0	NA	NA	2	0.539	0.0099	55	0.08929	0.04444
SNP_A-1666632	16213403	chip2	2	0.9455	0.00495	25	0.48588	0.01339	30	0.07773	0.02603
SNP_A-1706811	16317260	chip2	31	0.93277	0.02374	22	0.55723	0.02322	4	0.019	0.01857
SNP_A-1723600	16332871	chip2	27	0.95081	0.02661	24	0.50129	0.01787	4	0.06025	0.01387
SNP_A-1723935	16371279	chip1	54	0.89941	0.02684	2	0.499	0.02828	1	0.1	NA
SNP_A-1730892	16436298	chip1	56	0.99138	0.01201	1	0.45	NA	0	NA	NA
SNP_A-1670724	16452464	chip2	5	0.952	0.03899	22	0.47918	0.05817	30	0.02873	0.02089
SNP_A-1737347	16473011	chip2	26	0.94262	0.05578	24	0.54075	0.08299	4	0.13925	0.07155
SNP_A-1666484	16489850	chip2	30	0.95523	0.02354	24	0.48483	0.02954	3	0.015	0.00557
SNP_A-1674108	16560813	chip2	16	0.90425	0.0348	31	0.50419	0.05238	10	0.0079	0.01595
SNP_A-1685754	16561051	chip2	11	0.92618	0.04335	27	0.47515	0.03567	19	0.10205	0.03871
SNP_A-1720055	17528970	chip2	44	0.93525	0.03603	9	0.43656	0.02581	1	0.03	NA
SNP_A-1666594	17725452	chip2	51	0.98561	0.0126	6	0.4725	0.02502	0	NA	NA
SNP_A-1719780	18643377	chip1	19	0.91416	0.04009	32	0.49203	0.0367	6	0.13083	0.02461
SNP_A-1752909	19380568	chip2	0	NA	NA	0	NA	NA	57	0.02879	0.01894
SNP_A-1683302	19428248	chip2	6	0.9585	0.01922	28	0.4695	0.01947	23	0.06126	0.01537
SNP_A-1748399	19584215	chip2	1	0.959	NA	7	0.52243	0.04807	47	0.04577	0.04846
SNP_A-1645327	19682367	chip1	36	0.97997	0.02684	18	0.50328	0.04381	3	0.06	0.05469
SNP_A-1685813	19987398	chip1	0	NA	NA	1	0.429	NA	56	0.02966	0.01353
SNP_A-1663486	20070589	chip2	55	0.94836	0.01919	2	0.4595	0.03465	0	NA	NA
SNP_A-1669441	20152263	chip2	8	0.94188	0.0199	14	0.51543	0.04334	35	0.08163	0.03195
SNP_A-1647219	20195097	chip1	37	0.88908	0.02469	19	0.50121	0.10173	0	NA	NA
SNP_A-1652213	20282246	chip1	0	NA	NA	0	NA	NA	57	0.00728	0.00661
SNP_A-1670177	20287003	chip2	34	0.93582	0.03628	20	0.49475	0.01615	3	0.10733	0.04388
SNP_A-1679882	20533429	chip2	19	0.94163	0.03271	27	0.50378	0.03421	11	0.05627	0.04195
SNP_A-1667910	20582566	chip2	47	0.91843	0.03385	8	0.46325	0.04045	2	0.0215	0.01344
SNP_A-1646257	20592745	chip1	47	0.96643	0.02449	8	0.46987	0.02243	1	0.055	NA
SNP_A-1743656	20748902	chip1	38	0.97508	0.01529	17	0.50218	0.03603	2	0.1525	0.01626
SNP_A-1720147	20914290	chip2	5	0.9704	0.02192	13	0.50031	0.03742	39	0.03749	0.02976
SNP_A-1734397	20949730	chip1	3	0.919	0.017	19	0.51753	0.02661	35	0.08997	0.02633
SNP_A-1734517	20949974	chip1	14	0.959	0.01511	23	0.49913	0.03455	20	0.03615	0.01287
SNP_A-1658576	20961394	chip2	57	0.97726	0.01883	0	NA	NA	0	NA	NA
SNP_A-1682030	21223021	chip2	0	NA	NA	2	0.533	0.0693	55	0.01749	0.01704
SNP_A-1722870	21497820	chip2	3	0.88933	0.04038	17	0.51547	0.02363	37	0.04511	0.02323
SNP_A-1754959	21633219	chip1	1	0.864	NA	9	0.53244	0.09776	47	0.02555	0.02119
SNP_A-1683288	21847999	chip2	43	0.99735	0.0058	13	0.46392	0.02425	1	0.043	NA
SNP_A-1690626	21948425	chip1	0	NA	NA	28	0.49304	0.06568	29	0.1669	0.05012
SNP_A-1694457	21977650	chip2	19	0.89142	0.04719	38	0.49413	0.09064	0	NA	NA
SNP_A-1698915	22007281	chip2	30	0.9892	0.01411	24	0.49375	0.02683	3	0.09633	0.03201
SNP_A-1727611	22007807	chip2	2	0.914	0.08061	26	0.51977	0.04696	29	0.06869	0.02783
SNP_A-1745803	22044663	chip1	2	0.9825	0.01909	12	0.45017	0.05574	43	0.01993	0.01719
SNP_A-1668563	22064583	chip1	15	0.9806	0.01283	33	0.48252	0.04694	9	0.03811	0.01419
SNP_A-1693577	22097926	chip2	57	0.95223	0.01876	0	NA	NA	0	NA	NA
SNP_A-1645838	22111849	chip2	16	0.89069	0.06578	19	0.47689	0.06675	8	0.043	0.07795
SNP_A-1710822	22119329	chip2	0	NA	NA	47	0.51962	0.15839	8	0.05625	0.02226
SNP_A-1725705	22427388	chip1	8	0.89338	0.02925	28	0.49607	0.0399	21	0.09662	0.04166
SNP_A-1730632	22461475	chip1	13	0.96569	0.02442	24	0.52996	0.04748	20	0.0068	0.00814
SNP_A-1705547	22475916	chip2	57	0.98735	0.01095	0	NA	NA	0	NA	NA
SNP_A-1742998	22477588	chip1	1	0.879	NA	6	0.43583	0.03497	50	0.02678	0.01941
SNP_A-1754532	22527304	chip2	0	NA	NA	0	NA	NA	57	0.02602	0.01393
SNP_A-1696188	22528358	chip2	0	NA	NA	0	NA	NA	57	0.01014	0.01675
SNP_A-1646022	22533197	chip2	53	0.97892	0.01936	4	0.5105	0.02664	0	NA	NA
SNP_A-1758114	22533355	chip2	53	0.97023	0.01584	4	0.51875	0.01607	0	NA	NA
SNP_A-1709199	22533515	chip2	1	0.981	NA	5	0.5308	0.03394	51	0.03853	0.02561
SNP_A-1758713	22534304	chip2	53	0.96942	0.02951	3	0.56167	0.04805	0	NA	NA
SNP_A-1744005	22534698	chip2	53	0.93462	0.04716	4	0.51425	0.02169	0	NA	NA
SNP_A-1681005	22541300	chip1	57	0.98742	0.00846	0	NA	NA	0	NA	NA
SNP_A-1681117	22541318	chip1	55	0.96778	0.02318	1	0.401	NA	1	0.073	NA
SNP_A-1686185	22565844	chip1	0	NA	NA	6	0.54683	0.04355	51	0.01265	0.01533
SNP_A-1687841	22570023	chip1	52	0.97356	0.01747	5	0.4644	0.02443	0	NA	NA
SNP_A-1689806	22575060	chip1	0	NA	NA	1	0.512	NA	56	0.13707	0.05186
SNP_A-1673381	22665207	chip1	0	NA	NA	1	0.412	NA	56	0.05204	0.01732
SNP_A-1734373	22799189	chip1	1	1	NA	12	0.51833	0.04645	44	0.0392	0.02337
SNP_A-1734549	22799478	chip1	25	0.98104	0.015	26	0.53835	0.05184	6	0.003	0.00687
SNP_A-1734707	22799865	chip1	25	0.90212	0.01837	26	0.51277	0.02848	6	0.1325	0.03303
SNP_A-1734823	22799942	chip1	2	0.984	0.00707	19	0.48116	0.02529	36	0.02092	0.00773
SNP_A-1741274	22881156	chip1	0	NA	NA	2	0.4155	0.03182	53	0.18836	0.04478
SNP_A-1741386	22881436	chip1	35	0.97691	0.02039	19	0.52537	0.05372	3	0.00467	0.00503
SNP_A-1742984	22887073	chip1	2	0.9315	0.00495	18	0.50356	0.0512	37	0.10211	0.04291
SNP_A-1743176	22888187	chip1	32	0.92444	0.01615	18	0.50511	0.03309	3	0.12033	0.02542
SNP_A-1679813	22945590	chip1	25	0.9574	0.01693	27	0.52304	0.03548	5	0.1024	0.02003
SNP_A-1646064	22968111	chip2	51	0.87312	0.04416	6	0.45983	0.02368	0	NA	NA
SNP_A-1726039	23278621	chip1	2	0.9225	0.02899	21	0.55148	0.04426	34	0.01791	0.01785
SNP_A-1726193	23279090	chip1	0	NA	NA	0	NA	NA	57	0.04786	0.02856
SNP_A-1734538	23286841	chip2	54	0.9518	0.02155	3	0.52233	0.0206	0	NA	NA
SNP_A-1653513	23303058	chip1	53	0.95751	0.04016	1	0.559	NA	0	NA	NA
SNP_A-1655566	23308886	chip1	34	0.95415	0.03753	15	0.51687	0.03562	2	0.0635	0.00354
SNP_A-1662145	23354569	chip1	0	NA	NA	3	0.483	0.04729	54	0.04756	0.01841
SNP_A-1729902	23432635	chip2	1	0.669	NA	4	0.5875	0.09176	37	0.10097	0.08823
SNP_A-1682581	23715789	chip1	0	NA	NA	5	0.4978	0.0346	52	0.05473	0.02018
SNP_A-1648482	23837692	chip2	0	NA	NA	5	0.5496	0.01031	52	0.02469	0.02595
SNP_A-1736537	23839200	chip2	6	0.86967	0.0185	27	0.51019	0.02467	23	0.12709	0.04353
SNP_A-1731512	23846921	chip1	43	0.99326	0.00709	12	0.52192	0.03721	0	NA	NA
SNP_A-1653046	23871401	chip2	0	NA	NA	4	0.48075	0.0209	53	0.00013	0.00073
SNP_A-1667839	23966918	chip1	57	0.97972	0.01613	0	NA	NA	0	NA	NA
SNP_A-1723130	24132342	chip2	2	0.9385	0.02051	14	0.46943	0.01862	41	0.03924	0.0173
SNP_A-1722447	24137864	chip1	0	NA	NA	11	0.49955	0.02153	46	0.06428	0.04102
SNP_A-1723783	24138372	chip1	7	0.97557	0.01658	32	0.44806	0.0564	17	0.10365	0.03567
SNP_A-1725681	24148100	chip1	2	0.865	0.02687	13	0.50123	0.02384	42	0.10564	0.04824
SNP_A-1725781	24148147	chip1	7	0.97457	0.01157	34	0.45888	0.03045	16	0.04519	0.01706
SNP_A-1671448	24164001	chip2	0	NA	NA	12	0.511	0.03086	45	0.0384	0.02397
SNP_A-1744595	24164050	chip2	3	0.973	0.01572	13	0.50985	0.08049	41	0.01602	0.01557
SNP_A-1654926	24194887	chip1	0	NA	NA	13	0.51931	0.09484	43	0.00649	0.01215
SNP_A-1719368	32615675	chip1	0	NA	NA	18	0.50361	0.10779	39	0.09231	0.03307
SNP_A-1723541	32693527	chip1	40	0.93293	0.0241	17	0.45353	0.03258	0	NA	NA
SNP_A-1646861	32715604	chip1	52	0.97208	0.01837	5	0.466	0.02593	0	NA	NA
SNP_A-1650583	32787652	chip1	0	NA	NA	17	0.525	0.04007	40	6e-04	0.0028
SNP_A-1709633	32842516	chip2	0	NA	NA	17	0.51018	0.07568	40	0.06122	0.05888
SNP_A-1716644	33008112	chip1	0	NA	NA	4	0.47925	0.07985	53	0.02575	0.02247
SNP_A-1738189	33056517	chip1	40	0.9386	0.02298	16	0.47813	0.02575	0	NA	NA
SNP_A-1738307	33056542	chip1	0	NA	NA	1	0.463	NA	56	0.06511	0.01901
SNP_A-1719977	33079622	chip2	1	0.927	NA	14	0.53307	0.0632	41	0.0851	0.03984
SNP_A-1744205	33080969	chip2	54	0.80907	0.03651	3	0.46867	0.06401	0	NA	NA
SNP_A-1669238	33102850	chip1	43	0.98551	0.00782	13	0.51046	0.04329	1	0.045	NA
SNP_A-1669470	33103335	chip1	1	0.985	NA	13	0.49062	0.03581	43	0.0863	0.03983
SNP_A-1670679	33103370	chip1	42	0.82467	0.03193	13	0.48831	0.03167	2	0.132	0.00424
SNP_A-1670791	33103464	chip1	17	0.98753	0.00802	32	0.54769	0.03932	8	0.02363	0.00863
SNP_A-1670987	33104223	chip1	0	NA	NA	4	0.5185	0.03027	53	0.04651	0.02082
SNP_A-1716507	33125194	chip2	53	0.91462	0.03342	4	0.467	0.02787	0	NA	NA
SNP_A-1684300	33155427	chip2	0	NA	NA	31	0.50626	0.04902	20	0.11975	0.04067
SNP_A-1752089	33171310	chip2	3	0.976	0.02179	12	0.506	0.0744	38	0.01545	0.01903
SNP_A-1716263	33171613	chip2	47	0.95123	0.02534	9	0.53656	0.01766	1	0.001	NA
SNP_A-1754186	33176984	chip2	30	0.9941	0.01052	21	0.45524	0.01719	6	0.01817	0.01146
SNP_A-1659194	33183715	chip2	12	0.98867	0.01025	20	0.4934	0.0372	23	0.03022	0.03041
SNP_A-1677662	33183796	chip2	56	0.95443	0.02013	1	0.484	NA	0	NA	NA
SNP_A-1647794	33184440	chip2	23	0.98035	0.01591	22	0.485	0.02669	12	0.05483	0.01246
SNP_A-1714048	33195577	chip2	0	NA	NA	38	0.47413	0.15048	18	0.01661	0.01395
SNP_A-1701071	33195886	chip2	18	0.93706	0.04453	24	0.51171	0.05415	14	0.04114	0.03453
SNP_A-1687862	33209953	chip2	26	0.91173	0.04556	23	0.52461	0.03195	8	0.04537	0.02072
SNP_A-1659715	33222516	chip1	12	0.9285	0.08923	23	0.50552	0.12368	17	0.02035	0.02985
SNP_A-1756551	33306533	chip2	38	0.99045	0.00693	14	0.49479	0.01558	5	0.004	0.00693
SNP_A-1728885	33307040	chip2	12	0.98525	0.01	25	0.52864	0.04018	20	0.0407	0.01828
SNP_A-1673589	33308700	chip1	12	0.96258	0.02153	25	0.49576	0.0469	20	0.02585	0.02314
SNP_A-1727884	33355863	chip1	45	0.86791	0.03479	12	0.50867	0.04492	0	NA	NA
SNP_A-1730065	33368561	chip1	1	1	NA	9	0.51611	0.04567	47	0.02404	0.02042
SNP_A-1712335	33393607	chip2	0	NA	NA	9	0.53233	0.02229	48	0.08852	0.0245
SNP_A-1711357	33484543	chip1	0	NA	NA	10	0.5074	0.04423	47	0.00115	0.00512
SNP_A-1711475	33484736	chip1	2	0.872	0.01697	3	0.51167	0.03786	52	0.06256	0.01424
SNP_A-1712846	33484875	chip1	0	NA	NA	10	0.5229	0.02339	47	0.16106	0.032
SNP_A-1646418	33488516	chip2	0	NA	NA	10	0.5164	0.02117	47	0.04991	0.0245
SNP_A-1651003	33528626	chip1	57	0.97272	0.00972	0	NA	NA	0	NA	NA
SNP_A-1651193	33528682	chip1	12	0.99683	0.00678	26	0.52338	0.02968	19	0.01442	0.02041
SNP_A-1707180	33633026	chip1	2	0.9025	0.01909	17	0.53671	0.04328	38	0.06297	0.01767
SNP_A-1712226	33651905	chip1	13	0.99592	0.00572	33	0.4993	0.03345	11	0.05855	0.01758
SNP_A-1648579	33743206	chip1	49	0.98359	0.01901	5	0.518	0.05106	1	0.031	NA
SNP_A-1649035	33759714	chip1	0	NA	NA	2	0.545	0.02687	55	0.03491	0.01242
SNP_A-1650774	33775624	chip2	30	0.94633	0.02453	23	0.46643	0.02139	4	0.02875	0.02513
SNP_A-1664775	33783434	chip1	3	0.963	0.00721	23	0.54661	0.06377	31	0.00832	0.01915
SNP_A-1758362	33798612	chip2	25	0.94876	0.01913	23	0.55361	0.03071	9	0.00911	0.02171
SNP_A-1673671	33888946	chip1	25	0.98692	0.01581	23	0.49078	0.0366	9	0.03567	0.02713
SNP_A-1726037	33969048	chip1	4	0.9095	0.04278	20	0.50845	0.02091	33	0.04485	0.01303
SNP_A-1663769	34012094	chip1	25	0.8386	0.11846	14	0.42407	0.11658	5	0.1382	0.09845
SNP_A-1667089	34016706	chip1	27	0.98022	0.01116	25	0.50672	0.04754	5	0.006	0.00735
SNP_A-1667237	34017196	chip1	5	0.976	0.01976	25	0.50684	0.05403	27	0.04993	0.02084
SNP_A-1667405	34017296	chip1	5	0.9882	0.01254	25	0.47908	0.05123	27	0.08093	0.03401
SNP_A-1669064	34017730	chip1	0	NA	NA	0	NA	NA	57	0.09928	0.032
SNP_A-1706650	34173851	chip1	42	0.98914	0.01542	9	0.53844	0.03638	2	0	0
SNP_A-1706774	34174837	chip1	0	NA	NA	8	0.49313	0.02569	49	0.05602	0.01742
SNP_A-1721273	34206067	chip2	2	0.955	0.0198	17	0.47159	0.03243	37	0.10684	0.0365
SNP_A-1682138	34217148	chip2	0	NA	NA	9	0.53278	0.07806	48	0.06496	0.02298
SNP_A-1717562	34248812	chip1	46	0.97067	0.02065	10	0.52	0.0547	1	0.006	NA
SNP_A-1646531	34279309	chip1	0	NA	NA	2	0.489	0.10889	55	0.00935	0.01059
SNP_A-1695074	34368614	chip1	9	0.87322	0.0304	27	0.49178	0.03263	21	0.07157	0.01424
SNP_A-1713189	34389747	chip2	27	0.95581	0.02817	25	0.48884	0.0312	5	0.0814	0.02673
SNP_A-1734270	34397623	chip2	1	0.976	NA	11	0.55382	0.02508	45	0.03431	0.02187
SNP_A-1705878	34447521	chip1	5	0.8746	0.01486	18	0.50106	0.01922	34	0.08129	0.02272
SNP_A-1736617	34454402	chip2	24	0.98842	0.009	28	0.50554	0.02698	5	0.0372	0.01186
SNP_A-1711479	34472361	chip1	16	0.88256	0.03539	33	0.51888	0.03029	8	0.06225	0.03219
SNP_A-1646027	34510514	chip1	0	NA	NA	0	NA	NA	57	0.06589	0.02553
SNP_A-1689285	34517054	chip1	12	0.94958	0.01992	29	0.51462	0.07359	16	0.02781	0.01075
SNP_A-1691051	34521820	chip1	16	0.94088	0.03828	29	0.52676	0.05733	12	0.0805	0.0462
SNP_A-1730149	34649821	chip1	13	0.95869	0.01491	35	0.5154	0.02807	9	0.07	0.02882
SNP_A-1733642	34722418	chip2	11	0.86064	0.05882	33	0.51367	0.05117	11	0.06573	0.02375
SNP_A-1666167	34758901	chip1	24	0.94696	0.04107	26	0.51908	0.06319	2	0.0935	0.04313
SNP_A-1710644	34760332	chip2	4	0.95125	0.04004	27	0.48178	0.05208	26	0.01935	0.02067
SNP_A-1720611	34760733	chip2	4	0.969	0.02064	27	0.51941	0.03426	26	0.08665	0.03297
SNP_A-1734624	34776985	chip2	3	0.99667	0.00416	25	0.49284	0.0559	29	0.01921	0.01842
SNP_A-1710006	34786426	chip1	39	0.92556	0.01362	17	0.52559	0.02661	1	0.074	NA
SNP_A-1711669	34792159	chip1	1	0.944	NA	24	0.48058	0.03935	32	0.08459	0.02783
SNP_A-1656846	34996323	chip1	24	0.93	0.04973	28	0.53857	0.07455	5	0.078	0.12184
SNP_A-1657042	34997289	chip1	57	0.93682	0.03155	0	NA	NA	0	NA	NA
SNP_A-1672930	35017172	chip2	2	0.889	0.0297	28	0.50589	0.0494	27	0.0847	0.03917
SNP_A-1753267	35020426	chip2	0	NA	NA	4	0.50975	0.01537	53	0.06504	0.02731
SNP_A-1705085	35187375	chip2	52	0.95356	0.03543	4	0.49025	0.00525	1	0	NA
SNP_A-1689525	35264596	chip1	46	0.92376	0.03459	10	0.4756	0.0343	1	0.181	NA
SNP_A-1745092	35362278	chip1	42	0.97398	0.01794	13	0.503	0.03312	2	0.061	0.01273
SNP_A-1745197	35362367	chip1	2	0.9905	0.00778	13	0.48369	0.02583	42	0.0155	0.01082
SNP_A-1675122	35547491	chip1	2	0.9985	0.00212	19	0.47032	0.03468	36	0.02117	0.0149
SNP_A-1713229	35572679	chip2	0	NA	NA	0	NA	NA	57	0.15925	0.02865
SNP_A-1707325	35574375	chip2	0	NA	NA	1	0.481	NA	51	0.09539	0.08189
SNP_A-1723540	35631283	chip2	8	0.95662	0.03574	24	0.48454	0.05167	25	0.06228	0.05094
SNP_A-1706951	35635517	chip2	18	0.902	0.02637	29	0.51286	0.02791	6	0.10017	0.03511
SNP_A-1724171	35643934	chip1	35	0.84177	0.03937	17	0.48935	0.04421	2	0.146	0.04101
SNP_A-1654974	35720506	chip1	1	0.969	NA	17	0.49924	0.02452	39	0.06164	0.0166
SNP_A-1661627	35764844	chip1	56	0.94436	0.02727	1	0.539	NA	0	NA	NA
SNP_A-1644402	35770059	chip2	14	0.96207	0.01433	26	0.45942	0.02123	17	0.04606	0.01915
SNP_A-1669813	35786303	chip2	17	0.98776	0.00582	22	0.56627	0.03431	18	0.00278	0.00537
SNP_A-1645166	35791730	chip2	10	0.9338	0.01983	31	0.52371	0.01436	16	0.04119	0.0227
SNP_A-1736347	35806921	chip2	38	0.96137	0.02938	18	0.49828	0.03458	1	0.077	NA
SNP_A-1645604	35829476	chip2	56	0.93996	0.0203	1	0.505	NA	0	NA	NA
SNP_A-1710674	35860761	chip1	53	0.90262	0.03348	4	0.4845	0.02694	0	NA	NA
SNP_A-1666276	35934942	chip2	3	0.923	0.03617	23	0.50139	0.08239	30	0.07057	0.04778
SNP_A-1724294	35971424	chip2	0	NA	NA	6	0.431	0.07629	50	0.06022	0.03205
SNP_A-1645537	35975494	chip1	37	0.94446	0.03749	16	0.508	0.06675	2	0.012	0.01697
SNP_A-1649129	35987921	chip1	24	0.98625	0.01942	23	0.47252	0.05845	9	0.07656	0.02424
SNP_A-1681886	36006096	chip2	43	0.99542	0.00423	14	0.55829	0.02848	0	NA	NA
SNP_A-1661291	36033107	chip1	32	0.93766	0.02716	22	0.47855	0.04608	3	0.055	0.04424
SNP_A-1713167	36038375	chip2	4	0.96475	0.02125	20	0.50105	0.03399	33	0.04164	0.03218
SNP_A-1723446	36049649	chip2	17	0.94729	0.02127	32	0.49419	0.02371	8	0.04512	0.01983
SNP_A-1721229	36084212	chip2	3	1	0	11	0.48027	0.02883	43	0.01316	0.01371
SNP_A-1749333	36108820	chip2	3	0.90567	0.04665	12	0.4505	0.02908	42	0.09714	0.03594
SNP_A-1755449	36115461	chip1	0	NA	NA	2	0.505	0.02121	54	0.08041	0.05785
SNP_A-1757080	36116745	chip1	57	0.99647	0.00754	0	NA	NA	0	NA	NA
SNP_A-1670069	36135557	chip2	1	0.982	NA	10	0.4839	0.01601	46	0.07102	0.02479
SNP_A-1677300	36135775	chip2	7	0.97257	0.008	17	0.48418	0.02391	33	0.04542	0.01723
SNP_A-1647836	36136327	chip2	0	NA	NA	2	0.535	0.05515	55	0.02095	0.01405
SNP_A-1648171	36147895	chip1	48	0.89821	0.03974	8	0.48063	0.04502	1	0.04	NA
SNP_A-1649799	36153717	chip1	1	0.998	NA	8	0.49538	0.04881	48	0.00846	0.00997
SNP_A-1650844	36190080	chip2	55	0.96096	0.04655	2	0.487	0.03677	0	NA	NA
SNP_A-1644786	36190262	chip2	48	0.95792	0.03199	7	0.48229	0.09461	1	0.126	NA
SNP_A-1669271	36191414	chip2	7	0.95514	0.02398	15	0.5282	0.02498	35	0.02554	0.02479
SNP_A-1675752	36191860	chip2	55	0.95038	0.02055	2	0.4785	0.03606	0	NA	NA
SNP_A-1749599	36191902	chip2	55	0.92091	0.04167	2	0.4775	0.02051	0	NA	NA
SNP_A-1718343	36192013	chip2	55	0.96213	0.01965	2	0.5275	0.03465	0	NA	NA
SNP_A-1705616	36224737	chip1	0	NA	NA	0	NA	NA	56	0.16268	0.03851
SNP_A-1705774	36225076	chip1	0	NA	NA	0	NA	NA	57	0.00267	0.00534
SNP_A-1707418	36238044	chip1	50	0.91438	0.02189	7	0.503	0.05168	0	NA	NA
SNP_A-1689134	36260518	chip2	0	NA	NA	5	0.5028	0.01491	52	0.06431	0.02388
SNP_A-1757903	36290110	chip2	51	0.97825	0.0188	5	0.5398	0.04143	1	0.03	NA
SNP_A-1754427	36331169	chip1	0	NA	NA	0	NA	NA	57	0.10946	0.0271
SNP_A-1667748	36346051	chip2	26	0.93046	0.02121	28	0.48975	0.02578	3	0.10033	0.03855
SNP_A-1669331	36346084	chip2	57	0.96819	0.01902	0	NA	NA	0	NA	NA
SNP_A-1643911	36360499	chip1	17	0.98306	0.01339	30	0.46727	0.02424	10	0.0306	0.00821
SNP_A-1740951	36380994	chip2	22	0.97314	0.02602	27	0.44704	0.02515	8	0.02912	0.01247
SNP_A-1674969	36390027	chip2	20	0.94335	0.02072	27	0.52011	0.03605	8	0.03737	0.02767
SNP_A-1725426	36390581	chip2	8	0.95725	0.02302	27	0.48393	0.01901	22	0.04705	0.01467
SNP_A-1652488	36390923	chip2	8	0.99613	0.00656	27	0.4943	0.02236	22	0.00291	0.00373
SNP_A-1696069	36450657	chip1	43	0.96951	0.01279	13	0.51715	0.0362	1	0.009	NA
SNP_A-1715787	36582090	chip2	27	0.96215	0.04713	23	0.46535	0.03196	7	0.04414	0.04821
SNP_A-1716133	36583357	chip2	27	0.85344	0.05854	23	0.50957	0.02237	7	0.06514	0.02538
SNP_A-1662399	36613458	chip1	7	0.97314	0.01927	25	0.51012	0.02685	25	0.14428	0.04448
SNP_A-1667456	36624442	chip2	7	0.94171	0.01631	24	0.56333	0.02255	26	0.14373	0.06584
SNP_A-1693843	36625384	chip2	0	NA	NA	14	0.47236	0.0243	43	0.04265	0.01686
SNP_A-1696852	36695508	chip2	16	0.95106	0.02643	26	0.47988	0.03356	15	0.00593	0.00945
SNP_A-1709620	36709360	chip1	16	0.94681	0.02993	28	0.54461	0.03496	13	0.064	0.02533
SNP_A-1716480	36743798	chip1	5	0.9158	0.03649	29	0.50179	0.04002	23	0.08274	0.03077
SNP_A-1654749	36827891	chip2	0	NA	NA	5	0.5266	0.04111	52	0.01452	0.01029
SNP_A-1647685	36833385	chip1	57	0.84975	0.03798	0	NA	NA	0	NA	NA
SNP_A-1649409	36843395	chip1	0	NA	NA	0	NA	NA	57	0.11547	0.0252
SNP_A-1650260	36875193	chip2	56	0.98968	0.01346	1	0.469	NA	0	NA	NA
SNP_A-1657808	36884987	chip2	0	NA	NA	12	0.532	0.0177	45	0.12933	0.05378
SNP_A-1680496	36885229	chip2	0	NA	NA	12	0.52267	0.04054	45	0.01904	0.02078
SNP_A-1745774	37046158	chip2	0	NA	NA	14	0.44243	0.01692	43	0.04142	0.0197
SNP_A-1666054	37053271	chip2	43	0.97595	0.01815	14	0.49079	0.033	0	NA	NA
SNP_A-1743671	37055692	chip2	0	NA	NA	14	0.48671	0.03977	43	0.01516	0.01015
SNP_A-1706549	37055986	chip2	43	0.97226	0.01612	14	0.488	0.01671	0	NA	NA
SNP_A-1699072	37092172	chip1	0	NA	NA	13	0.49685	0.04614	44	0.05214	0.01899
SNP_A-1704132	37141681	chip1	27	0.96781	0.02754	23	0.51235	0.04588	7	0.02157	0.01796
SNP_A-1747578	37173609	chip1	26	0.98858	0.01098	21	0.53038	0.03239	10	0.096	0.02742
SNP_A-1684125	37262938	chip1	53	0.95142	0.0214	4	0.478	0.03521	0	NA	NA
SNP_A-1691429	37292190	chip1	0	NA	NA	14	0.52471	0.0477	43	0.06274	0.01961
SNP_A-1692939	37293713	chip1	27	0.95011	0.02333	23	0.47765	0.03808	7	0.058	0.01798
SNP_A-1741556	37363846	chip1	9	0.95233	0.01166	28	0.51321	0.03967	20	0.10395	0.03366
SNP_A-1741728	37364534	chip1	20	0.9023	0.06067	24	0.52825	0.05587	6	0.05183	0.06014
SNP_A-1655870	37542986	chip1	50	0.99226	0.01097	7	0.51029	0.09819	0	NA	NA
SNP_A-1743303	37556405	chip2	50	0.95862	0.0244	7	0.522	0.03169	0	NA	NA
SNP_A-1657787	37561483	chip1	45	0.97227	0.01196	11	0.53991	0.04124	1	0.062	NA
SNP_A-1659387	37567247	chip1	1	0.977	NA	11	0.505	0.06452	45	0.01836	0.01694
SNP_A-1751873	37571104	chip2	0	NA	NA	3	0.49267	0.01041	53	0.04491	0.03108
SNP_A-1702441	37571190	chip2	56	0.90623	0.02705	1	0.542	NA	0	NA	NA
SNP_A-1661601	37592885	chip1	27	0.9843	0.0177	21	0.4769	0.04237	9	0.04767	0.01797
SNP_A-1701736	37622286	chip1	0	NA	NA	0	NA	NA	57	0.19351	0.04101
SNP_A-1684056	37644294	chip2	2	0.9885	0.01626	13	0.46446	0.03092	42	0.02995	0.02466
SNP_A-1705110	37652709	chip1	27	0.93322	0.0432	19	0.50616	0.04898	4	0.1365	0.05211
SNP_A-1705252	37653893	chip1	55	0.97193	0.02778	2	0.4965	0.01061	0	NA	NA
SNP_A-1710472	37680691	chip1	1	0.825	NA	10	0.5259	0.04473	46	0.01046	0.01029
SNP_A-1739349	37719854	chip2	10	0.9618	0.03874	26	0.51119	0.03964	21	0.06424	0.03243
SNP_A-1678144	37741783	chip2	2	0.9645	0.00495	19	0.44468	0.01722	36	0.08825	0.01476
SNP_A-1646679	37768813	chip1	8	0.93912	0.02647	24	0.49858	0.02743	25	0.09552	0.01943
SNP_A-1646807	37769938	chip1	0	NA	NA	0	NA	NA	57	0.04961	0.03223
SNP_A-1733284	37815416	chip2	54	0.954	0.03148	3	0.50167	0.0538	0	NA	NA
SNP_A-1713342	37815768	chip2	54	0.86052	0.03707	3	0.45933	0.01137	0	NA	NA
SNP_A-1684220	37888829	chip2	8	0.97013	0.0152	27	0.49904	0.02048	22	0.00727	0.00728
SNP_A-1653276	37946718	chip2	13	0.98715	0.00555	27	0.54174	0.0175	17	0.00641	0.00868
SNP_A-1744874	38087312	chip1	37	0.99281	0.0073	19	0.53116	0.03057	1	0.047	NA
SNP_A-1679916	38271775	chip2	2	0.937	0.07637	17	0.48941	0.05315	36	0.10017	0.07117
SNP_A-1671601	38442154	chip1	44	0.84957	0.04201	11	0.49618	0.04898	2	0.0585	0.02333
SNP_A-1677083	38474751	chip1	48	0.98335	0.01876	8	0.514	0.04544	0	NA	NA
SNP_A-1685611	38542681	chip1	39	0.93585	0.01554	16	0.49538	0.03692	2	0.1315	0.00778
SNP_A-1673498	38568234	chip2	23	0.94191	0.02587	26	0.52104	0.04985	8	0.07425	0.04703
SNP_A-1696888	38606125	chip2	2	0.9405	0.08415	10	0.5002	0.06553	45	0.05022	0.05724
SNP_A-1755956	38755894	chip2	12	0.91175	0.0325	27	0.4863	0.02951	18	0.04467	0.02084
SNP_A-1747676	38853162	chip1	53	0.97651	0.01381	3	0.48867	0.05729	1	0.092	NA
SNP_A-1747926	38853838	chip1	1	0.866	NA	19	0.51642	0.03152	37	0.08914	0.02655
SNP_A-1702325	38923549	chip2	0	NA	NA	11	0.49891	0.02745	46	0.0762	0.0264
SNP_A-1736627	39013098	chip2	30	0.99003	0.01783	25	0.49184	0.04259	2	0.065	0.00566
SNP_A-1660811	39044387	chip2	52	0.96194	0.03855	4	0.53675	0.05077	0	NA	NA
SNP_A-1746756	39047342	chip1	36	0.97231	0.02213	18	0.50494	0.04498	3	0.01033	0.01704
SNP_A-1686829	39174218	chip1	1	0.943	NA	5	0.4688	0.04501	51	0.01847	0.01019
SNP_A-1740598	39265397	chip1	0	NA	NA	6	0.5115	0.05726	50	0.03418	0.05768
SNP_A-1649412	39302438	chip2	28	0.90821	0.05994	22	0.50618	0.039	3	0.117	0.02166
SNP_A-1750253	39351986	chip2	23	0.91948	0.01774	29	0.49366	0.02375	5	0.0888	0.03695
SNP_A-1717007	39360134	chip2	18	0.99156	0.01714	33	0.47888	0.06489	6	0.02883	0.01656
SNP_A-1746985	39368285	chip2	0	NA	NA	4	0.464	0.01556	53	0.01509	0.01819
SNP_A-1675754	39368378	chip2	5	0.9808	0.01293	28	0.48436	0.02061	24	0.04113	0.01591
SNP_A-1735729	39368822	chip2	53	0.96047	0.01484	4	0.54075	0.0287	0	NA	NA
SNP_A-1675775	39373853	chip1	32	0.97191	0.01349	23	0.50657	0.03312	2	0.042	0.01131
SNP_A-1677039	39374399	chip1	21	0.98895	0.0115	30	0.48387	0.03305	6	0.00517	0.00402
SNP_A-1719221	39375875	chip2	6	0.95083	0.02436	30	0.5451	0.03421	19	0.07742	0.02204
SNP_A-1733125	39526204	chip1	4	0.97925	0.02123	17	0.54053	0.04667	36	0.02586	0.02652
SNP_A-1686863	39730158	chip1	49	0.93569	0.02664	8	0.49113	0.02961	0	NA	NA
SNP_A-1663830	39821961	chip2	56	0.89498	0.04549	1	0.466	NA	0	NA	NA
SNP_A-1749508	39870146	chip1	42	0.98171	0.02079	7	0.57443	0.06477	1	0.12	NA
SNP_A-1749820	39870683	chip1	9	0.99589	0.00499	24	0.49004	0.05151	24	0.04842	0.02464
SNP_A-1753542	39911388	chip1	52	0.97463	0.02023	5	0.554	0.03002	0	NA	NA
SNP_A-1698697	39970507	chip2	43	0.89974	0.02816	14	0.48757	0.04842	0	NA	NA
SNP_A-1693013	40021105	chip1	25	0.97484	0.0108	27	0.49707	0.04599	5	0.0462	0.0429
SNP_A-1692334	40030096	chip2	24	0.91083	0.03227	27	0.48415	0.03077	5	0.1002	0.0513
SNP_A-1735447	40072244	chip1	5	0.9852	0.01555	30	0.48453	0.04035	22	0.01782	0.01388
SNP_A-1735563	40072344	chip1	57	0.91809	0.03942	0	NA	NA	0	NA	NA
SNP_A-1702237	40073692	chip2	22	0.97455	0.02912	30	0.50817	0.04091	5	0.0676	0.03793
SNP_A-1653682	40074074	chip2	0	NA	NA	0	NA	NA	57	0.06804	0.01928
SNP_A-1738704	40087906	chip1	0	NA	NA	0	NA	NA	57	0.07532	0.02354
SNP_A-1738938	40091246	chip1	23	0.99248	0.00976	28	0.48496	0.04378	5	0.02	0.02099
SNP_A-1713490	40489756	chip2	2	0.927	0.0297	20	0.47355	0.01604	35	0.06043	0.02373
SNP_A-1750859	40489900	chip2	35	0.98334	0.01702	20	0.5182	0.0176	2	0.006	0.00849
SNP_A-1717860	40615878	chip1	0	NA	NA	0	NA	NA	57	0.06437	0.0189
SNP_A-1716667	40749462	chip2	41	0.98276	0.01797	16	0.45044	0.10334	0	NA	NA
SNP_A-1693266	40771776	chip2	5	0.9392	0.01992	30	0.51347	0.04366	22	0.03136	0.03074
SNP_A-1693569	41433563	chip2	7	0.97286	0.03394	20	0.4724	0.11324	23	0.04296	0.03506
SNP_A-1682404	41434772	chip2	23	0.92543	0.03302	27	0.52985	0.02214	7	0.11071	0.03156
SNP_A-1683763	41602840	chip1	3	0.86367	0.04366	27	0.50741	0.02893	27	0.11633	0.02367
SNP_A-1665361	41953650	chip1	57	0.99474	0.00905	0	NA	NA	0	NA	NA
SNP_A-1723349	42057888	chip1	45	0.94693	0.01882	11	0.47273	0.02092	1	0.037	NA
SNP_A-1723461	42058972	chip1	23	0.96465	0.02677	29	0.50434	0.02956	5	0.012	0.01938
SNP_A-1641957	42063572	chip2	1	0.996	NA	11	0.52145	0.02355	45	0.0048	0.01076
SNP_A-1665830	42122156	chip2	18	0.92561	0.02505	32	0.50962	0.03144	7	0.17857	0.06437
SNP_A-1745504	42122663	chip2	18	0.96456	0.02423	32	0.51109	0.02343	7	0.02429	0.02129
SNP_A-1689616	42138787	chip2	8	0.96288	0.06282	27	0.5067	0.06148	22	0.01536	0.01844
SNP_A-1653730	42167867	chip2	16	0.92331	0.03659	27	0.52589	0.03503	13	0.05877	0.0283
SNP_A-1744991	42167901	chip2	17	0.97982	0.01206	27	0.526	0.04885	13	0.01169	0.01487
SNP_A-1694765	42223571	chip2	14	0.98479	0.00964	27	0.53507	0.03402	16	0.07206	0.025
SNP_A-1758587	42248158	chip2	16	0.94831	0.03554	25	0.52436	0.05772	14	0.04307	0.03117
SNP_A-1652848	42578170	chip2	13	0.93592	0.02893	30	0.46953	0.03894	14	0.065	0.02965
SNP_A-1646856	42606994	chip2	0	NA	NA	2	0.547	0.02687	55	0.00184	0.00567
SNP_A-1648580	42607072	chip2	1	0.935	NA	18	0.49728	0.0264	38	0.02903	0.01574
SNP_A-1678239	42638020	chip1	0	NA	NA	19	0.47716	0.03223	38	0.04603	0.02445
SNP_A-1729048	42749242	chip1	0	NA	NA	7	0.50214	0.0227	50	0.01738	0.01275
SNP_A-1710315	42832806	chip2	1	0.925	NA	17	0.51982	0.04816	37	0.056	0.03499
SNP_A-1663657	42881280	chip1	1	0.991	NA	19	0.53395	0.04608	37	0.01916	0.01531
SNP_A-1665461	42893552	chip1	6	0.91617	0.02944	33	0.46976	0.03831	18	0.04706	0.01655
SNP_A-1714373	42985803	chip1	0	NA	NA	17	0.53482	0.03582	40	0.06617	0.01889
SNP_A-1719840	43009228	chip1	2	0.9385	0.04596	20	0.4976	0.04151	35	0.024	0.02038
SNP_A-1711392	43186344	chip2	30	0.98057	0.00774	23	0.52683	0.01967	4	0.01275	0.02032
SNP_A-1668854	43450782	chip1	0	NA	NA	8	0.49188	0.03565	48	0.1051	0.0334
SNP_A-1743243	43726908	chip2	49	0.96892	0.02312	7	0.50157	0.0227	0	NA	NA
SNP_A-1699856	44776627	chip1	34	0.96091	0.01647	21	0.472	0.02574	2	0.071	0.02121
SNP_A-1701218	44778442	chip1	3	0.98067	0.01856	10	0.5207	0.04374	44	0.05218	0.02191
SNP_A-1701344	44778481	chip1	44	0.96468	0.02479	10	0.4944	0.03769	3	0.05	0.02425
SNP_A-1662719	44964656	chip1	2	0.9925	0.01061	14	0.505	0.02888	41	0.02954	0.01221
SNP_A-1712177	44996274	chip2	46	0.87307	0.05994	9	0.48056	0.04016	1	0.102	NA
SNP_A-1734340	45229641	chip2	0	NA	NA	0	NA	NA	57	0.11274	0.0589
SNP_A-1706804	45234578	chip1	0	NA	NA	2	0.5695	0.01202	55	0.05135	0.01829
SNP_A-1709006	45253529	chip1	57	0.98588	0.02135	0	NA	NA	0	NA	NA
SNP_A-1709167	45796700	chip2	11	0.99036	0.0092	26	0.55012	0.03464	20	0.0503	0.035
SNP_A-1665761	46084725	chip1	0	NA	NA	8	0.499	0.03598	49	0.04118	0.01542
SNP_A-1715987	46160099	chip2	46	0.997	0.00532	11	0.49936	0.01778	0	NA	NA
SNP_A-1744087	46160904	chip2	4	0.987	0.01709	22	0.51273	0.02683	31	0.068	0.03597
SNP_A-1722179	46200282	chip1	29	0.96921	0.0181	25	0.51044	0.04084	3	0.06633	0.02515
SNP_A-1647659	46217744	chip1	0	NA	NA	20	0.52365	0.05475	37	0.047	0.02962
SNP_A-1758251	46260027	chip2	57	0.94354	0.03071	0	NA	NA	0	NA	NA
SNP_A-1668644	46260114	chip2	0	NA	NA	0	NA	NA	57	0.02142	0.01407
SNP_A-1671698	46260299	chip2	0	NA	NA	0	NA	NA	57	0.03065	0.0152
SNP_A-1710886	46260460	chip2	28	0.94021	0.04041	23	0.49783	0.03225	6	0.0925	0.03141
SNP_A-1674801	46294310	chip2	0	NA	NA	8	0.48638	0.04866	49	0.0031	0.00664
SNP_A-1653791	46477122	chip1	43	0.99365	0.00637	14	0.517	0.04059	0	NA	NA
SNP_A-1694367	46754147	chip2	8	0.90338	0.02627	25	0.45876	0.02126	24	0.03296	0.01756
SNP_A-1754739	46756350	chip1	0	NA	NA	2	0.4415	0.04738	55	0.02325	0.01386
SNP_A-1756594	46769831	chip1	40	0.96655	0.01403	16	0.52938	0.03337	1	0.112	NA
SNP_A-1696942	46822616	chip2	32	0.95516	0.01436	8	0.50825	0.03477	5	0.0126	0.02435
SNP_A-1681968	46823282	chip2	52	0.96015	0.02763	5	0.491	0.03219	0	NA	NA
SNP_A-1701735	46844069	chip2	6	0.87033	0.05289	33	0.4573	0.03487	15	0.0176	0.01823
SNP_A-1698302	46872411	chip1	28	0.92821	0.02022	23	0.5073	0.0305	6	0.01733	0.00831
SNP_A-1745074	46920285	chip1	20	0.95665	0.02349	26	0.49677	0.03054	11	0.08636	0.03526
SNP_A-1684068	47046784	chip2	12	0.905	0.02801	22	0.51373	0.02259	23	0.07696	0.02793
SNP_A-1665538	47085126	chip2	56	0.9573	0.03027	1	0.554	NA	0	NA	NA
SNP_A-1650678	47364600	chip2	46	0.92504	0.01991	11	0.52164	0.01918	0	NA	NA
SNP_A-1722466	47889421	chip2	49	0.90871	0.04262	8	0.47513	0.03707	0	NA	NA
SNP_A-1667768	48043004	chip2	0	NA	NA	13	0.44408	0.05145	44	0.03909	0.01599
SNP_A-1664674	48123857	chip2	0	NA	NA	11	0.50527	0.04298	46	0.00954	0.0091
SNP_A-1697102	48163405	chip2	0	NA	NA	14	0.51443	0.02175	43	0.05767	0.02266
SNP_A-1704756	48326010	chip1	45	0.94269	0.03103	10	0.4868	0.0331	2	0.1575	0.08556
SNP_A-1691385	48422858	chip1	0	NA	NA	17	0.50053	0.11459	34	0.12891	0.06968
SNP_A-1661091	48816575	chip2	17	0.93994	0.03459	27	0.53163	0.07067	10	0.0531	0.04143
SNP_A-1688817	48968877	chip1	43	0.92765	0.0356	9	0.48378	0.03324	0	NA	NA
SNP_A-1736971	48973402	chip2	0	NA	NA	8	0.5335	0.01691	49	0.08263	0.03258
SNP_A-1690923	48983786	chip1	57	0.97458	0.02218	0	NA	NA	0	NA	NA
SNP_A-1692223	48990002	chip1	2	0.9915	0.00354	14	0.47643	0.02429	41	0.03132	0.01468
SNP_A-1658782	49023453	chip2	23	0.91587	0.02633	27	0.45704	0.02282	6	0.04183	0.0277
SNP_A-1705953	49023810	chip2	24	0.93896	0.02336	27	0.47693	0.03276	6	0.02867	0.00628
SNP_A-1664248	49024337	chip2	3	0.94267	0.02663	21	0.50067	0.04885	32	0.04181	0.02714
SNP_A-1746187	49045978	chip1	24	0.94088	0.02772	26	0.52088	0.07193	5	0.0756	0.05224
SNP_A-1746323	49046020	chip1	22	0.94914	0.05692	3	0.512	0.03551	11	0.104	0.05489
SNP_A-1746662	49047104	chip1	5	0.9836	0.00688	28	0.52675	0.03793	24	0.03346	0.03092
SNP_A-1751921	49050601	chip2	57	0.97711	0.05509	0	NA	NA	0	NA	NA
SNP_A-1743639	49066556	chip2	5	0.9908	0.00915	29	0.49655	0.02719	23	0.0077	0.0066
SNP_A-1730409	49075640	chip2	19	0.98821	0.01276	32	0.45653	0.03506	6	0.04517	0.03192
SNP_A-1654585	49103383	chip2	23	0.98748	0.00825	29	0.49621	0.03307	5	0.0186	0.0182
SNP_A-1691353	49155176	chip1	45	0.99256	0.00946	12	0.52267	0.03871	0	NA	NA
SNP_A-1710455	49174547	chip2	52	0.98698	0.01711	5	0.4856	0.00706	0	NA	NA
SNP_A-1747674	49325926	chip1	2	0.912	0	14	0.52507	0.03344	41	0.03849	0.01353
SNP_A-1673399	49344588	chip1	30	0.97807	0.01436	24	0.47117	0.02626	3	0.02433	0.01429
SNP_A-1717833	49362142	chip2	57	0.97232	0.04591	0	NA	NA	0	NA	NA
SNP_A-1679027	49413539	chip1	20	0.9415	0.03148	25	0.42188	0.05552	11	0.09264	0.02863
SNP_A-1680747	49432442	chip1	0	NA	NA	0	NA	NA	57	0.10116	0.03127
SNP_A-1706978	49522732	chip1	7	0.98686	0.00537	24	0.48754	0.02319	26	0.04685	0.01979
SNP_A-1705587	49539640	chip2	14	0.96957	0.02019	30	0.46453	0.03645	12	0.046	0.01466
SNP_A-1716147	49542393	chip2	11	0.97173	0.01619	33	0.47412	0.02014	13	0.03238	0.01188
SNP_A-1714125	49551485	chip1	0	NA	NA	20	0.5082	0.02484	37	0.0973	0.02099
SNP_A-1714683	49567157	chip2	10	0.8911	0.06215	28	0.476	0.0601	8	0.159	0.06154
SNP_A-1646779	49594168	chip1	46	0.8553	0.01886	11	0.56982	0.04572	0	NA	NA
SNP_A-1746041	49594178	chip1	0	NA	NA	0	NA	NA	56	0.04036	0.04684
SNP_A-1746143	49659554	chip1	18	0.976	0.01831	30	0.52563	0.03379	9	0.02778	0.0163
SNP_A-1730763	49701530	chip2	6	0.92833	0.02951	24	0.47696	0.01511	27	0.06022	0.0276
SNP_A-1644451	49705102	chip1	5	0.975	0.01605	23	0.47483	0.03237	29	0.06259	0.0405
SNP_A-1747012	49811496	chip1	41	0.97151	0.02702	15	0.51553	0.05223	1	0	NA
SNP_A-1679035	50148945	chip1	21	0.94519	0.0169	21	0.53686	0.04212	15	0.058	0.02223
SNP_A-1731901	50478886	chip2	4	0.97175	0.01848	25	0.53548	0.05668	27	0.01252	0.01916
SNP_A-1695897	50478922	chip2	27	0.96196	0.01476	26	0.53619	0.0189	4	0.05875	0.03021
SNP_A-1654653	51019549	chip2	0	NA	NA	11	0.43155	0.04179	46	0.04367	0.02421
SNP_A-1695653	51019671	chip2	0	NA	NA	8	0.50038	0.0316	49	0.02508	0.0282
SNP_A-1646186	51019773	chip2	12	0.98725	0.00989	27	0.54196	0.08455	18	0.04061	0.02463
SNP_A-1732206	51123478	chip1	12	0.9445	0.01219	32	0.49138	0.03171	13	0.12008	0.03069
SNP_A-1674661	51236151	chip2	0	NA	NA	0	NA	NA	57	0.09091	0.05224
SNP_A-1647328	51265624	chip2	55	0.97327	0.05163	1	0.466	NA	0	NA	NA
SNP_A-1702101	51267243	chip2	55	0.98207	0.02919	2	0.477	0.05091	0	NA	NA
SNP_A-1670538	51279558	chip2	0	NA	NA	4	0.514	0.05631	53	0.00979	0.01129
SNP_A-1675452	51308749	chip1	57	0.89779	0.02616	0	NA	NA	0	NA	NA
SNP_A-1736133	51342410	chip2	14	0.94386	0.01414	26	0.52815	0.03164	17	0.01588	0.01609
SNP_A-1680821	51365851	chip1	53	0.87325	0.03575	4	0.48925	0.01305	0	NA	NA
SNP_A-1642259	51405469	chip2	0	NA	NA	8	0.48575	0.02015	49	0.04624	0.03179
SNP_A-1729340	51650847	chip2	0	NA	NA	12	0.49042	0.13897	39	0.09695	0.09322
SNP_A-1684674	51886094	chip2	3	0.98733	0.01137	26	0.48954	0.01988	28	0.01482	0.01013
SNP_A-1735099	52085632	chip1	0	NA	NA	9	0.50056	0.02318	46	0.01524	0.00688
SNP_A-1743362	52162376	chip1	24	0.93708	0.01926	26	0.48612	0.02886	7	0.02786	0.02213
SNP_A-1743452	52162702	chip1	23	0.92026	0.01555	26	0.45169	0.02616	8	0.0505	0.0212
SNP_A-1745181	52180918	chip1	55	0.98236	0.02411	2	0.482	0.01414	0	NA	NA
SNP_A-1737904	52292281	chip2	30	0.97713	0.01493	18	0.50444	0.01968	9	0.05667	0.02364
SNP_A-1669065	52292441	chip2	8	0.93463	0.03956	12	0.4925	0.08343	33	0.06091	0.03188
SNP_A-1734069	52544997	chip1	49	0.92127	0.0243	8	0.503	0.04203	0	NA	NA
SNP_A-1734177	52545059	chip1	49	0.99178	0.00856	8	0.51863	0.02993	0	NA	NA
SNP_A-1734319	52546246	chip1	49	0.98306	0.02108	8	0.50875	0.07475	0	NA	NA
SNP_A-1758549	52704281	chip2	43	0.97509	0.02282	14	0.44686	0.03115	0	NA	NA
SNP_A-1757035	52822703	chip2	1	0.936	NA	11	0.5	0.03018	45	0.12236	0.0502
SNP_A-1722933	52854562	chip1	1	0.983	NA	13	0.52554	0.06763	42	0.03007	0.03422
SNP_A-1724444	52977975	chip2	16	0.97156	0.00876	31	0.50158	0.02305	10	0.0426	0.02474
SNP_A-1720214	53169922	chip1	13	0.93223	0.01951	31	0.48894	0.04553	13	0.00531	0.00525
SNP_A-1720338	53170122	chip1	14	0.93693	0.0198	34	0.49818	0.03691	9	0.03144	0.02469
SNP_A-1722329	53177802	chip1	30	0.9346	0.02814	22	0.50023	0.02908	5	0.0684	0.02033
SNP_A-1722429	53177872	chip1	5	0.8906	0.02159	22	0.51909	0.02291	30	0.17783	0.0331
SNP_A-1736088	53184764	chip1	0	NA	NA	6	0.48767	0.07628	49	0.05482	0.02802
SNP_A-1736466	53202202	chip1	0	NA	NA	6	0.507	0.06586	51	0.04355	0.02442
SNP_A-1739682	53219394	chip1	49	0.98741	0.01009	8	0.51938	0.01729	0	NA	NA
SNP_A-1739794	53219416	chip1	0	NA	NA	1	0.648	NA	56	0.13493	0.02743
SNP_A-1741312	53223188	chip1	7	0.97371	0.0153	25	0.50888	0.03038	25	0.027	0.0201
SNP_A-1704677	53255346	chip2	29	0.92779	0.02766	23	0.51022	0.02329	5	0.0288	0.00998
SNP_A-1685098	53325976	chip2	7	0.99814	0.00212	25	0.50144	0.02725	25	0.05892	0.02658
SNP_A-1751445	53331284	chip2	7	0.96186	0.03756	25	0.5228	0.03057	25	0.00672	0.01089
SNP_A-1682186	53340283	chip2	7	0.95814	0.02741	25	0.4872	0.01576	25	0.07692	0.0403
SNP_A-1660000	53406965	chip1	7	0.91929	0.02329	31	0.51513	0.02694	19	0.05284	0.01876
SNP_A-1660098	53407081	chip1	1	0.911	NA	11	0.49691	0.02984	45	0.02736	0.0153
SNP_A-1712945	53411226	chip2	20	0.96745	0.02266	30	0.455	0.03356	7	0.039	0.01833
SNP_A-1668246	53411500	chip2	1	0.934	NA	10	0.5443	0.03706	46	0.03409	0.01681
SNP_A-1725920	53413992	chip2	4	0.9885	0.01168	14	0.53879	0.04727	27	0.01304	0.02322
SNP_A-1725212	53429261	chip2	29	0.94769	0.04764	24	0.47325	0.05101	4	0.0145	0.0176
SNP_A-1668978	53439815	chip1	1	0.962	NA	5	0.5086	0.04709	49	0.07559	0.02608
SNP_A-1743755	53558026	chip2	6	0.9315	0.01894	16	0.48806	0.01132	35	0.07477	0.02027
SNP_A-1699683	53996472	chip2	1	0.974	NA	24	0.51329	0.05286	32	0.04231	0.02076
SNP_A-1663755	54393792	chip1	0	NA	NA	0	NA	NA	57	0.05853	0.03141
SNP_A-1718193	54599634	chip2	0	NA	NA	0	NA	NA	57	0.04389	0.01885
SNP_A-1704769	54628597	chip2	41	0.89256	0.08652	1	0.404	NA	0	NA	NA
SNP_A-1645260	54914726	chip2	47	0.90379	0.02881	10	0.5246	0.0287	0	NA	NA
SNP_A-1655587	55028651	chip2	0	NA	NA	0	NA	NA	57	0.09091	0.03908
SNP_A-1684154	55171976	chip2	0	NA	NA	0	NA	NA	57	0.00361	0.00931
SNP_A-1736968	55203845	chip1	51	0.98716	0.03054	4	0.478	0.04254	0	NA	NA
SNP_A-1655957	55215534	chip2	0	NA	NA	0	NA	NA	49	0.07559	0.04768
SNP_A-1664343	55242623	chip1	57	0.98909	0.01013	0	NA	NA	0	NA	NA
SNP_A-1661939	55512607	chip1	51	0.94059	0.05277	4	0.46	0.08617	0	NA	NA
SNP_A-1663133	55514220	chip1	6	0.85233	0.07467	26	0.47885	0.05068	25	0.07296	0.0253
SNP_A-1692466	55547747	chip2	17	0.92576	0.04031	30	0.4999	0.03409	10	0.0394	0.01712
SNP_A-1680906	55922035	chip2	3	0.99867	0.00115	21	0.51033	0.02	33	0	0
SNP_A-1663084	55922302	chip2	4	0.987	0.01042	28	0.45704	0.02364	25	0.02744	0.00903
SNP_A-1715901	56007636	chip2	20	0.9042	0.02406	27	0.52774	0.02247	8	0.10312	0.02616
SNP_A-1676652	56043746	chip2	13	0.92846	0.0385	28	0.51407	0.03279	16	0.10756	0.03313
SNP_A-1665677	56063231	chip1	9	0.90578	0.02221	23	0.50978	0.02706	25	0.13112	0.02084
SNP_A-1687924	56134511	chip2	31	0.98952	0.0152	17	0.49347	0.06351	8	0.00075	0.00212
SNP_A-1677638	56142741	chip2	7	0.95214	0.01398	23	0.54987	0.02181	27	0.07481	0.0216
SNP_A-1677906	56203682	chip2	21	0.99371	0.00707	20	0.44645	0.01969	16	0.02356	0.01083
SNP_A-1647994	56203742	chip2	21	0.97624	0.01419	20	0.4948	0.02467	16	0.02075	0.01495
SNP_A-1665466	56259802	chip2	7	0.94271	0.06359	15	0.54913	0.04594	26	0.08596	0.06563
SNP_A-1667138	56275428	chip2	44	0.97411	0.01655	13	0.50492	0.02602	0	NA	NA
SNP_A-1686664	56275748	chip2	0	NA	NA	18	0.51878	0.08842	37	0.05057	0.03415
SNP_A-1690924	56276059	chip2	57	0.94286	0.01956	0	NA	NA	0	NA	NA
SNP_A-1752127	56276410	chip2	6	0.90733	0.0318	19	0.48274	0.01788	32	0.07119	0.02176
SNP_A-1697187	56439915	chip1	0	NA	NA	0	NA	NA	57	0.1004	0.02774
SNP_A-1758271	56646534	chip2	3	0.98833	0.01328	16	0.53356	0.0407	38	0.01726	0.02052
SNP_A-1685890	56667535	chip2	1	0.931	NA	13	0.48285	0.02079	43	0.01944	0.01515
SNP_A-1744618	56710286	chip1	2	1	0	24	0.52608	0.0717	31	0.01252	0.01699
SNP_A-1751766	56729516	chip1	23	0.94804	0.01677	24	0.54138	0.02911	10	0.0227	0.02675
SNP_A-1751956	56733696	chip1	46	0.94091	0.03001	8	0.50913	0.02708	2	0.0055	0.00778
SNP_A-1651540	56763284	chip2	6	0.97017	0.01242	27	0.51156	0.02409	24	0.04425	0.0176
SNP_A-1652244	56763379	chip2	4	0.96225	0.01997	20	0.50485	0.02126	33	0.06115	0.01999
SNP_A-1739445	56764246	chip2	24	0.98221	0.01994	27	0.48848	0.03819	6	0.0575	0.0227
SNP_A-1682809	56776648	chip1	57	0.97263	0.01563	0	NA	NA	0	NA	NA
SNP_A-1683203	56781296	chip1	33	0.99818	0.00572	15	0.47147	0.04183	8	0.0025	0.00298
SNP_A-1683295	56781536	chip1	8	0.99413	0.00603	19	0.49784	0.07177	30	0.01613	0.01473
SNP_A-1686417	56790821	chip1	0	NA	NA	0	NA	NA	57	0.077	0.04651
SNP_A-1747407	56800494	chip2	11	0.92736	0.05283	12	0.51925	0.07497	22	0.06709	0.07579
SNP_A-1719381	56800742	chip2	16	0.95625	0.04115	22	0.48323	0.05536	17	0.039	0.03303
SNP_A-1721720	57024188	chip2	4	0.98175	0.00964	28	0.53725	0.03973	25	0.0466	0.02309
SNP_A-1710195	57024830	chip2	1	0.948	NA	14	0.50029	0.02681	42	0.04148	0.02246
SNP_A-1741531	57032873	chip2	3	0.90767	0.01361	27	0.487	0.02789	27	0.05611	0.01703
SNP_A-1692662	57033283	chip2	1	0.989	NA	12	0.54658	0.03432	44	0.01882	0.01763
SNP_A-1755467	57117898	chip1	2	0.967	0.00849	14	0.50793	0.03625	41	0.06951	0.01364
SNP_A-1691681	57189755	chip1	29	0.94066	0.02071	24	0.50438	0.02947	3	0.04933	0.00839
SNP_A-1728159	57313456	chip2	6	0.936	0.01925	31	0.50174	0.02654	20	0.0918	0.03287
SNP_A-1722476	57404193	chip2	0	NA	NA	9	0.509	0.01581	48	0.00419	0.00709
SNP_A-1744796	57561090	chip1	0	NA	NA	5	0.4886	0.02545	50	0.0706	0.02161
SNP_A-1744988	57561124	chip1	50	0.90218	0.03261	6	0.57817	0.03028	0	NA	NA
SNP_A-1752226	57577949	chip1	6	0.94217	0.00621	32	0.53838	0.04945	19	0.01695	0.01695
SNP_A-1713049	57641156	chip2	54	0.96474	0.01952	3	0.54733	0.02011	0	NA	NA
SNP_A-1690587	57648888	chip2	54	0.98013	0.01989	3	0.40167	0.07466	0	NA	NA
SNP_A-1687082	57649297	chip2	0	NA	NA	3	0.45067	0.02658	54	0.01648	0.01291
SNP_A-1644838	57649935	chip2	0	NA	NA	3	0.41967	0.06426	54	0.08404	0.03249
SNP_A-1646865	57791787	chip1	10	0.8874	0.02791	35	0.496	0.03595	11	0.07055	0.02661
SNP_A-1649995	57807597	chip1	40	0.93383	0.02639	14	0.48457	0.02191	3	0.03433	0.0225
SNP_A-1650147	57807655	chip1	3	0.826	0.02193	9	0.472	0.03055	44	0.10193	0.03559
SNP_A-1700725	57844735	chip1	17	0.96829	0.02004	25	0.497	0.02872	15	0.0192	0.00915
SNP_A-1702310	57848908	chip1	2	0.94	0.0198	22	0.52436	0.03734	33	0.01136	0.01342
SNP_A-1728417	58194918	chip2	4	0.9925	0.00597	6	0.50733	0.03611	47	0.01089	0.01237
SNP_A-1704980	58200026	chip1	0	NA	NA	7	0.53357	0.04121	50	0.0232	0.01704
SNP_A-1705098	58200324	chip1	50	0.95118	0.03432	7	0.47557	0.07556	0	NA	NA
SNP_A-1744800	58209054	chip1	57	0.88793	0.02451	0	NA	NA	0	NA	NA
SNP_A-1709657	58500846	chip2	52	0.88458	0.0581	4	0.5085	0.01555	0	NA	NA
SNP_A-1712348	58685255	chip1	8	0.9765	0.04764	19	0.48426	0.04536	30	0.00163	0.00605
SNP_A-1715978	58699561	chip1	0	NA	NA	36	0.59908	0.14681	20	0.1414	0.05783
SNP_A-1643213	58746598	chip2	30	0.99507	0.0055	21	0.46567	0.03796	6	0.01167	0.01253
SNP_A-1662036	58837765	chip2	2	0.9125	0.00354	16	0.52138	0.03909	39	0.06074	0.0352
SNP_A-1717823	58897046	chip2	6	0.88783	0.07825	18	0.49161	0.04561	26	0.00585	0.01061
SNP_A-1672292	58908108	chip2	4	0.90375	0.0269	27	0.5097	0.0214	26	0.0885	0.02862
SNP_A-1687749	59132286	chip1	44	0.97218	0.02416	11	0.48555	0.05727	1	0.04	NA
SNP_A-1717901	59181299	chip2	7	0.99929	0.00125	24	0.52904	0.03605	26	0.04358	0.029
SNP_A-1646906	59245509	chip2	13	0.98223	0.02254	19	0.54742	0.07329	14	0.03329	0.03113
SNP_A-1685623	59479230	chip1	0	NA	NA	22	0.49636	0.10388	27	0.05181	0.0986
SNP_A-1685759	59479826	chip1	57	0.95746	0.02412	0	NA	NA	0	NA	NA
SNP_A-1724459	59485000	chip1	39	0.97551	0.02411	14	0.46479	0.04577	2	0.1135	0.05445
SNP_A-1724731	59485642	chip1	38	0.87845	0.03969	15	0.52267	0.05684	1	0.049	NA
SNP_A-1681394	59488867	chip2	0	NA	NA	1	0.519	NA	56	0.12757	0.03635
SNP_A-1646570	59489660	chip2	1	0.995	NA	17	0.50494	0.07116	39	0.03182	0.02177
SNP_A-1698954	59760823	chip1	0	NA	NA	7	0.50329	0.06893	48	0.01421	0.02303
SNP_A-1662908	59790479	chip2	0	NA	NA	0	NA	NA	57	0.01993	0.01839
SNP_A-1663134	59794710	chip2	0	NA	NA	9	0.48456	0.07405	45	0.0764	0.0323
SNP_A-1656103	59803539	chip2	26	0.92135	0.03163	21	0.49071	0.0266	10	0.0712	0.01958
SNP_A-1642498	59864390	chip1	6	0.98233	0.00894	30	0.50037	0.05392	21	0.02219	0.03395
SNP_A-1662550	59886493	chip2	5	0.9654	0.01387	25	0.49364	0.03249	27	0.09911	0.03965
SNP_A-1657574	59886633	chip2	44	0.97448	0.02607	11	0.41218	0.02836	2	0.0475	0.05586
SNP_A-1649102	59886825	chip2	31	0.98255	0.01735	18	0.47922	0.03024	5	0.0342	0.02295
SNP_A-1714767	59886917	chip2	31	0.97923	0.01738	21	0.51086	0.03208	5	0.079	0.00745
SNP_A-1686537	60001698	chip1	1	0.926	NA	17	0.52188	0.03579	39	0.10195	0.02299
SNP_A-1690146	60012591	chip1	39	0.94159	0.01809	15	0.51973	0.0354	3	0.02567	0.01858
SNP_A-1732451	60069023	chip2	57	0.97204	0.01704	0	NA	NA	0	NA	NA
SNP_A-1700613	60373858	chip1	4	0.906	0.02844	22	0.51191	0.03625	31	0.05135	0.01881
SNP_A-1757339	60695892	chip2	11	0.97273	0.004	27	0.49367	0.02539	19	0.05053	0.02803
SNP_A-1745057	61010000	chip2	0	NA	NA	9	0.49978	0.02	48	0.03619	0.02097
SNP_A-1723992	61010979	chip2	48	0.98319	0.01777	9	0.48944	0.02888	0	NA	NA
SNP_A-1720133	61011337	chip2	9	0.97322	0.00524	31	0.49397	0.02336	17	0.07759	0.03692
SNP_A-1712609	61011383	chip2	0	NA	NA	9	0.47689	0.02198	48	0.05262	0.01945
SNP_A-1708671	61021559	chip2	3	0.95133	0.00643	14	0.50171	0.02009	40	0.08185	0.03207
SNP_A-1705563	61064425	chip2	19	0.98879	0.01138	23	0.54474	0.02952	15	0.00827	0.01081
SNP_A-1677094	61064517	chip2	15	0.8824	0.04979	24	0.50158	0.02286	18	0.13494	0.04798
SNP_A-1665388	61072944	chip2	5	0.976	0.01459	21	0.502	0.03034	27	0.10115	0.04146
SNP_A-1734412	61074906	chip2	35	0.96349	0.01475	20	0.4528	0.0226	2	0.0955	0.00495
SNP_A-1670030	61077065	chip1	1	0.965	NA	21	0.53476	0.03407	35	0.03911	0.0155
SNP_A-1659969	61107777	chip2	55	0.98858	0.01506	2	0.4175	0.02899	0	NA	NA
SNP_A-1722300	61116501	chip2	0	NA	NA	11	0.55973	0.05346	46	0.07813	0.07865
SNP_A-1663552	61128652	chip2	5	0.9378	0.02222	24	0.49242	0.01582	28	0.04714	0.02682
SNP_A-1650134	61131250	chip2	9	0.95478	0.01989	30	0.45453	0.04606	17	0.02859	0.0245
SNP_A-1727946	61134313	chip1	5	0.8908	0.03009	23	0.49948	0.03853	28	0.07454	0.03473
SNP_A-1679196	61207687	chip2	0	NA	NA	10	0.5106	0.03246	47	0.04355	0.03007
SNP_A-1719692	61221153	chip1	17	0.90676	0.02708	28	0.49107	0.02686	12	0.06367	0.01916
SNP_A-1719988	61222476	chip1	35	0.94054	0.01301	19	0.50542	0.02713	3	0.04267	0.00896
SNP_A-1703749	61295070	chip2	0	NA	NA	7	0.51429	0.05933	47	0.00098	0.0036
SNP_A-1689508	61369111	chip2	0	NA	NA	11	0.49427	0.02389	46	0.02374	0.01633
SNP_A-1725257	61554788	chip1	7	0.946	0.01779	20	0.52115	0.03012	30	0.01443	0.01154
SNP_A-1725377	61555118	chip1	17	0.94671	0.02406	27	0.4793	0.03388	13	0.07246	0.0243
SNP_A-1671365	61752129	chip1	29	0.99493	0.00867	23	0.51043	0.04449	4	0.00625	0.00634
SNP_A-1671467	61752385	chip1	15	0.994	0.00789	31	0.47071	0.02405	11	0.03627	0.00496
SNP_A-1671589	61752418	chip1	15	0.96053	0.02656	31	0.46374	0.0289	11	0.02518	0.00649
SNP_A-1687680	61755728	chip2	29	0.9781	0.01348	22	0.52236	0.04008	6	0.00383	0.00479
SNP_A-1715270	61780662	chip1	22	0.92959	0.02343	24	0.52967	0.02392	11	0.04145	0.02472
SNP_A-1661199	61906985	chip2	46	0.98811	0.01389	9	0.49378	0.02768	1	0.008	NA
SNP_A-1705388	62016152	chip1	36	0.88489	0.03821	16	0.45744	0.0243	5	0.1372	0.02096
SNP_A-1705976	62036725	chip1	36	0.99586	0.00701	16	0.50319	0.04978	5	0.0408	0.01814
SNP_A-1707761	62051244	chip1	1	0.998	NA	17	0.49965	0.06839	37	0.02235	0.02668
SNP_A-1673886	62128208	chip2	3	0.957	0.01709	11	0.51591	0.02043	43	0.00893	0.01123
SNP_A-1697743	62189739	chip2	0	NA	NA	6	0.50733	0.02709	51	0.01184	0.00985
SNP_A-1706627	62431059	chip2	15	0.96407	0.03326	35	0.49194	0.0311	7	0.02114	0.01093
SNP_A-1645690	62556894	chip2	4	0.91275	0.05063	19	0.47068	0.05914	33	0.00815	0.01469
SNP_A-1733468	62826084	chip2	47	0.96819	0.02334	10	0.4971	0.02796	0	NA	NA
SNP_A-1718444	63029177	chip1	13	0.89585	0.03059	30	0.44203	0.05936	14	0.129	0.02581
SNP_A-1748725	63186871	chip2	7	0.98871	0.01841	28	0.47671	0.03368	20	0.05585	0.03617
SNP_A-1733064	63270390	chip2	19	0.91305	0.06065	30	0.48067	0.05256	8	0.04525	0.02601
SNP_A-1713381	63276577	chip1	6	0.85233	0.03611	31	0.56974	0.05622	19	0.04379	0.02947
SNP_A-1713543	63277060	chip1	29	0.97807	0.02305	21	0.46533	0.06713	7	0.09971	0.01721
SNP_A-1658206	63437743	chip2	0	NA	NA	7	0.54014	0.01665	50	0.02268	0.01332
SNP_A-1709256	63458980	chip1	17	0.92282	0.02718	26	0.53438	0.02624	14	0.03079	0.01014
