0
0.00112665
0.0765398
2.57535
2.57593
2.87948
4.09603
4.30024
4.34871
4.68348
4.98454
4.98497
4.98576
4.98595
5.60855
6.65697
6.66233
6.7226
6.74401
6.91927
6.93259
6.93689
7.6693
7.67083
7.70429
8.109
12.6357
13.1172
13.4924
13.519
13.5192
13.5471
13.7398
13.7401
13.7736
14.0325
14.7126
14.9601
15.1426
15.1776
15.3173
15.7115
16.6111
16.6117
16.9888
17.9982
18.0364
18.0364
18.2308
18.2308
18.2315
18.6476
19.2804
19.2806
19.5215
19.9224
19.923
20.1776
20.5868
20.7453
20.8052
20.8947
21.0938
21.4616
21.4621
21.9855
22.2563
22.5816
24.4162
24.9585
25.0223
25.0227
25.0574
25.4278
25.428
25.4283
25.7018
25.7273
25.9203
26.1704
26.263
26.4144
26.4158
26.4215
26.8405
27.1798
27.3133
27.3645
27.5376
27.5684
28.0585
28.1377
28.1379
28.2545
28.3745
30.3279
30.3532
30.59
31.4462
31.4477
31.5669
31.8716
32.167
32.7072
32.7401
34.0982
34.7934
34.8645
35.307
35.8794
36.3132
36.3132
36.3626
36.4678
36.4733
36.5442
36.5773
36.5774
36.6396
36.6396
36.645
36.6458
36.646
36.6766
37.6081
37.6822
40.158
40.5834
40.603
41.5749
41.7467
41.8059
41.8059
41.8165
42.0392
42.0935
42.183
42.2603
42.5143
42.5144
42.5146
43.1776
43.3116
43.3122
43.44
43.7494
44.1601
44.5465
44.8189
44.8191
44.8192
44.8471
44.8474
44.8725
44.9106
45.1109
45.111
45.1112
45.7141
46.3295
46.4965
46.6169
46.6581
46.6898
47.8141
48.0704
48.1459
48.2061
48.2103
48.4297
48.979
49.6394
49.9639
50.0635
50.5424
50.9528
51.6354
51.6357
51.6358
51.6467
51.6469
52.1934
52.1936
52.2138
52.2454
52.3348
52.3935
52.8048
53.0706
53.2196
53.2197
53.2199
53.3201
53.634
54.0112
54.2001
54.2648
54.3727
54.3728
54.5713
54.9418
54.9419
55.2152
55.2153
55.2207
55.2208
55.42
56.1347
56.1602
56.9338
57.0113
57.1546
57.1864
57.3011
57.3286
57.3829
57.5657
57.619
60.1302
60.3518
60.3519
60.3519
60.3522
62.6992
64.9637
65.0547
65.3497
65.7204
65.8277
66.7688
66.9062
66.9362
66.943
66.9608
66.9608
66.9731
66.9739
67.1886
68.3967
68.3986
68.4565
68.5661
68.6391
68.9983
69.5273
69.5279
70.8048
70.8983
71.1583
71.91
72.0713
72.1077
72.2592
73.0826
73.1602
76.0323
76.2312
76.2315
76.2316
76.6893
77.3255
77.3686
77.5397
77.5727
77.6501
77.7089
77.7089
77.7092
77.7093
77.7094
78.1462
78.2161
78.2163
78.2249
78.4593
79.662
80.4008
80.4028
80.5222
81.01
81.01
81.1254
81.1467
81.1735
84.06
84.06
84.06
84.06
84.06
84.06
84.06
84.06
85.2574
85.9644
86.7226
87.3706
87.4282
87.9929
88.2577
90.0211
91.108
92.9269
93.4695
93.9176
94.1602
94.263
94.5495
94.5664
94.5665
95.3291
95.6472
97.9473
97.9473
98.0107
98.2571
98.7
99.1068
99.5282
99.8904
100.214
100.315
100.346
100.346
101.608
102.117
102.118
102.68
102.68
102.68
102.838
103.211
103.337
103.357
103.777
103.933
104.384
104.385
104.637
104.685
104.775
105.353
105.582
105.652
106.116
106.175
106.207
106.247
106.297
106.297
106.41
106.456
106.515
106.58
106.705
106.767
108.974
109.207
109.373
109.578
109.578
110.63
110.631
110.843
111.673
111.885
112.078
112.078
112.137
112.205
112.272
112.272
112.413
112.547
112.547
113.13
113.176
113.485
113.744
113.744
113.829
113.958
114.209
114.46
115.105
115.309
115.904
115.904
116.047
116.404
116.404
116.405
116.596
116.75
119.342
119.671
120.134
120.135
120.135
120.238
121.27
121.464
121.482
121.489
121.621
121.625
121.628
121.636
121.641
121.702
121.702
122.232
122.887
123.197
123.311
123.358
123.358
123.406
123.434
123.531
123.771
124.197
124.272
124.273
124.372
124.372
124.401
124.401
124.401
124.466
124.985
125.021
125.36
125.36
125.36
125.36
126.32
126.414
126.787
126.831
127.071
127.273
127.396
127.453
127.729
127.83
127.885
128.24
128.24
128.702
129.002
129.301
130.798
133.08
133.285
135.48
141.172
142.336
142.336
143.086
145.499
145.499
145.563
145.563
145.921
150.426
154.27
