0.974834985
0.450561313
0.348434758
0.640329769
0.976068891
0.495921581
0.253568205
0.994785188
0.841426028
0.260214306
0.149529483
0.058241451
0.149529483
0.149529483
0.228915632
0.283581831
0.378994867
0.573961436
0.750153593
0.118813196
0.615416616
0.066492748
0.899541312
0.641977721
0.966172705
0.748547976
0.914210668
0.719231701
0.654770711
0.565049444
0.08155888
0.421544909
0.008999874
0.106229941
0.327112761
0.736297582
0.106777453
0.752798582
0.78167549
0.024912577
0.061414869
0.464137892
0.035893819
0.027439945
0.273532406
0.830161416
0.079637649
0.071164505
0.23268525
0.489410967
0.982203054
0.923213532
0.595955484
0.962836734
0.013574944
0.229923772
0.18539426
0.595836592
0.553095811
0.01355168
0.11530481
0.436330329
0.260532186
0.778984477
0.539876758
0.830262035
0.167592149
0.133489883
0.500397661
0.972758008
0.987958551
0.868663461
0.703987602
0.777771742
0.750985275
0.655642323
0.888583029
0.647207605
0.65198644
0.568701281
0.956572394
0.927571619
0.929544156
0.179221265
0.979240142
0.071188924
0.323129585
0.912526296
0.474174775
0.626422305
0.993704657
0.746116175
0.465734679
0.989354002
0.339180345
0.375875525
0.991768587
0.093246729
0.64274549
0.043740087
0.867556439
0.511326942
0.260234329
0.08962316
0.314799523
0.156215835
0.539435487
0.930563379
0.407093449
0.183810011
0.691092371
0.647012976
0.619439095
0.646603188
0.314439644
0.067818895
0.938095202
0.604003578
0.916431615
0.878581891
0.578059804
0.524960709
0.156696548
0.965875298
0.269508112
0.365906948
0.914095895
0.76680949
0.94671631
0.126777286
0.079823652
0.262328994
0.488977809
0.029510276
0.102506888
0.121803824
0.885116841
0.254224534
0.752904339
0.571407715
0.751354181
0.589586768
0.248705887
0.436320653
0.631408332
0.870997292
0.301548756
0.911027256
0.079562625
0.401390355
0.871625474
0.60558592
0.588623653
0.6774314
0.269746232
0.406482782
0.836723868
0.801981527
0.620837842
0.277731922
0.491633899
0.026964641
0.407774387
0.581640938
0.606440915
0.464075944
0.403067584
0.919336057
0.867952599
0.547925757
0.591993958
0.52862181
0.789482611
0.814326533
0.523213082
0.616410262
0.242863135
0.029504761
0.046389926
0.491131712
0.1018884
0.880312263
0.748870652
0.465862414
0.356350105
0.498277123
0.489206558
0.547730654
0.599751953
0.652067
0.792329736
0.845315689
0.518417129
0.91525159
0.673730874
0.024227115
0.049918551
0.588134401
0.274917122
0.855336764
0.368657579
0.374810838
0.524895351
0.275556412
0.216350122
0.152086579
0.569675185
0.717795859
0.112205576
0.923915814
0.607043994
0.655486611
0.236116254
0.603423894
0.367723603
0.127216255
0.810887943
0.13235251
0.950027037
0.502988376
0.321193433
0.933320175
0.600691278
0.384552683
0.577568871
0.3430094
0.088184709
0.019601439
0.037237154
0.209474097
0.030152334
0.251414284
0.346690536
0.086127015
0.937754615
0.578869035
0.888720596
0.109073696
0.889855219
0.506013499
0.654205217
0.199996135
0.518244828
0.639259516
0.564138938
0.797784061
0.371263356
0.011225712
0.654602123
0.900628929
0.701255203
0.749884665
0.710162775
0.99686877
0.198163431
0.477414951
0.27773833
0.552059418
0.408376597
0.919323899
0.614580277
0.475179045
0.345732016
0.503594793
0.223829367
0.192041764
0.881066844
0.472464602
0.442914964
0.302155417
0.670269193
0.71316126
0.606143679
0.669256179
0.456372896
0.300695972
0.736607277
0.628202311
0.983380586
0.33583356
0.660354418
0.72379896
0.929995888
0.66893104
0.476330001
0.91923816
0.829494373
0.909227466
0.501167455
0.506961591
0.278699079
0.519907416
0.984462926
0.722424246
0.288804453
0.675884397
0.749635815
0.734464675
0.608379873
0.662647193
0.153314543
0.510561074
0.74391214
0.704622292
0.083623059
0.970701171
0.125205374
0.695927672
0.554631005
0.194073856
0.51709089
0.634015512
0.895204769
0.541380957
0.662905776
0.753416026
0.540866004
0.175486162
0.2394347
0.410631376
0.728519428
0.615250415
0.821098262
0.222654762
0.165637172
0.170188266
0.797966508
0.753323206
0.286733779
0.021466005
0.795704097
0.837943909
0.498973072
0.799922035
0.617046388
0.806289327
0.851767318
0.485123746
0.005539687
0.897995336
0.414394768
0.656189676
0.776332162
0.290119635
0.508925959
0.005683596
0.017308365
0.001018347
0.012927331
0.071778365
0.016125442
0.454351575
0.475770012
0.621275719
0.985085723
0.925664217
0.339983513
0.414801001
0.033669564
0.219329944
0.799421386
0.799421386
0.599172212
0.418781282
0.920788842
0.156456727
0.140760034
0.950022678
0.730970025
0.773409948
0.170229463
0.337115907
0.4187897
0.704946217
0.521974095
0.428070362
0.556388312
0.966936954
0.752115936
0.921522564
0.846500911
0.044155919
0.152009812
0.713706675
0.81606428
0.748024775
0.421704874
0.997964459
0.874633379
0.601273968
0.603205246
0.024320893
0.248030126
0.927572696
0.760673155
0.269662867
0.388694367
0.385542479
0.292785532
0.602681322
0.13590889
0.572854947
0.079884611
0.13273673
0.781085799
0.739910128
0.543091389
0.947406184
0.684393816
0.692674725
0.275999878
0.385471569
8.01e-005
0.859027759
0.022329363
0.434246692
0.592589696
0.03375463
0.940148807
0.226174428
0.268347971
0.76576087
0.864900031
0.874975914
0.945037619
0.525123454
0.879029338
0.768908461
0.059530166
0.605321946
0.266658685
0.920200476
0.246651096
0.505649593
0.159220297
0.624526695
0.74286676
0.907216248
0.794343163
0.555662094
0.934264794
0.209971071
0.312700374
0.791171134
0.930551445
0.721116891
0.945526634
0.377226128
0.943181224
0.955483209
0.843998328
0.43213826
0.389494448
0.705865703
0.677948782
0.611450128
0.01513932
0.814680269
0.419051479
0.960227118
0.744900979
0.603878502
0.659276804
0.984935887
0.279239431
0.987602797
