4.84974
5.4935
6.26275
7.47359
7.47373
7.65152
7.7018
7.90908
7.96292
7.96301
8.69
13.5937
13.65
13.65
13.65
15.1601
15.4886
15.4989
16.5288
16.5291
17.0784
17.4208
17.5081
17.5092
17.7843
17.8081
18.0366
18.0367
18.0551
19.2877
20.2469
20.2472
20.4072
20.8674
21.0388
21.2649
21.699
22.041
22.0739
22.1958
22.2105
22.2109
22.9788
23.5324
23.5329
23.722
23.9048
24.2663
24.7375
24.7378
25.0062
25.0918
25.3169
25.6261
25.8074
25.9898
27.9899
27.9901
27.9908
28.3507
28.3508
28.5306
29.0522
30.4979
30.6444
31.3454
31.6176
31.6782
31.835
31.949
32.2782
32.4024
32.9382
32.9424
32.9537
33.1704
33.3636
33.9373
35.3045
36.8562
36.9587
37.3957
38.371
39.2309
39.6297
40.1482
40.1484
40.3188
40.3748
40.5171
40.9408
41.1226
41.1226
41.2847
41.2848
41.8823
41.8832
42.6174
42.6228
43.5105
43.525
43.8905
43.8912
43.9007
44.0933
44.2437
44.4931
44.4932
44.7308
44.8245
45.3951
45.6657
45.7688
46.0368
47.5631
47.8482
47.8639
47.8808
48.039
48.0575
49.7056
50.8857
50.886
50.8865
51.9351
51.989
52.1504
52.16
52.4145
53.0218
53.2015
53.3079
53.322
53.6872
53.6906
53.9702
54.0618
54.0628
54.0677
54.0775
54.1697
54.1699
54.3292
54.3293
54.3556
54.4953
54.65
55.447
56.4304
57.2767
57.3605
57.3614
58.5075
58.5078
58.8417
58.9885
59.034
59.0501
59.0502
59.3169
60.2072
60.4122
60.7022
61.4514
61.5619
61.5938
62.0772
62.0774
62.0774
62.0775
62.5393
62.6748
62.6977
62.6984
63.3289
63.4311
63.4354
63.685
63.7891
64.4406
64.6725
64.6725
64.7115
64.8416
64.8418
64.8543
65.5255
65.526
65.6922
67.2067
67.5967
67.6794
69.1447
69.4489
69.449
69.46
69.6493
70.3408
70.3714
70.3849
70.494
70.5578
70.6738
70.9827
71.2941
71.2942
71.2949
71.5246
71.53
71.697
72.0258
72.145
72.1867
72.4354
73.8253
73.8258
74.1766
75.0415
75.0415
75.0416
75.0908
75.42
75.64
75.8808
76.104
76.239
76.2393
76.597
76.7153
76.8254
77.6583
78.49
78.96
78.96
78.96
79.121
79.1211
79.1522
79.1963
79.3511
80.3042
81.8702
81.88
82.2662
82.5422
82.5604
82.6733
83.095
84.5633
89.8113
90.2434
90.5568
90.93
90.93
90.93
90.93
91.1087
91.4039
91.4116
91.9039
92.595
92.595
93.1517
93.3115
93.3117
93.5547
93.6019
93.6055
93.9195
93.9382
93.973
95.0466
96.2673
96.4438
96.4484
97.3282
97.7659
97.7714
97.8508
98.1269
98.3498
98.4391
98.4539
98.4541
98.6
98.654
98.6963
99.0371
99.0485
99.069
99.0691
99.0742
99.7737
99.7892
99.8242
99.8278
99.9081
100.26
100.368
100.371
100.407
100.897
101.049
101.235
101.238
101.24
101.476
101.813
101.833
101.923
102.013
102.014
102.884
104.781
105.771
105.874
105.943
106.074
106.079
106.188
106.3
106.3
106.556
106.562
106.69
106.69
107.665
107.971
108.203
108.58
111.853
112.006
112.441
112.464
112.504
112.722
112.722
112.919
113.082
113.202
113.355
113.546
114.999
116.589
116.589
116.774
117.201
118.444
118.445
118.537
118.614
118.614
118.625
118.986
119.265
119.593
119.863
119.874
119.958
119.995
120.307
120.61
121.052
121.152
121.297
121.672
121.672
122.213
122.44
122.44
122.572
122.991
123.513
123.627
123.688
123.727
123.786
123.889
124.287
124.385
124.385
124.628
125.314
125.905
126.039
126.039
126.411
126.574
126.574
126.77
126.77
126.77
126.968
127.02
127.485
127.485
127.486
127.493
127.493
128.105
128.108
128.245
128.396
128.612
128.612
128.614
128.614
128.63
128.63
128.63
128.63
128.712
128.767
129.1
129.1
129.1
129.1
129.106
129.348
130.005
130.405
130.405
135.796
136.007
136.654
136.844
136.844
136.845
137.241
137.335
137.356
137.995
137.997
138.75
138.75
138.75
138.75
138.75
138.76
138.826
138.834
138.86
138.86
138.86
138.86
138.86
138.877
138.877
138.941
140.332
140.508
141.498
141.859
141.86
141.911
141.911
142.054
142.054
142.057
142.132
142.26
142.97
143.625
144.904
145.133
147.023
147.023
147.023
148.299
149.852
149.968
151.346
151.407
151.474
151.947
152.003
152.174
152.649
152.938
152.938
153.036
153.036
153.235
153.436
153.437
153.679
153.755
153.912
153.912
154.313
154.797
154.896
154.973
155.756
155.756
155.993
157.66
158.927
159.212
161.687
161.69
161.757
161.823
161.83
162.423
169.071
170.784
173.253
173.626
174.033
178.105
178.777
179.821
180.051
182.716
182.926
182.927
182.96
182.96
182.96
