0.685405988
0.886086235
0.94131944
0.861140021
0.973853068
0.656264484
0.50904443
0.694650016
0.81871324
0.856531687
0.241352074
0.825816347
0.975599771
0.154886392
0.971680917
0.343894636
0.613700178
0.918554695
0.76785934
0.622614541
0.910850441
0.796444923
0.582514675
0.903100998
0.781636183
0.395810248
0.419729864
0.449491223
0.724437944
0.167763576
0.349957689
0.117625467
0.658895653
0.508467414
0.803702128
0.100641967
0.687625367
0.344782541
0.963218661
0.751496754
0.703762182
0.054042281
0.991425993
0.245227376
0.470309585
0.182496007
0.061853946
0.920687576
0.848537954
0.145655771
0.98527044
0.320336013
0.033773808
0.046569857
0.95782643
0.021247689
0.181248108
0.166581879
0.049075236
0.352487527
0.283842604
0.025320987
0.813957193
0.620924377
0.285615642
0.235366607
0.079656416
0.656802217
0.507091316
0.332863446
0.36751092
0.732856008
0.95931531
0.32705281
0.944663798
0.023187287
0.605385435
0.539891563
0.833588694
0.763156115
0.555528417
0.076250436
0.335017324
0.246890449
0.551072091
0.681137616
0.826328998
0.58178405
0.262908199
0.674253848
0.571246654
0.885650454
0.859550177
0.277612933
0.616721924
0.087131173
0.02286673
0.628082237
0.397330812
0.764256183
0.523840579
0.911796081
0.397991868
0.492958918
0.316043693
0.353005663
0.486369965
0.457709263
0.272963535
0.209765725
0.968088607
0.83121947
0.887346869
0.944920222
0.000864422
0.380075252
0.191329163
0.093811418
0.79036421
0.674511965
0.773696272
0.271665605
0.640211886
0.869632454
0.115808345
0.186860235
0.15769031
0.179457633
0.47763574
0.88207867
0.068846771
0.500927356
0.499203781
0.432251895
0.321995844
0.321925492
0.329342348
0.356649669
0.611948624
0.786258818
0.039938903
0.102781544
0.121401439
0.098499533
0.915141023
0.106555841
0.992994539
0.047472141
0.838303983
0.77415545
0.213974418
0.595689206
0.146596056
0.216276907
0.408149693
0.170055631
0.293323044
0.778369852
0.778369852
0.377242526
0.759128693
0.481224815
0.234433412
0.574292756
0.025028798
0.726006388
0.384420527
0.295121432
0.347964993
0.542154527
0.539990347
0.58086335
0.439859328
0.725962376
0.467676458
0.839928928
0.408604162
0.403392926
0.621887403
0.872516014
0.006909775
0.012578422
0.287477774
0.087914714
0.984433776
0.548758566
0.761899914
0.447122003
0.167211088
0.918490799
0.444778402
0.629319544
0.225207566
0.567641744
0.729891976
0.557552261
0.915351548
0.800346831
0.726345163
0.008812943
0.078802359
0.66860932
0.819813351
0.202472833
0.267739306
0.74269403
0.34792803
0.035523229
0.469817535
0.822044876
0.005437535
0.568411827
0.19083218
0.870590921
0.752896124
0.036973325
0.142756103
0.350691396
0.705704206
0.350691396
0.763874133
0.944181162
0.602480521
0.693363711
0.269200565
0.643841649
0.457486666
0.043219898
0.511103654
0.181079255
0.507682047
0.41865978
0.532877119
0.66606326
0.732910527
0.511559547
0.78330198
0.533412282
0.084463419
0.166448851
0.683306029
0.245874621
0.275341263
0.467929115
0.196533147
0.743064158
0.851161783
0.101570247
0.788526515
0.120733584
0.721994747
0.097002744
0.638000495
0.39707682
0.556633238
0.323088051
0.668794512
0.97180733
0.416097575
0.00827307
0.685598601
0.85065407
0.56758584
0.054602858
0.077675243
0.366347146
0.486033661
0.954761205
0.62064679
0.643209026
0.442805369
0.761341218
0.293323498
0.334940755
0.467597095
0.801128458
0.728904013
0.784964334
0.804641971
0.037118922
0.64073429
0.06900763
0.125692513
0.939811243
0.719924557
0.671282621
0.750429226
0.927055969
0.754390695
0.462427453
0.714923512
0.452483167
0.120559511
0.184172994
0.673370026
0.258383279
0.025871959
0.354179909
0.595609202
0.301115983
0.483516674
0.112868649
0.466307408
0.467282125
0.59395263
0.468247047
0.980699172
0.789409457
0.013839988
0.092354865
0.880590081
0.757299485
0.780592454
0.971594417
0.953016637
0.016716355
0.769830459
0.058124477
0.159186945
0.91916141
0.232558376
0.642090927
0.728799413
0.59137536
0.461689139
0.289280173
0.046861452
0.939057455
0.55360456
0.000438341
0.055507863
0.415683954
0.415187258
0.018687274
0.65684608
0.606820063
0.569265395
0.057789583
0.997466384
0.464538661
0.657361498
0.615379066
0.161916604
0.034542248
0.191267432
0.891060551
0.167034656
0.09810201
0.382607869
0.257229566
0.644576948
0.703849139
0.208432016
0.598927445
0.204006611
0.223929762
0.734774848
0.159145451
0.071006646
0.283678435
0.930609276
0.531421693
0.419427636
0.726622799
0.53177247
0.299599354
0.190466757
8.09e-005
0.056036835
0.974040775
0.9053636
0.374328128
0.809891256
0.821083362
0.61925511
0.644021385
0.11144793
0.405384957
0.410075771
0.384296798
0.416122732
0.722721907
0.346291228
0.831860244
0.612195492
0.625167231
0.262871498
0.599909379
0.664664868
0.312105641
0.370800694
0.668400032
0.708065379
0.69837621
0.954542351
0.989407945
0.476577134
0.965888277
0.699933822
0.477974528
0.963377784
0.223728558
0.894187039
0.56411005
0.446105191
0.553278139
0.876921404
0.666356381
0.05807244
0.088124573
0.071907734
0.137137213
0.902274779
0.023537506
0.35391172
0.618437685
0.738711354
0.984710742
0.862399234
0.606511241
0.299682838
0.093714961
0.824069399
0.616564872
0.072339923
0.089007857
0.351636432
0.152897561
0.627021018
0.033045295
0.032173679
0.064616496
0.007928169
0.631918095
0.063530756
0.84873976
0.890880126
0.419837451
0.187676613
0.970343205
1
0.546085977
0.082124657
0.653040877
0.006332125
0.191199408
0.597043772
0.97212278
0.048493455
0.107075612
0.006083575
0.26641691
0.218571769
0.058067672
0.51993567
0.971608601
0.595518529
0.560763255
0.424843221
0.391949173
0.176706789
0.042438328
0.583776055
0.957338761
0.853431408
0.344546868
0.35279574
0.194526887
0.960092357
0.450432758
0.325709793
0.99156095
0.652857664
0.510229389
0.558890097
0.699870361
0.672713297
0.707408466
0.801592877
0.157658648
0.721872829
0.133852219
0.701015926
0.812573052
0.854031655
0.921483704
0.220756317
0.833599517
0.544973162
0.719868211
0.580034587
0.614757501
0.413444771
0.792558043
0.916656079
0.43295274
0.175317772
0.399950566
0.586036694
0.154370684
0.113910429
0.909424212
0.237862289
0.866165441
0.663611932
0.456233851
0.528944311
0.30168279
0.076025567
0.430461589
0.168694789
0.421606382
0.602454462
0.570307913
0.736129763
0.828146904
0.906337855
0.897781386
0.751623394
0.997046986
