Probe_set	Phy_position	Chiptype	num_AA	mean_AA	std_AA	num_AB	mean_AB	std_AB	num_BB	mean_BB	std_BB
 1691210	  341341	chip2	48	0.9529	0.02203	169	0.49814	0.03572	141	0.04034	0.04315
 1657667	 1888178	chip1	238	0.87366	0.0323	119	0.49744	0.0333	3	0.05133	0.00777
 1715362	 2071154	chip1	0	NA	NA	0	NA	NA	357	0.16619	0.04036
 1705593	 2190966	chip2	10	0.9929	0.00846	90	0.49249	0.05628	260	0.01711	0.01747
 1701380	 2705548	chip1	48	0.95354	0.01945	163	0.49625	0.04585	149	0.1316	0.03576
 1702852	 2705840	chip1	360	0.99434	0.00698	0	NA	NA	0	NA	NA
 1721414	 3540074	chip1	4	0.89325	0.01808	49	0.49333	0.05114	307	0.00178	0.00496
 1676844	 4091563	chip2	300	0.90456	0.02845	56	0.49593	0.0512	2	0.0415	0.05869
 1757880	 4092209	chip2	2	0.9695	0.00354	57	0.49882	0.02397	301	0.05405	0.02855
 1720032	 4367411	chip1	123	0.94715	0.04658	189	0.48999	0.07153	37	0.14286	0.0459
 1727605	 4990135	chip2	0	NA	NA	0	NA	NA	360	0.04697	0.02308
 1690484	 5186958	chip1	359	0.94442	0.03121	1	0.48	NA	0	NA	NA
 1690608	 5187166	chip1	225	0.99732	0.01071	119	0.49074	0.06029	16	0.03694	0.03207
 1697936	 5259347	chip1	2	1	0	48	0.49494	0.05172	310	0.01334	0.00573
 1758880	 5374643	chip2	56	0.99257	0.01074	158	0.49854	0.03221	146	0.02018	0.00966
 1725387	 5560257	chip1	271	0.98466	0.01584	82	0.49713	0.03523	7	0.00429	0.0045
 1727534	 5576802	chip1	196	0.90189	0.02768	139	0.49836	0.02781	25	0.09208	0.02194
 1652775	 5622821	chip1	296	0.98543	0.03642	62	0.46706	0.13716	2	0.0575	0.02192
 1752051	 5913530	chip2	37	0.85186	0.04743	149	0.49895	0.02378	174	0.10549	0.02291
 1727040	 6010840	chip2	0	NA	NA	1	0.455	NA	359	0.02391	0.01889
 1662532	 6109492	chip2	325	0.91921	0.01967	34	0.49947	0.0162	1	0.112	NA
 1749438	 6189414	chip1	9	0.974	0.01408	104	0.49906	0.02375	247	0.03206	0.01827
 1745101	 6503386	chip2	359	0.95677	0.01745	1	0.644	NA	0	NA	NA
 1679968	 6633953	chip2	43	0.95365	0.02865	160	0.49904	0.02407	157	0.10013	0.033
 1676578	 6635197	chip2	4	0.9205	0.02831	75	0.49857	0.02749	281	0.00222	0.00627
 1712387	 6636304	chip2	46	0.95491	0.02176	162	0.49268	0.06227	152	0.01672	0.02018
 1723549	 6693864	chip1	289	0.94243	0.0343	69	0.49765	0.03833	2	0.047	0.00141
 1729226	 6779040	chip2	154	0.93562	0.02796	167	0.49844	0.02707	39	0.06103	0.03518
 1647978	 6859557	chip2	101	0.97831	0.02067	165	0.49645	0.04562	91	0.0877	0.02918
 1642547	 6909134	chip2	3	0.994	0.005	57	0.49895	0.02424	300	0.01494	0.01329
 1653105	 6912182	chip1	299	0.91254	0.02947	59	0.49763	0.04074	2	0.05	0.07071
 1692021	 7133963	chip1	265	0.93182	0.02442	92	0.49714	0.04145	3	0.06633	0.01002
 1743419	 7403288	chip2	225	0.92052	0.02248	110	0.49869	0.03696	24	0.02729	0.00656
 1695988	 7687435	chip1	188	0.95113	0.02833	141	0.49719	0.03728	31	0.03584	0.01996
 1719545	 8214446	chip2	16	0.94725	0.03694	99	0.48643	0.08118	245	0.02571	0.02053
 1687507	 8782486	chip1	40	0.8531	0.03619	169	0.49735	0.03757	148	0.09299	0.03368
 1753028	 9240628	chip1	327	0.94709	0.03221	32	0.49788	0.03385	1	0.125	NA
 1644359	 9335633	chip1	352	0.95166	0.01902	8	0.50275	0.03295	0	NA	NA
 1683967	 9349461	chip1	48	0.86985	0.0598	172	0.49316	0.06151	138	0.00959	0.01952
 1689656	 9369228	chip1	52	0.9779	0.02841	180	0.49657	0.04089	126	0.04537	0.02947
 1742917	 9464695	chip2	0	NA	NA	21	0.49433	0.05055	337	0.07725	0.0476
 1678216	 9464751	chip2	339	0.9505	0.02251	21	0.49852	0.0281	0	NA	NA
 1741797	 9660655	chip2	0	NA	NA	41	0.49766	0.03398	319	0.06493	0.04145
 1643383	 9661290	chip2	358	0.98005	0.01422	2	0.5015	0.01485	0	NA	NA
 1750892	 9666692	chip1	329	0.99892	0.00368	31	0.498	0.0307	0	NA	NA
 1669127	11088554	chip2	0	NA	NA	5	0.4976	0.03823	355	0.04232	0.01609
 1744043	11088602	chip2	233	0.91093	0.09187	112	0.47321	0.12047	12	0.13008	0.05318
 1684761	11295505	chip1	289	0.90742	0.02097	66	0.49861	0.02995	5	0.1868	0.03821
 1679808	11658252	chip2	0	NA	NA	38	0.49137	0.07144	308	0.09072	0.04762
 1730831	11658308	chip2	322	0.99974	0.00152	38	0.49592	0.04516	0	NA	NA
 1731584	11730080	chip1	354	0.99046	0.01197	6	0.467	0.14045	0	NA	NA
 1662079	11769397	chip1	188	0.96763	0.02258	140	0.4966	0.03975	32	0.05591	0.02372
 1733247	12158369	chip1	36	0.96142	0.01692	155	0.49645	0.0437	166	0.06736	0.03286
 1743078	12322072	chip1	0	NA	NA	0	NA	NA	360	0.08682	0.03114
 1716183	13425865	chip2	56	0.87262	0.02413	164	0.49852	0.02269	140	0.14426	0.02771
 1655367	13445855	chip2	79	0.99852	0.00406	186	0.49668	0.03448	95	0.02459	0.0129
 1671617	14490150	chip1	301	0.97969	0.02484	57	0.49102	0.05851	1	0.039	NA
 1673235	14510264	chip1	350	0.97472	0.03875	5	0.4988	0.02711	0	NA	NA
 1738114	14603924	chip2	357	0.92706	0.01328	3	0.498	0.03751	0	NA	NA
 1648830	14604003	chip2	104	0.97138	0.01358	176	0.49867	0.02681	80	0.0648	0.01896
 1664712	14604245	chip2	19	0.94126	0.02407	129	0.49805	0.03491	212	0.02995	0.03167
 1704341	14801001	chip2	71	0.98235	0.01541	192	0.4974	0.03609	97	0.00056	0.00279
 1695541	14886268	chip2	20	0.82855	0.04613	141	0.49277	0.06006	156	0.14002	0.03403
 1652199	14900519	chip1	70	0.99367	0.0179	173	0.48475	0.09208	86	0.07803	0.0299
 1652323	14900616	chip1	65	0.92326	0.02019	183	0.49838	0.02967	112	0.06175	0.01315
 1683610	15020981	chip2	247	0.9573	0.01845	99	0.499	0.0275	14	0.032	0.02198
 1679762	15035585	chip2	353	0.95229	0.02291	7	0.49857	0.02971	0	NA	NA
 1656048	15579349	chip1	12	0.9065	0.01579	80	0.49865	0.02741	268	0.07454	0.01626
 1666083	15604035	chip1	202	0.88139	0.04412	129	0.49442	0.05578	24	0.14883	0.0649
 1750747	15627419	chip2	148	0.95497	0.01984	169	0.49592	0.04674	43	0.09563	0.04032
 1718899	15627470	chip2	9	0.94911	0.03027	111	0.49608	0.04125	238	0.08376	0.036
 1690537	15685071	chip2	76	0.95736	0.02322	178	0.49799	0.03275	106	0.03421	0.02162
 1655162	15712143	chip1	0	NA	NA	23	0.49604	0.04313	336	0.06598	0.04122
 1655272	15712229	chip1	0	NA	NA	23	0.49896	0.02373	337	0.04059	0.02681
 1655388	15712261	chip1	54	0.99757	0.00866	145	0.49286	0.05748	161	0.03475	0.02362
 1738142	15720629	chip2	21	0.933	0.01497	119	0.49942	0.0155	220	0.081	0.02282
 1706177	15720712	chip2	218	0.9205	0.02998	121	0.49797	0.03252	21	0.06548	0.03691
 1707107	15771308	chip2	7	0.95429	0.03639	81	0.49533	0.04646	272	0.11193	0.04274
 1680722	15858564	chip2	66	0.92494	0.024	169	0.49983	0.02253	125	0.02346	0.01526
 1743997	15883000	chip2	66	0.79789	0.03025	196	0.45356	0.12673	47	0.08534	0.01562
 1738306	15912902	chip2	301	0.925	0.02102	58	0.49445	0.04008	1	0.064	NA
 1751538	15919348	chip1	301	0.95679	0.02944	58	0.48631	0.07032	1	0.15	NA
 1751724	15919803	chip1	1	0.932	NA	58	0.49884	0.02628	301	0.0195	0.01999
 1691657	16012223	chip1	32	0.90475	0.05235	158	0.49498	0.05644	170	0.07661	0.02449
 1652402	16194998	chip2	11	0.83473	0.0319	127	0.49864	0.02667	220	0.10188	0.03437
 1666632	16213403	chip2	65	0.94451	0.02018	185	0.49917	0.0146	110	0.0865	0.01831
 1706811	16317260	chip2	122	0.89603	0.03626	182	0.49497	0.05091	56	0.00589	0.0103
 1723600	16332871	chip2	138	0.95172	0.01965	161	0.49952	0.01575	60	0.07967	0.02852
 1723935	16371279	chip1	199	0.87042	0.03546	132	0.49817	0.0301	29	0.12434	0.02584
 1730892	16436298	chip1	359	0.98971	0.01311	1	0.488	NA	0	NA	NA
 1670724	16452464	chip2	54	0.94672	0.02447	163	0.49716	0.0355	143	0.03131	0.01316
 1737347	16473011	chip2	227	0.91343	0.06391	115	0.47908	0.09261	4	0.072	0.02241
 1666484	16489850	chip2	257	0.96716	0.02254	95	0.49815	0.02834	8	0.02113	0.01163
 1674108	16560813	chip2	91	0.84026	0.03566	177	0.49655	0.04298	86	0.00236	0.00768
 1685754	16561051	chip2	34	0.87038	0.03915	135	0.49564	0.04529	189	0.13805	0.04275
 1720055	17528970	chip2	125	0.94358	0.0247	172	0.49848	0.03119	63	0.0286	0.01947
 1666594	17725452	chip2	232	0.99111	0.01373	114	0.49882	0.02536	14	0.01914	0.01395
 1719780	18643377	chip1	162	0.90306	0.03339	151	0.49897	0.02399	47	0.13426	0.02371
 1752909	19380568	chip2	0	NA	NA	0	NA	NA	360	0.00767	0.0076
 1683302	19428248	chip2	60	0.91562	0.03429	130	0.49942	0.0197	169	0.10567	0.02646
 1748399	19584215	chip2	4	0.94675	0.02761	50	0.49046	0.07523	305	0.02744	0.02418
 1645327	19682367	chip1	188	0.94284	0.05663	141	0.47509	0.09822	28	0.08929	0.05209
 1685813	19987398	chip1	17	0.983	0.02449	139	0.48878	0.07125	193	0.10314	0.04551
 1663486	20070589	chip2	345	0.92932	0.03228	14	0.49664	0.04219	0	NA	NA
 1669441	20152263	chip2	75	0.91073	0.02022	177	0.49914	0.0242	108	0.11076	0.03319
 1647219	20195097	chip1	104	0.84145	0.02961	250	0.48348	0.10194	0	NA	NA
 1652213	20282246	chip1	0	NA	NA	0	NA	NA	360	0.01926	0.02462
 1670177	20287003	chip2	104	0.93332	0.02969	176	0.49848	0.0231	80	0.1082	0.0198
 1679882	20533429	chip2	49	0.96429	0.03692	169	0.4969	0.03723	142	0.06793	0.03626
 1667910	20582566	chip2	246	0.9045	0.03362	102	0.49788	0.03101	12	0.04567	0.01886
 1646257	20592745	chip1	261	0.93104	0.05785	88	0.48539	0.07128	10	0.1271	0.0471
 1743656	20748902	chip1	176	0.99052	0.01306	157	0.4986	0.02721	27	0.12556	0.02085
 1720147	20914290	chip2	0	NA	NA	0	NA	NA	360	0.0373	0.02568
 1734397	20949730	chip1	32	0.86909	0.03832	170	0.4965	0.04703	156	0.09182	0.03232
 1734517	20949974	chip1	148	0.97574	0.01515	172	0.49755	0.0321	40	0.04885	0.01421
 1658576	20961394	chip2	360	0.98557	0.01017	0	NA	NA	0	NA	NA
 1682030	21223021	chip2	24	0.90333	0.07036	132	0.48468	0.0871	204	0.01072	0.01625
 1722870	21497820	chip2	4	0.821	0.02078	53	0.49983	0.01987	303	0.04946	0.01486
 1754959	21633219	chip1	0	NA	NA	5	0.4994	0.0593	350	0.05951	0.04734
 1683288	21847999	chip2	215	0.96166	0.03625	129	0.4945	0.04634	15	0.06693	0.03345
 1690626	21948425	chip1	0	NA	NA	110	0.48878	0.07206	228	0.17645	0.04033
 1694457	21977650	chip2	165	0.85468	0.03613	186	0.48475	0.09594	0	NA	NA
 1698915	22007281	chip2	156	0.98271	0.018	158	0.49906	0.0206	46	0.10667	0.02477
 1727611	22007807	chip2	9	0.77167	0.04232	92	0.49624	0.05174	255	0.11832	0.04516
 1745803	22044663	chip1	9	0.99467	0.01115	78	0.49591	0.04575	272	0.02609	0.02634
 1668563	22064583	chip1	152	0.96904	0.02271	170	0.49506	0.04578	36	0.12931	0.04866
 1693577	22097926	chip2	360	0.92765	0.01964	0	NA	NA	0	NA	NA
 1645838	22111849	chip2	144	0.93809	0.02389	173	0.49799	0.0319	43	0.11516	0.03286
 1710822	22119329	chip2	39	0.76126	0.03549	213	0.46204	0.10963	39	0.095	0.02319
 1725705	22427388	chip1	79	0.86748	0.03043	184	0.49638	0.04244	95	0.14112	0.03573
 1730632	22461475	chip1	17	0.91647	0.02371	102	0.49475	0.0506	240	0.01075	0.01291
 1705547	22475916	chip2	334	0.96774	0.01511	26	0.49912	0.02179	0	NA	NA
 1742998	22477588	chip1	79	0.90992	0.03709	181	0.49488	0.04987	99	0.04549	0.02871
 1754532	22527304	chip2	0	NA	NA	7	0.49786	0.0352	353	0.05319	0.0203
 1696188	22528358	chip2	0	NA	NA	0	NA	NA	360	0.01087	0.01854
 1646022	22533197	chip2	288	0.93269	0.03442	69	0.49657	0.04138	3	0.01967	0.01387
 1758114	22533355	chip2	288	0.971	0.01499	69	0.49928	0.02346	3	0.038	0.01308
 1709199	22533515	chip2	3	0.943	0.05603	80	0.49741	0.04106	277	0.04366	0.02384
 1758713	22534304	chip2	286	0.96337	0.02592	69	0.4939	0.05434	3	0.08667	0.03287
 1744005	22534698	chip2	288	0.96489	0.02216	69	0.49799	0.03395	3	0.11733	0.02468
 1681005	22541300	chip1	360	0.96115	0.02557	0	NA	NA	0	NA	NA
 1681117	22541318	chip1	346	0.97615	0.02146	11	0.49236	0.06021	0	NA	NA
 1686185	22565844	chip1	19	0.98837	0.01328	124	0.49009	0.06717	216	0.00999	0.01742
 1687841	22570023	chip1	277	0.99262	0.01214	79	0.496	0.04264	4	0.01725	0.00932
 1689806	22575060	chip1	1	0.828	NA	40	0.4982	0.02994	317	0.13049	0.03294
 1673381	22665207	chip1	0	NA	NA	0	NA	NA	360	0.06697	0.02377
 1734373	22799189	chip1	6	0.96067	0.03092	92	0.49859	0.02828	262	0.04001	0.01962
 1734549	22799478	chip1	158	0.96077	0.0199	159	0.4899	0.07837	42	0.00138	0.00434
 1734707	22799865	chip1	97	0.82146	0.038	198	0.47332	0.10245	33	0.13548	0.03592
 1734823	22799942	chip1	13	0.98723	0.01083	112	0.49821	0.02836	234	0.02364	0.00885
 1741274	22881156	chip1	0	NA	NA	37	0.49762	0.03548	322	0.21556	0.03474
 1741386	22881436	chip1	174	0.96392	0.04067	146	0.48034	0.09647	33	0.01179	0.02368
 1742984	22887073	chip1	19	0.91605	0.01836	121	0.49803	0.03509	220	0.12107	0.0429
 1743176	22888187	chip1	169	0.92648	0.02585	155	0.49795	0.03448	36	0.1405	0.04106
 1679813	22945590	chip1	172	0.92546	0.03969	149	0.49354	0.05518	32	0.14003	0.04697
 1646064	22968111	chip2	316	0.86159	0.03883	38	0.49861	0.02692	0	NA	NA
 1726039	23278621	chip1	57	0.92179	0.02999	175	0.4969	0.03976	128	0.02543	0.01976
 1726193	23279090	chip1	21	0.9551	0.02581	127	0.49676	0.03849	212	0.09566	0.03814
 1734538	23286841	chip2	129	0.91068	0.03235	176	0.49841	0.03083	55	0.03456	0.01847
 1653513	23303058	chip1	127	0.92928	0.08242	179	0.47367	0.14034	29	0.09176	0.04269
 1655566	23308886	chip1	126	0.89363	0.04913	175	0.49678	0.03882	58	0.08595	0.02349
 1662145	23354569	chip1	55	0.9932	0.01206	176	0.48862	0.07125	128	0.0697	0.03345
 1729902	23432635	chip2	60	0.92755	0.0525	172	0.49249	0.0579	124	0.07279	0.03059
 1682581	23715789	chip1	0	NA	NA	7	0.49957	0.01645	352	0.05845	0.01669
 1648482	23837692	chip2	0	NA	NA	21	0.50181	0.02548	339	0.05439	0.03301
 1736537	23839200	chip2	16	0.84888	0.03142	132	0.49906	0.02263	212	0.1343	0.03351
 1731512	23846921	chip1	211	0.99255	0.00631	132	0.49673	0.03548	17	0.00829	0.01182
 1653046	23871401	chip2	1	0.95	NA	50	0.49846	0.03642	309	4e-04	0.00306
 1667839	23966918	chip1	360	0.97352	0.01968	0	NA	NA	0	NA	NA
 1723130	24132342	chip2	19	0.96221	0.01515	115	0.49925	0.01867	225	0.04932	0.02143
 1722447	24137864	chip1	16	0.91938	0.02314	92	0.49878	0.02856	252	0.08814	0.02772
 1723783	24138372	chip1	21	0.98329	0.01756	240	0.45707	0.1506	49	0.18749	0.04246
 1725681	24148100	chip1	0	NA	NA	1	0.527	NA	359	0.10159	0.04384
 1725781	24148147	chip1	21	0.94419	0.03188	155	0.48694	0.09054	151	0.10051	0.03958
 1671448	24164001	chip2	0	NA	NA	0	NA	NA	360	0.06883	0.03126
 1744595	24164050	chip2	4	0.96375	0.02451	78	0.49627	0.03882	277	0.03048	0.02186
 1654926	24194887	chip1	0	NA	NA	1	0.136	NA	358	0.00386	0.00817
 1719368	32615675	chip1	0	NA	NA	0	NA	NA	360	0.05425	0.02302
 1723541	32693527	chip1	328	0.90502	0.048	26	0.49596	0.04599	0	NA	NA
 1646861	32715604	chip1	330	0.98392	0.02115	27	0.492	0.07192	0	NA	NA
 1650583	32787652	chip1	0	NA	NA	27	0.49878	0.02968	332	0.03639	0.02984
 1709633	32842516	chip2	0	NA	NA	27	0.49819	0.05412	330	0.09415	0.05999
 1716644	33008112	chip1	0	NA	NA	2	0.2925	0.29345	357	0.01738	0.01811
 1738189	33056517	chip1	357	0.98341	0.01169	1	0.651	NA	0	NA	NA
 1738307	33056542	chip1	0	NA	NA	27	0.49893	0.01995	333	0.07261	0.02031
 1719977	33079622	chip2	0	NA	NA	1	0.544	NA	357	0.12113	0.03161
 1744205	33080969	chip2	356	0.84141	0.02787	1	0.586	NA	0	NA	NA
 1669238	33102850	chip1	359	0.93048	0.03374	0	NA	NA	0	NA	NA
 1669470	33103335	chip1	0	NA	NA	2	0.5	0.01838	350	0.16663	0.07059
 1670679	33103370	chip1	359	0.86897	0.03023	0	NA	NA	0	NA	NA
 1670791	33103464	chip1	54	0.97507	0.01658	182	0.49598	0.04359	124	0.03379	0.01979
 1670987	33104223	chip1	5	0.9124	0.03689	91	0.49529	0.04981	264	0.03487	0.01591
 1716507	33125194	chip2	310	0.90568	0.02288	49	0.49782	0.02236	1	0.115	NA
 1684300	33155427	chip2	0	NA	NA	134	0.47513	0.10013	208	0.1516	0.03623
 1752089	33171310	chip2	3	0.97933	0.02003	100	0.49623	0.04164	257	0.0133	0.01712
 1716263	33171613	chip2	314	0.94517	0.01982	44	0.49805	0.03231	2	5e-04	0.00071
 1754186	33176984	chip2	130	0.94376	0.03481	165	0.4993	0.02228	65	0.05832	0.0303
 1659194	33183715	chip2	13	0.98054	0.01999	154	0.4973	0.03885	193	0.08645	0.04089
 1677662	33183796	chip2	242	0.90991	0.02883	101	0.49837	0.02829	14	0.19964	0.04622
 1647794	33184440	chip2	193	0.9842	0.01119	154	0.49767	0.0308	13	0.09977	0.03095
 1714048	33195577	chip2	0	NA	NA	167	0.47901	0.08029	191	0.07204	0.04073
 1701071	33195886	chip2	193	0.95078	0.0318	154	0.4932	0.06252	13	0.04508	0.04477
 1687862	33209953	chip2	95	0.89632	0.02901	190	0.49838	0.03086	75	0.04231	0.01596
 1659715	33222516	chip1	66	0.93464	0.04126	181	0.49344	0.05448	113	0.03347	0.04031
 1756551	33306533	chip2	286	0.98781	0.00823	71	0.49803	0.02065	3	0.00267	0.00252
 1728885	33307040	chip2	12	0.99592	0.00462	115	0.49672	0.03937	233	0.03811	0.02549
 1673589	33308700	chip1	12	0.93858	0.02623	117	0.49682	0.04046	231	0.03978	0.02405
 1727884	33355863	chip1	233	0.83408	0.05165	116	0.49234	0.05474	9	0.135	0.03523
 1730065	33368561	chip1	0	NA	NA	0	NA	NA	360	0.01634	0.01376
 1712335	33393607	chip2	14	0.9165	0.01347	134	0.49819	0.02899	212	0.0863	0.0174
 1711357	33484543	chip1	3	0.98833	0.01686	70	0.49364	0.05822	287	8e-05	0.00142
 1711475	33484736	chip1	9	0.91367	0.05845	38	0.49579	0.04022	313	0.06073	0.01501
 1712846	33484875	chip1	3	0.97233	0.0179	70	0.4984	0.02825	286	0.13315	0.03543
 1646418	33488516	chip2	5	0.9674	0.02893	88	0.49886	0.02433	267	0.06824	0.02839
 1651003	33528626	chip1	212	0.98011	0.01103	124	0.49823	0.03289	24	0.02896	0.01588
 1651193	33528682	chip1	11	0.99318	0.00691	97	0.49418	0.05418	252	0.01175	0.01906
 1707180	33633026	chip1	4	0.8455	0.0978	97	0.49518	0.0507	259	0.07981	0.02065
 1712226	33651905	chip1	83	0.99817	0.00298	179	0.49728	0.03668	98	0.05892	0.02066
 1648579	33743206	chip1	294	0.968	0.03339	49	0.48157	0.1165	1	0.009	NA
 1649035	33759714	chip1	1	0.961	NA	22	0.498	0.03243	337	0.02817	0.01222
 1650774	33775624	chip2	207	0.96258	0.01354	135	0.4993	0.02012	18	0.02406	0.01234
 1664775	33783434	chip1	13	0.98808	0.01462	120	0.49412	0.05678	227	0.0063	0.01746
 1758362	33798612	chip2	96	0.92619	0.01874	189	0.49508	0.05238	74	0.02066	0.02278
 1673671	33888946	chip1	108	0.96356	0.03717	185	0.49262	0.05914	67	0.08393	0.03756
 1726037	33969048	chip1	31	0.86942	0.03634	141	0.49845	0.03072	188	0.02835	0.01759
 1663769	34012094	chip1	28	0.88564	0.07256	153	0.48016	0.09951	161	0.06165	0.04168
 1667089	34016706	chip1	32	0.986	0.01142	165	0.4936	0.05613	161	0.00378	0.00538
 1667237	34017196	chip1	162	0.94779	0.0203	165	0.49807	0.03152	33	0.08812	0.0391
 1667405	34017296	chip1	162	0.96515	0.03386	165	0.49644	0.04176	33	0.11448	0.04591
 1669064	34017730	chip1	0	NA	NA	0	NA	NA	360	0.03975	0.01336
 1706650	34173851	chip1	108	0.9859	0.01961	187	0.49045	0.06818	65	0.00594	0.01252
 1706774	34174837	chip1	60	0.8721	0.05216	171	0.49703	0.04139	128	0.08349	0.02407
 1721273	34206067	chip2	11	0.92718	0.02389	114	0.49782	0.02952	235	0.1164	0.03976
 1682138	34217148	chip2	11	0.92573	0.02191	114	0.4989	0.02158	235	0.06342	0.01873
 1717562	34248812	chip1	360	0.96505	0.01667	0	NA	NA	0	NA	NA
 1646531	34279309	chip1	14	0.99107	0.01709	113	0.49648	0.03995	233	0.01301	0.01072
 1695074	34368614	chip1	31	0.85626	0.03102	146	0.49492	0.05138	183	0.05587	0.02478
 1713189	34389747	chip2	80	0.95816	0.0259	185	0.4982	0.027	95	0.08896	0.01614
 1734270	34397623	chip2	17	0.96324	0.01353	120	0.49789	0.03302	223	0.06276	0.02802
 1705878	34447521	chip1	17	0.864	0.03039	138	0.49866	0.02557	205	0.08293	0.0287
 1736617	34454402	chip2	96	0.98892	0.00877	182	0.49831	0.02833	82	0.03223	0.01492
 1711479	34472361	chip1	19	0.87447	0.02749	127	0.497	0.03465	214	0.06479	0.0255
 1646027	34510514	chip1	0	NA	NA	16	0.49819	0.03135	344	0.07008	0.02433
 1689285	34517054	chip1	69	0.95558	0.01945	170	0.49352	0.05775	121	0.0212	0.0186
 1691051	34521820	chip1	121	0.94236	0.03308	170	0.49705	0.03474	69	0.05448	0.02927
 1730149	34649821	chip1	70	0.94024	0.02488	171	0.49694	0.03746	118	0.10836	0.03877
 1733642	34722418	chip2	66	0.82492	0.04637	174	0.49624	0.04495	117	0.10028	0.0392
 1666167	34758901	chip1	101	0.94433	0.03079	181	0.497	0.03965	77	0.07556	0.0264
 1710644	34760332	chip2	27	0.935	0.02316	147	0.49693	0.0467	186	0.00736	0.00917
 1720611	34760733	chip2	27	0.91256	0.03106	147	0.49878	0.03079	186	0.0863	0.02663
 1734624	34776985	chip2	9	0.97589	0.01839	96	0.49665	0.03416	255	0.01583	0.01677
 1710006	34786426	chip1	250	0.89911	0.02276	102	0.49776	0.03606	7	0.09414	0.02093
 1711669	34792159	chip1	7	0.86543	0.03062	99	0.49799	0.0309	254	0.09386	0.02554
 1656846	34996323	chip1	264	0.87303	0.06099	76	0.46962	0.09528	2	0.059	0.05374
 1657042	34997289	chip1	244	0.83009	0.05756	91	0.47654	0.09598	10	0.0181	0.01274
 1672930	35017172	chip2	0	NA	NA	57	0.49846	0.02837	303	0.1091	0.02735
 1753267	35020426	chip2	0	NA	NA	0	NA	NA	360	0.07011	0.02936
 1705085	35187375	chip2	198	0.94883	0.02781	124	0.49706	0.03505	38	0.03879	0.02707
 1689525	35264596	chip1	277	0.93273	0.02888	76	0.49575	0.04362	7	0.158	0.03751
 1745092	35362278	chip1	81	0.93551	0.02972	168	0.49442	0.04558	109	0.10427	0.03859
 1745197	35362367	chip1	110	0.98054	0.02055	168	0.49073	0.06643	82	0.02959	0.02877
 1675122	35547491	chip1	28	0.97421	0.02261	131	0.49741	0.03199	201	0.01117	0.01486
 1713229	35572679	chip2	1	0.859	NA	16	0.49769	0.02386	342	0.15387	0.0267
 1707325	35574375	chip2	14	0.97607	0.02547	137	0.49415	0.05391	209	0.06015	0.03862
 1723540	35631283	chip2	208	0.95104	0.01991	126	0.49592	0.04672	26	0.04812	0.0312
 1706951	35635517	chip2	44	0.88295	0.02426	158	0.49915	0.02134	158	0.09149	0.03761
 1724171	35643934	chip1	211	0.83914	0.04132	127	0.49891	0.02436	22	0.12509	0.03133
 1654974	35720506	chip1	0	NA	NA	9	0.49667	0.04393	351	0.06101	0.01951
 1661627	35764844	chip1	359	0.91801	0.03833	0	NA	NA	0	NA	NA
 1644402	35770059	chip2	121	0.9703	0.01389	161	0.49954	0.01637	78	0.06095	0.01819
 1669813	35786303	chip2	55	0.9744	0.01084	162	0.49811	0.04279	142	0.00668	0.00953
 1645166	35791730	chip2	182	0.9193	0.02617	147	0.49916	0.01871	31	0.02897	0.01912
 1736347	35806921	chip2	357	0.93037	0.04415	2	0.4985	0.03889	0	NA	NA
 1645604	35829476	chip2	358	0.95199	0.01687	2	0.5	0.00141	0	NA	NA
 1710674	35860761	chip1	359	0.91239	0.03146	0	NA	NA	0	NA	NA
 1666276	35934942	chip2	33	0.93688	0.04282	162	0.4942	0.05559	165	0.10953	0.04211
 1724294	35971424	chip2	28	0.86671	0.02956	137	0.4975	0.03214	195	0.06392	0.01814
 1645537	35975494	chip1	324	0.95448	0.02462	35	0.49514	0.04916	0	NA	NA
 1649129	35987921	chip1	224	0.9845	0.0254	126	0.49068	0.06849	9	0.09122	0.02899
 1681886	36006096	chip2	142	0.98787	0.01005	177	0.49843	0.02359	41	0.02634	0.02512
 1661291	36033107	chip1	343	0.90875	0.02954	14	0.49571	0.04817	0	NA	NA
 1713167	36038375	chip2	1	0.872	NA	11	0.49927	0.02288	346	0.04625	0.02866
 1723446	36049649	chip2	142	0.95661	0.01792	168	0.49866	0.02032	50	0.0616	0.01912
 1721229	36084212	chip2	43	1	0	154	0.49642	0.03935	163	0.02713	0.01244
 1749333	36108820	chip2	34	0.87009	0.04129	133	0.49809	0.03222	192	0.14644	0.0405
 1755449	36115461	chip1	2	0.9495	0.00071	30	0.49703	0.04122	328	0.05432	0.03559
 1757080	36116745	chip1	353	0.99384	0.01202	7	0.48357	0.10528	0	NA	NA
 1670069	36135557	chip2	2	0.9325	0.01909	39	0.49803	0.02694	319	0.12199	0.03343
 1677300	36135775	chip2	48	0.95071	0.01711	158	0.49884	0.02347	154	0.08513	0.02303
 1647836	36136327	chip2	2	0.843	0.04525	39	0.49926	0.02467	319	0.02629	0.01336
 1648171	36147895	chip1	360	0.91106	0.02922	0	NA	NA	0	NA	NA
 1649799	36153717	chip1	0	NA	NA	0	NA	NA	359	0.02539	0.02185
 1650844	36190080	chip2	317	0.96293	0.02414	40	0.49465	0.05922	2	0.077	0.04525
 1644786	36190262	chip2	360	0.96237	0.02051	0	NA	NA	0	NA	NA
 1669271	36191414	chip2	32	0.91684	0.02676	145	0.49897	0.02715	183	0.0199	0.01519
 1675752	36191860	chip2	318	0.95003	0.01906	40	0.4964	0.03009	2	0.131	0.03253
 1749599	36191902	chip2	318	0.90305	0.02635	40	0.49815	0.0303	2	0.1265	0.10819
 1718343	36192013	chip2	318	0.95601	0.02251	40	0.49325	0.05074	2	0.012	0.00707
 1705616	36224737	chip1	0	NA	NA	0	NA	NA	358	0.16468	0.03877
 1705774	36225076	chip1	0	NA	NA	0	NA	NA	360	0.01342	0.02706
 1707418	36238044	chip1	360	0.91173	0.02747	0	NA	NA	0	NA	NA
 1689134	36260518	chip2	0	NA	NA	18	0.49872	0.0251	342	0.08379	0.02932
 1757903	36290110	chip2	319	0.92774	0.03469	41	0.49839	0.02863	0	NA	NA
 1754427	36331169	chip1	0	NA	NA	59	0.49698	0.04737	224	0.3704	0.057
 1667748	36346051	chip2	135	0.92031	0.01477	185	0.49829	0.02679	40	0.11975	0.01748
 1669331	36346084	chip2	360	0.94658	0.01854	0	NA	NA	0	NA	NA
 1643911	36360499	chip1	65	0.98863	0.01223	181	0.49517	0.04762	114	0.03798	0.01511
 1740951	36380994	chip2	95	0.96109	0.02642	202	0.49722	0.03701	63	0.05895	0.01992
 1674969	36390027	chip2	96	0.94817	0.0164	202	0.49654	0.03838	62	0.0285	0.01875
 1725426	36390581	chip2	62	0.97385	0.01848	202	0.49827	0.02748	96	0.0483	0.01977
 1652488	36390923	chip2	61	0.99884	0.00266	203	0.49879	0.02756	96	0.00234	0.00342
 1696069	36450657	chip1	191	0.94475	0.01929	131	0.49729	0.03558	38	0.02316	0.0168
 1715787	36582090	chip2	53	0.99357	0.01499	178	0.49863	0.02566	129	0.01598	0.02018
 1716133	36583357	chip2	53	0.77951	0.04214	178	0.49896	0.02271	129	0.07572	0.02883
 1662399	36613458	chip1	135	0.95791	0.02378	173	0.49788	0.03348	52	0.13802	0.03216
 1667456	36624442	chip2	115	0.90286	0.02738	184	0.49852	0.02875	61	0.09202	0.04756
 1693843	36625384	chip2	2	0.9535	0.06576	56	0.50064	0.02306	302	0.10569	0.03628
 1696852	36695508	chip2	8	0.93812	0.01665	112	0.4991	0.02725	240	0.00325	0.0074
 1709620	36709360	chip1	7	0.91643	0.02907	107	0.49511	0.04319	246	0.02811	0.03299
 1716480	36743798	chip1	1	0.921	NA	42	0.49867	0.02703	317	0.05924	0.03045
 1654749	36827891	chip2	1	0.979	NA	35	0.4972	0.03046	324	0.01719	0.01216
 1647685	36833385	chip1	337	0.82487	0.03468	20	0.49725	0.03827	1	0.091	NA
 1649409	36843395	chip1	0	NA	NA	0	NA	NA	359	0.14395	0.02658
 1650260	36875193	chip2	334	0.99788	0.00527	25	0.4978	0.0233	1	0.028	NA
 1657808	36884987	chip2	8	0.89438	0.02336	84	0.49908	0.0223	267	0.16022	0.03388
 1680496	36885229	chip2	8	0.97625	0.01022	84	0.49825	0.03084	268	0.0255	0.02006
 1745774	37046158	chip2	1	0.954	NA	45	0.49098	0.07868	311	0.10536	0.02827
 1666054	37053271	chip2	314	0.93791	0.02481	45	0.49811	0.03097	1	0.104	NA
 1743671	37055692	chip2	1	0.952	NA	45	0.49836	0.0294	314	0.03057	0.02002
 1706549	37055986	chip2	314	0.97986	0.01316	45	0.49933	0.01843	1	0.059	NA
 1699072	37092172	chip1	0	NA	NA	3	0.496	0.05336	357	0.02401	0.01745
 1704132	37141681	chip1	69	0.90445	0.05096	180	0.49468	0.05279	111	0.00714	0.01195
 1747578	37173609	chip1	105	0.9902	0.00877	189	0.49892	0.02908	66	0.08685	0.02937
 1684125	37262938	chip1	338	0.94841	0.02436	20	0.49795	0.03371	1	0.033	NA
 1691429	37292190	chip1	69	0.89332	0.02771	183	0.49763	0.02954	108	0.07453	0.02247
 1692939	37293713	chip1	325	0.96513	0.01839	35	0.49783	0.03298	0	NA	NA
 1741556	37363846	chip1	68	0.92984	0.02259	155	0.49855	0.03264	137	0.10912	0.02852
 1741728	37364534	chip1	125	0.91347	0.04362	166	0.49262	0.0607	67	0.0374	0.02987
 1655870	37542986	chip1	256	0.99291	0.01655	93	0.48299	0.09212	11	0.014	0.03173
 1743303	37556405	chip2	257	0.91189	0.04219	92	0.49825	0.03535	11	0.07445	0.03098
 1657787	37561483	chip1	108	0.96264	0.01964	180	0.49588	0.04724	72	0.04461	0.0271
 1659387	37567247	chip1	70	0.99411	0.01186	178	0.49757	0.03559	111	0.01351	0.01539
 1751873	37571104	chip2	0	NA	NA	46	0.49763	0.03569	312	0.07455	0.03669
 1702441	37571190	chip2	314	0.86368	0.03061	46	0.49824	0.02487	0	NA	NA
 1661601	37592885	chip1	141	0.99191	0.01397	173	0.48764	0.07234	45	0.0582	0.04263
 1701736	37622286	chip1	0	NA	NA	0	NA	NA	358	0.1471	0.03063
 1684056	37644294	chip2	9	0.99733	0.0045	73	0.49753	0.02768	278	0.02947	0.02251
 1705110	37652709	chip1	140	0.92425	0.039	173	0.49725	0.03804	39	0.13538	0.03306
 1705252	37653893	chip1	359	0.99001	0.01604	0	NA	NA	0	NA	NA
 1710472	37680691	chip1	1	0.9	NA	66	0.45698	0.12909	279	0.00958	0.02859
 1739349	37719854	chip2	327	0.95254	0.02838	33	0.49567	0.04593	0	NA	NA
 1678144	37741783	chip2	64	0.91189	0.01726	156	0.49917	0.02227	140	0.14131	0.02573
 1646679	37768813	chip1	309	0.88482	0.03468	47	0.4997	0.02544	4	0.09275	0.02421
 1646807	37769938	chip1	0	NA	NA	15	0.487	0.07626	343	0.06454	0.03798
 1733284	37815416	chip2	330	0.93953	0.0288	29	0.49876	0.02848	1	0.074	NA
 1713342	37815768	chip2	329	0.87215	0.02648	29	0.498	0.01793	1	0.094	NA
 1684220	37888829	chip2	57	0.9374	0.02757	176	0.49872	0.02736	126	0.01896	0.01326
 1653276	37946718	chip2	12	0.97308	0.01324	116	0.49905	0.02462	232	0.00252	0.00429
 1744874	38087312	chip1	256	0.98168	0.01513	98	0.498	0.03284	6	0.07033	0.02033
 1679916	38271775	chip2	104	0.90391	0.03089	171	0.49291	0.04511	84	0.14855	0.06043
 1671601	38442154	chip1	307	0.86342	0.034	51	0.49894	0.02395	2	0.1035	0.02475
 1677083	38474751	chip1	113	0.97895	0.02614	181	0.49277	0.05386	64	0.05719	0.0447
 1685611	38542681	chip1	359	0.92426	0.02362	1	0.399	NA	0	NA	NA
 1673498	38568234	chip2	163	0.93567	0.0275	147	0.49781	0.03315	50	0.04216	0.02737
 1696888	38606125	chip2	0	NA	NA	15	0.499	0.02288	343	0.02633	0.0285
 1755956	38755894	chip2	72	0.87861	0.02766	172	0.49708	0.03745	116	0.10149	0.04647
 1747676	38853162	chip1	315	0.98534	0.01321	44	0.49302	0.05422	0	NA	NA
 1747926	38853838	chip1	0	NA	NA	5	0.497	0.04516	355	0.08937	0.0239
 1702325	38923549	chip2	0	NA	NA	22	0.49918	0.02074	338	0.10243	0.02955
 1736627	39013098	chip2	256	0.99865	0.00697	96	0.49361	0.0541	8	0.073	0.02674
 1660811	39044387	chip2	120	0.95193	0.03448	175	0.49545	0.04627	64	0.05045	0.02547
 1746756	39047342	chip1	279	0.97607	0.02136	74	0.48708	0.0822	6	0	0
 1686829	39174218	chip1	4	0.972	0.01958	46	0.49639	0.04238	310	0.04076	0.01894
 1740598	39265397	chip1	1	0.942	NA	62	0.48089	0.08284	277	0.19059	0.09509
 1649412	39302438	chip2	224	0.88758	0.0394	119	0.49867	0.02732	16	0.15163	0.03475
 1750253	39351986	chip2	6	0.915	0.00795	87	0.49902	0.02132	267	0.11552	0.02223
 1717007	39360134	chip2	3	0.998	0.00346	68	0.4894	0.07611	289	0.03661	0.01856
 1746985	39368285	chip2	0	NA	NA	16	0.49838	0.02841	343	0.02989	0.02074
 1675754	39368378	chip2	263	0.98786	0.00891	90	0.4995	0.02095	7	0.047	0.01633
 1735729	39368822	chip2	344	0.95674	0.01159	16	0.49931	0.01951	0	NA	NA
 1675775	39373853	chip1	282	0.97094	0.02626	73	0.49125	0.06099	5	0.0294	0.00907
 1677039	39374399	chip1	356	0.94673	0.03983	0	NA	NA	0	NA	NA
 1719221	39375875	chip2	0	NA	NA	0	NA	NA	346	0.12342	0.02393
 1733125	39526204	chip1	161	0.98411	0.01847	163	0.49682	0.03976	36	0.04119	0.03275
 1686863	39730158	chip1	294	0.90571	0.03424	64	0.49638	0.03561	2	0.1325	0.03889
 1663830	39821961	chip2	305	0.90561	0.02283	53	0.49845	0.0176	2	0.138	0.00424
 1749508	39870146	chip1	307	0.9261	0.09829	24	0.47146	0.12444	0	NA	NA
 1749820	39870683	chip1	20	0.96665	0.02874	151	0.46634	0.14459	165	0.13318	0.03495
 1753542	39911388	chip1	201	0.97153	0.01879	141	0.48855	0.07965	17	0.01312	0.04155
 1698697	39970507	chip2	204	0.87993	0.02688	122	0.48836	0.07171	22	0.07459	0.04509
 1693013	40021105	chip1	176	0.97943	0.01305	140	0.49586	0.04425	44	0.07045	0.02899
 1692334	40030096	chip2	76	0.8463	0.0392	165	0.49704	0.0358	111	0.20596	0.05133
 1735447	40072244	chip1	45	0.96582	0.02713	161	0.4882	0.06908	154	0.05684	0.04137
 1735563	40072344	chip1	346	0.83432	0.05725	11	0.45873	0.11834	0	NA	NA
 1702237	40073692	chip2	157	0.97941	0.023	157	0.49654	0.03804	46	0.05026	0.03603
 1653682	40074074	chip2	0	NA	NA	0	NA	NA	360	0.09849	0.02863
 1738704	40087906	chip1	0	NA	NA	0	NA	NA	360	0.08362	0.02743
 1738938	40091246	chip1	215	0.99376	0.00798	127	0.49725	0.03757	18	0.04172	0.02887
 1713490	40489756	chip2	10	0.9302	0.01692	91	0.49827	0.02801	259	0.10846	0.02967
 1750859	40489900	chip2	259	0.97767	0.01577	91	0.49942	0.01665	10	0.0277	0.01924
 1717860	40615878	chip1	0	NA	NA	0	NA	NA	360	0.05691	0.01571
 1716667	40749462	chip2	217	0.96095	0.02772	129	0.48311	0.10218	0	NA	NA
 1693266	40771776	chip2	110	0.92484	0.02495	188	0.49795	0.03601	62	0.04994	0.03654
 1693569	41433563	chip2	49	0.97804	0.01901	172	0.49734	0.03979	139	0.0454	0.02693
 1682404	41434772	chip2	152	0.96732	0.02122	165	0.49713	0.03412	43	0.12886	0.03871
 1683763	41602840	chip1	50	0.84138	0.03287	188	0.49331	0.06226	107	0.08385	0.03977
 1665361	41953650	chip1	360	0.99755	0.00549	0	NA	NA	0	NA	NA
 1723349	42057888	chip1	199	0.92567	0.03583	136	0.49835	0.03035	25	0.08284	0.02155
 1723461	42058972	chip1	298	0.94877	0.02191	60	0.49793	0.02971	2	0	0
 1641957	42063572	chip2	25	0.99804	0.00517	136	0.49758	0.03651	199	0.00744	0.01399
 1665830	42122156	chip2	321	0.91632	0.02987	37	0.49865	0.02864	2	0.2435	0.02616
 1745504	42122663	chip2	321	0.98398	0.01695	37	0.49968	0.0269	2	0.013	0.00707
 1689616	42138787	chip2	3	0.976	0.003	57	0.49612	0.04419	300	0.01248	0.01431
 1653730	42167867	chip2	51	0.86165	0.04066	165	0.49758	0.02817	144	0.09581	0.03428
 1744991	42167901	chip2	33	0.97321	0.01806	157	0.49627	0.04462	170	0.02235	0.0166
 1694765	42223571	chip2	18	0.95472	0.02588	125	0.49882	0.02442	217	0.10088	0.02519
 1758587	42248158	chip2	251	0.94332	0.04652	101	0.49286	0.05174	8	0.05937	0.02949
 1652848	42578170	chip2	36	0.91122	0.05186	179	0.49715	0.03753	145	0.14728	0.04659
 1646856	42606994	chip2	8	0.97162	0.02549	66	0.49774	0.03199	285	0.00213	0.00577
 1648580	42607072	chip2	1	0.947	NA	64	0.49886	0.02202	294	0.06867	0.03159
 1678239	42638020	chip1	20	0.98135	0.01523	144	0.49481	0.05186	193	0.10531	0.04245
 1729048	42749242	chip1	0	NA	NA	0	NA	NA	360	0.03448	0.02023
 1710315	42832806	chip2	129	0.95478	0.02198	171	0.49545	0.04994	59	0.1099	0.03675
 1663657	42881280	chip1	157	0.9885	0.01151	159	0.49777	0.0321	44	0.02491	0.02004
 1665461	42893552	chip1	197	0.94285	0.02154	141	0.49295	0.0568	22	0.05691	0.03837
 1714373	42985803	chip1	5	0.8486	0.03459	69	0.49739	0.0277	286	0.05934	0.01774
 1719840	43009228	chip1	182	0.91621	0.03464	147	0.49776	0.03578	31	0.02432	0.01613
 1711392	43186344	chip2	25	0.96888	0.01544	124	0.49924	0.01557	210	0.03014	0.02957
 1668854	43450782	chip1	1	0.873	NA	53	0.49815	0.0305	304	0.10636	0.03307
 1743243	43726908	chip2	249	0.87574	0.04935	101	0.4977	0.03573	10	0.1378	0.04132
 1699856	44776627	chip1	178	0.97608	0.01667	154	0.49768	0.03422	28	0.08471	0.02217
 1701218	44778442	chip1	2	0.954	0	75	0.49837	0.02891	282	0.0506	0.02138
 1701344	44778481	chip1	283	0.97023	0.01982	75	0.49853	0.02702	2	0.0985	0.01202
 1662719	44964656	chip1	36	0.97122	0.0205	139	0.49669	0.03718	185	0.0243	0.01333
 1712177	44996274	chip2	360	0.87867	0.04294	0	NA	NA	0	NA	NA
 1734340	45229641	chip2	0	NA	NA	0	NA	NA	359	0.08209	0.02214
 1706804	45234578	chip1	0	NA	NA	12	0.49775	0.03443	348	0.05624	0.02348
 1709006	45253529	chip1	360	0.99177	0.0124	0	NA	NA	0	NA	NA
 1709167	45796700	chip2	64	0.97323	0.01623	184	0.49881	0.02039	112	0.03721	0.01478
 1665761	46084725	chip1	0	NA	NA	0	NA	NA	359	0.0513	0.03361
 1715987	46160099	chip2	247	0.99983	0.00151	98	0.49868	0.02359	15	0.024	0.01456
 1744087	46160904	chip2	17	0.97429	0.01719	107	0.49779	0.032	236	0.05598	0.02826
 1722179	46200282	chip1	233	0.95082	0.02075	108	0.49777	0.03443	19	0.04947	0.02112
 1647659	46217744	chip1	26	0.84804	0.03812	161	0.4915	0.05973	164	0.04281	0.02067
 1758251	46260027	chip2	348	0.95378	0.02193	12	0.49875	0.02626	0	NA	NA
 1668644	46260114	chip2	0	NA	NA	15	0.4922	0.0736	345	0.02838	0.01464
 1671698	46260299	chip2	0	NA	NA	15	0.49953	0.01574	344	0.0422	0.02159
 1710886	46260460	chip2	196	0.90511	0.03738	142	0.49681	0.0355	20	0.11635	0.03575
 1674801	46294310	chip2	0	NA	NA	13	0.48508	0.0867	347	0.03104	0.02896
 1653791	46477122	chip1	148	0.98024	0.01666	161	0.49535	0.04964	51	0.01814	0.01356
 1694367	46754147	chip2	70	0.94407	0.0265	181	0.49831	0.03197	109	0.03126	0.01784
 1754739	46756350	chip1	46	0.9985	0.00497	172	0.497	0.03844	142	0.02438	0.01146
 1756594	46769831	chip1	321	0.95682	0.02027	38	0.49905	0.05128	1	0	NA
 1696942	46822616	chip2	120	0.95004	0.02445	174	0.49838	0.02993	66	0.00605	0.01033
 1681968	46823282	chip2	360	0.95432	0.02095	0	NA	NA	0	NA	NA
 1701735	46844069	chip2	86	0.81305	0.05764	159	0.49513	0.04339	114	0.04362	0.02465
 1698302	46872411	chip1	176	0.93932	0.02852	149	0.49866	0.0292	35	0.02303	0.014
 1745074	46920285	chip1	177	0.9749	0.01969	149	0.49586	0.04406	34	0.08638	0.03065
 1684068	47046784	chip2	97	0.881	0.0305	189	0.49841	0.02637	74	0.12403	0.02806
 1665538	47085126	chip2	221	0.94505	0.02811	129	0.49909	0.02209	10	0.0505	0.02299
 1650678	47364600	chip2	280	0.92895	0.02034	74	0.49734	0.03516	6	0.0565	0.01166
 1722466	47889421	chip2	299	0.90514	0.03521	59	0.49639	0.04127	2	0.076	0.01131
 1667768	48043004	chip2	0	NA	NA	215	0.4807	0.09126	144	0.04713	0.01384
 1664674	48123857	chip2	0	NA	NA	0	NA	NA	360	0.01228	0.00929
 1697102	48163405	chip2	33	0.89997	0.02416	153	0.49807	0.03292	173	0.07649	0.0374
 1704756	48326010	chip1	358	0.94235	0.02958	2	0.5	0.00283	0	NA	NA
 1691385	48422858	chip1	0	NA	NA	1	0.41	NA	358	0.12589	0.03727
 1661091	48816575	chip2	95	0.94456	0.01908	188	0.49909	0.02727	77	0.02855	0.02337
 1688817	48968877	chip1	326	0.87839	0.03838	29	0.49728	0.03747	0	NA	NA
 1736971	48973402	chip2	2	0.942	0.00283	51	0.49927	0.02998	306	0.07786	0.02586
 1690923	48983786	chip1	360	0.9911	0.00951	0	NA	NA	0	NA	NA
 1692223	48990002	chip1	62	0.99255	0.01474	178	0.49571	0.0429	120	0.03637	0.01516
 1658782	49023453	chip2	246	0.89274	0.01977	96	0.4982	0.02715	18	0.07628	0.03783
 1705953	49023810	chip2	240	0.90905	0.02871	97	0.49878	0.02495	23	0.03348	0.01445
 1664248	49024337	chip2	3	0.92633	0.00306	68	0.4981	0.03144	289	0.04035	0.01777
 1746187	49045978	chip1	249	0.92737	0.02977	94	0.49301	0.05301	17	0.05471	0.017
 1746323	49046020	chip1	254	0.97886	0.021	94	0.46771	0.12025	3	0.06633	0.02178
 1746662	49047104	chip1	17	0.98018	0.01099	95	0.49774	0.04175	248	0.02333	0.02169
 1751921	49050601	chip2	360	0.99066	0.02873	0	NA	NA	0	NA	NA
 1743639	49066556	chip2	13	0.99123	0.01148	87	0.49786	0.03138	259	0.01187	0.0122
 1730409	49075640	chip2	260	0.99489	0.00834	87	0.49729	0.0367	13	0.05077	0.01775
 1654585	49103383	chip2	260	0.97415	0.0129	87	0.49872	0.02465	13	0.00515	0.0089
 1691353	49155176	chip1	133	0.98326	0.02035	163	0.49533	0.04931	64	0.073	0.03598
 1710455	49174547	chip2	347	0.98606	0.0152	13	0.499	0.02389	0	NA	NA
 1747674	49325926	chip1	61	0.86652	0.03192	182	0.49685	0.04111	117	0.03062	0.01371
 1673399	49344588	chip1	100	0.98881	0.01149	184	0.49755	0.03309	76	0.04089	0.01921
 1717833	49362142	chip2	310	0.97128	0.03632	45	0.49242	0.06191	3	0.018	0.02252
 1679027	49413539	chip1	98	0.94368	0.04518	182	0.48946	0.07449	69	0.12948	0.04537
 1680747	49432442	chip1	4	0.94	0.01143	52	0.49469	0.04571	302	0.10252	0.03012
 1706978	49522732	chip1	26	0.982	0.01184	145	0.49657	0.03975	189	0.02926	0.01843
 1705587	49539640	chip2	69	0.96923	0.0124	170	0.49782	0.03073	121	0.05812	0.01405
 1716147	49542393	chip2	68	0.95263	0.02359	171	0.49831	0.02434	121	0.08707	0.03199
 1714125	49551485	chip1	7	0.92871	0.02549	93	0.49862	0.02252	260	0.12101	0.02726
 1714683	49567157	chip2	74	0.84966	0.03196	171	0.49723	0.03478	112	0.20287	0.03821
 1646779	49594168	chip1	68	0.81674	0.03241	280	0.48555	0.08717	0	NA	NA
 1746041	49594178	chip1	0	NA	NA	24	0.48892	0.0713	283	0.10307	0.10794
 1746143	49659554	chip1	262	0.97308	0.01702	90	0.49684	0.03291	8	0.01238	0.00968
 1730763	49701530	chip2	7	0.946	0.04319	105	0.49825	0.02791	248	0.09783	0.03142
 1644451	49705102	chip1	6	0.93883	0.03648	59	0.49175	0.0741	275	0.16813	0.05208
 1747012	49811496	chip1	132	0.93793	0.04147	166	0.49196	0.06029	61	0.01969	0.0305
 1679035	50148945	chip1	75	0.92179	0.02194	185	0.49763	0.03192	100	0.07078	0.02611
 1731901	50478886	chip2	212	0.91316	0.05537	127	0.49251	0.06491	21	0.01233	0.02045
 1695897	50478922	chip2	21	0.95319	0.01413	127	0.49956	0.02105	212	0.03071	0.01565
 1654653	51019549	chip2	6	0.857	0.03532	52	0.49542	0.04829	302	0.0455	0.01953
 1695653	51019671	chip2	0	NA	NA	0	NA	NA	360	0.03871	0.02951
 1646186	51019773	chip2	115	0.98857	0.01418	161	0.46677	0.1221	80	0.03993	0.02996
 1732206	51123478	chip1	111	0.93474	0.01973	192	0.49747	0.0358	57	0.14033	0.03426
 1674661	51236151	chip2	0	NA	NA	0	NA	NA	360	0.05258	0.01929
 1647328	51265624	chip2	292	0.92939	0.05485	62	0.49635	0.04202	5	0.0904	0.02588
 1702101	51267243	chip2	294	0.98136	0.02234	61	0.4942	0.05303	5	0.1418	0.04059
 1670538	51279558	chip2	3	0.99567	0.00751	30	0.49917	0.05867	323	0.01517	0.03217
 1675452	51308749	chip1	338	0.87833	0.03881	18	0.49772	0.03427	1	0.13	NA
 1736133	51342410	chip2	24	0.88871	0.03659	146	0.49434	0.05794	189	0.04367	0.03386
 1680821	51365851	chip1	111	0.79686	0.04498	175	0.49784	0.03181	65	0.16655	0.03609
 1642259	51405469	chip2	11	0.95282	0.01637	107	0.49876	0.02215	242	0.06215	0.03213
 1729340	51650847	chip2	0	NA	NA	12	0.49358	0.05361	346	0.04249	0.02851
 1684674	51886094	chip2	134	0.99676	0.00638	153	0.49628	0.03551	73	0.01929	0.01105
 1735099	52085632	chip1	0	NA	NA	0	NA	NA	360	0.04023	0.01637
 1743362	52162376	chip1	41	0.92163	0.02837	167	0.49801	0.03167	152	0.03638	0.01786
 1743452	52162702	chip1	7	0.93157	0.01841	87	0.49777	0.03568	262	0.104	0.02676
 1745181	52180918	chip1	222	0.99426	0.00968	125	0.49614	0.04343	13	0.05769	0.02455
 1737904	52292281	chip2	27	0.986	0.01306	131	0.49968	0.01867	202	0.07256	0.01592
 1669065	52292441	chip2	194	0.90306	0.03332	136	0.49465	0.03069	29	0.05538	0.03225
 1734069	52544997	chip1	275	0.8922	0.0308	80	0.4984	0.03963	4	0.07775	0.02461
 1734177	52545059	chip1	276	0.99279	0.00822	80	0.49834	0.03103	4	0	0
 1734319	52546246	chip1	272	0.99209	0.01256	84	0.49023	0.05795	4	0.01925	0.0204
 1758549	52704281	chip2	216	0.9763	0.01429	123	0.49938	0.02008	21	0.06457	0.02087
 1757035	52822703	chip2	29	0.9459	0.01591	144	0.49853	0.02744	187	0.14042	0.03413
 1722933	52854562	chip1	18	0.97389	0.02333	106	0.4963	0.04141	236	0.0342	0.03049
 1724444	52977975	chip2	144	0.94682	0.0139	167	0.49857	0.02565	49	0.10951	0.0281
 1720214	53169922	chip1	73	0.93314	0.02942	189	0.4946	0.05299	97	0.0106	0.00912
 1720338	53170122	chip1	113	0.90707	0.02412	186	0.4984	0.02902	61	0.04202	0.02316
 1722329	53177802	chip1	105	0.83656	0.0458	184	0.49798	0.03687	61	0.12026	0.04453
 1722429	53177872	chip1	66	0.84158	0.02453	184	0.49857	0.02463	109	0.22093	0.03887
 1736088	53184764	chip1	50	0.9574	0.02167	173	0.49239	0.06233	135	0.07624	0.04249
 1736466	53202202	chip1	0	NA	NA	8	0.49888	0.02648	351	0.05071	0.02136
 1739682	53219394	chip1	318	0.98428	0.01035	42	0.49602	0.04315	0	NA	NA
 1739794	53219416	chip1	0	NA	NA	0	NA	NA	359	0.06335	0.02472
 1741312	53223188	chip1	12	0.94583	0.03134	109	0.49813	0.02885	239	0.01529	0.01611
 1704677	53255346	chip2	245	0.92994	0.03306	102	0.49868	0.02323	13	0.05646	0.02218
 1685098	53325976	chip2	138	0.99929	0.0025	164	0.49872	0.02349	58	0.08022	0.03165
 1751445	53331284	chip2	138	0.95062	0.01978	163	0.49867	0.02558	59	0.00451	0.00691
 1682186	53340283	chip2	138	0.97734	0.01495	165	0.49878	0.02175	57	0.08616	0.02159
 1660000	53406965	chip1	215	0.91488	0.02705	129	0.49799	0.03494	16	0.04644	0.02043
 1660098	53407081	chip1	20	0.9239	0.02705	109	0.49688	0.03965	231	0.01629	0.01325
 1712945	53411226	chip2	16	0.95419	0.0381	127	0.49042	0.06777	206	0.08995	0.04209
 1668246	53411500	chip2	20	0.9401	0.03385	108	0.49747	0.03639	232	0.02656	0.01242
 1725920	53413992	chip2	9	0.987	0.01146	112	0.49677	0.04423	238	0.00344	0.01047
 1725212	53429261	chip2	71	0.95266	0.03399	197	0.49856	0.02576	92	0.0313	0.02223
 1668978	53439815	chip1	0	NA	NA	1	0.213	NA	357	0.06838	0.02033
 1743755	53558026	chip2	14	0.93686	0.01071	110	0.49957	0.01473	236	0.06426	0.01528
 1699683	53996472	chip2	0	NA	NA	23	0.48722	0.0664	292	0.31221	0.07583
 1663755	54393792	chip1	0	NA	NA	0	NA	NA	360	0.03218	0.01808
 1718193	54599634	chip2	0	NA	NA	0	NA	NA	360	0.07175	0.02331
 1704769	54628597	chip2	236	0.95399	0.04502	110	0.47918	0.08902	8	0.20588	0.03298
 1645260	54914726	chip2	173	0.87521	0.02822	154	0.49907	0.01945	33	0.19385	0.01879
 1655587	55028651	chip2	10	0.8574	0.0376	111	0.49942	0.02251	239	0.07259	0.02915
 1684154	55171976	chip2	0	NA	NA	0	NA	NA	360	0.00108	0.00687
 1736968	55203845	chip1	345	0.83832	0.11515	4	0.4995	0.01955	0	NA	NA
 1655957	55215534	chip2	0	NA	NA	0	NA	NA	355	0.08755	0.0381
 1664343	55242623	chip1	360	0.9807	0.02192	0	NA	NA	0	NA	NA
 1661939	55512607	chip1	360	0.98624	0.01333	0	NA	NA	0	NA	NA
 1663133	55514220	chip1	280	0.8487	0.03881	75	0.49903	0.0279	5	0.087	0.02673
 1692466	55547747	chip2	306	0.91459	0.03735	52	0.49737	0.03689	2	0.034	0.00424
 1680906	55922035	chip2	138	0.99565	0.00646	171	0.49962	0.01906	51	2e-05	0.00014
 1663084	55922302	chip2	38	0.98203	0.01325	163	0.49887	0.02535	159	0.06429	0.02053
 1715901	56007636	chip2	223	0.85745	0.03302	116	0.49898	0.02186	20	0.16305	0.02757
 1676652	56043746	chip2	102	0.93128	0.02112	181	0.4989	0.02301	77	0.10101	0.02703
 1665677	56063231	chip1	20	0.88125	0.01977	131	0.49885	0.0242	209	0.14881	0.04362
 1687924	56134511	chip2	300	0.97537	0.03937	56	0.49127	0.06681	2	0	0
 1677638	56142741	chip2	5	0.9106	0.01683	110	0.49572	0.04772	241	0.09645	0.03787
 1677906	56203682	chip2	99	0.99147	0.00804	172	0.49933	0.01806	89	0.03517	0.01027
 1647994	56203742	chip2	151	0.97373	0.02231	161	0.49798	0.03211	48	0.01458	0.01086
 1665466	56259802	chip2	27	0.95985	0.01919	140	0.4975	0.03695	193	0.01933	0.01923
 1667138	56275428	chip2	360	0.9919	0.01313	0	NA	NA	0	NA	NA
 1686664	56275748	chip2	0	NA	NA	53	0.49034	0.07352	290	0.14096	0.04908
 1690924	56276059	chip2	346	0.79237	0.05548	6	0.42083	0.20661	0	NA	NA
 1752127	56276410	chip2	2	0.8825	0.00071	51	0.49902	0.02582	307	0.08799	0.02187
 1697187	56439915	chip1	0	NA	NA	0	NA	NA	360	0.07338	0.02786
 1758271	56646534	chip2	1	0.973	NA	43	0.49681	0.0414	316	0.02248	0.022
 1685890	56667535	chip2	1	0.95	NA	65	0.49942	0.02027	294	0.02229	0.01304
 1744618	56710286	chip1	9	0.993	0.01002	104	0.47715	0.10843	247	0.01564	0.03103
 1751766	56729516	chip1	52	0.93113	0.02623	186	0.49095	0.06908	117	0.02771	0.04637
 1751956	56733696	chip1	109	0.9405	0.04625	195	0.49475	0.05265	55	0.01465	0.0138
 1651540	56763284	chip2	3	0.966	0.00781	84	0.49848	0.02731	273	0.05485	0.01947
 1652244	56763379	chip2	197	0.95747	0.01166	143	0.49941	0.01626	20	0.0799	0.02278
 1739445	56764246	chip2	272	0.98008	0.02151	84	0.49477	0.05077	3	0.04533	0.03553
 1682809	56776648	chip1	287	0.97451	0.01431	70	0.49649	0.03818	3	0.09133	0.02479
 1683203	56781296	chip1	240	0.99769	0.02192	98	0.49006	0.06574	13	0.00877	0.00495
 1683295	56781536	chip1	0	NA	NA	0	NA	NA	359	0.0056	0.01079
 1686417	56790821	chip1	0	NA	NA	27	0.49881	0.02543	333	0.07223	0.03018
 1747407	56800494	chip2	7	0.96014	0.02631	63	0.49148	0.06623	289	0.02711	0.02277
 1719381	56800742	chip2	5	0.9766	0.0241	76	0.49699	0.03132	279	0.03056	0.01731
 1721720	57024188	chip2	74	0.96312	0.02716	178	0.49791	0.03474	108	0.04481	0.02654
 1710195	57024830	chip2	0	NA	NA	3	0.499	0.0233	357	0.04034	0.01975
 1741531	57032873	chip2	74	0.86304	0.03681	178	0.49651	0.0462	108	0.05569	0.03561
 1692662	57033283	chip2	20	0.96865	0.02797	136	0.49586	0.05225	204	0.02709	0.03699
 1755467	57117898	chip1	16	0.88644	0.02306	134	0.49917	0.02158	210	0.08209	0.0221
 1691681	57189755	chip1	154	0.92514	0.03169	167	0.4982	0.03185	39	0.01987	0.01712
 1728159	57313456	chip2	0	NA	NA	19	0.49958	0.0143	341	0.13571	0.02898
 1722476	57404193	chip2	0	NA	NA	1	0.567	NA	359	0.00236	0.00643
 1744796	57561090	chip1	65	0.95586	0.01923	159	0.49822	0.02492	136	0.06854	0.01976
 1744988	57561124	chip1	86	0.81348	0.0569	164	0.49383	0.05114	108	0.07269	0.03246
 1752226	57577949	chip1	126	0.93629	0.0386	183	0.48716	0.07718	50	0.01916	0.02336
 1713049	57641156	chip2	165	0.97524	0.01945	152	0.49826	0.02944	43	0.01602	0.00914
 1690587	57648888	chip2	164	0.9857	0.01445	152	0.4959	0.04529	44	0.11341	0.02709
 1687082	57649297	chip2	44	0.98557	0.01241	151	0.49879	0.02481	165	0.02593	0.01256
 1644838	57649935	chip2	39	0.88915	0.02797	151	0.49805	0.03137	162	0.08829	0.02383
 1646865	57791787	chip1	42	0.873	0.02542	140	0.49821	0.03205	178	0.05833	0.02563
 1649995	57807597	chip1	354	0.95727	0.0252	6	0.4995	0.01786	0	NA	NA
 1650147	57807655	chip1	12	0.84	0.05893	43	0.4957	0.04661	303	0.10288	0.04971
 1700725	57844735	chip1	185	0.96259	0.02348	139	0.49645	0.03807	32	0.02244	0.01399
 1702310	57848908	chip1	2	0.98	0.02828	37	0.49768	0.03515	321	0.00819	0.01321
 1728417	58194918	chip2	1	0.963	NA	13	0.49369	0.02763	346	0.01731	0.0159
 1704980	58200026	chip1	79	0.92576	0.02855	180	0.49696	0.04189	101	0.01347	0.01548
 1705098	58200324	chip1	97	0.91562	0.04418	180	0.48438	0.08809	74	0.21546	0.03661
 1744800	58209054	chip1	358	0.89879	0.01844	2	0.4985	0.04172	0	NA	NA
 1709657	58500846	chip2	338	0.90185	0.03166	21	0.49805	0.0187	0	NA	NA
 1712348	58685255	chip1	1	0.998	NA	51	0.49576	0.04882	308	0.00179	0.00582
 1715978	58699561	chip1	0	NA	NA	112	0.48907	0.06691	226	0.1776	0.04517
 1643213	58746598	chip2	158	0.99139	0.00989	156	0.49674	0.03326	46	0.02615	0.02509
 1662036	58837765	chip2	18	0.89183	0.03829	164	0.49701	0.04288	178	0.04467	0.03119
 1717823	58897046	chip2	1	0.939	NA	39	0.49667	0.03887	320	0.0018	0.00527
 1672292	58908108	chip2	37	0.85611	0.03972	159	0.498	0.02637	163	0.11336	0.03418
 1687749	59132286	chip1	336	0.95393	0.03502	21	0.49333	0.0563	1	0.064	NA
 1717901	59181299	chip2	10	0.9506	0.02562	124	0.49696	0.03868	226	0.05365	0.02686
 1646906	59245509	chip2	9	0.97889	0.01637	107	0.48907	0.07176	238	0.01168	0.01868
 1685623	59479230	chip1	0	NA	NA	74	0.48945	0.06581	283	0.01442	0.01876
 1685759	59479826	chip1	360	0.96833	0.01593	0	NA	NA	0	NA	NA
 1724459	59485000	chip1	37	0.98173	0.04524	159	0.47231	0.11563	124	0.10541	0.04951
 1724731	59485642	chip1	61	0.86225	0.06911	187	0.48222	0.08682	92	0.0712	0.04812
 1681394	59488867	chip2	0	NA	NA	82	0.48179	0.07774	252	0.13724	0.02184
 1646570	59489660	chip2	97	0.89015	0.0335	186	0.49709	0.04413	77	0.04336	0.01816
 1698954	59760823	chip1	0	NA	NA	5	0.453	0.20526	354	0.03957	0.05285
 1662908	59790479	chip2	18	0.8405	0.03595	158	0.49085	0.05855	169	0.01711	0.01948
 1663134	59794710	chip2	37	0.97381	0.01895	154	0.49754	0.03442	169	0.04876	0.0175
 1656103	59803539	chip2	284	0.86233	0.02564	71	0.49934	0.02423	5	0.0838	0.06333
 1642498	59864390	chip1	180	0.97146	0.02688	153	0.48624	0.08433	27	0.00726	0.02415
 1662550	59886493	chip2	165	0.96858	0.01931	156	0.49571	0.04116	39	0.10121	0.02819
 1657574	59886633	chip2	137	0.98869	0.01355	173	0.4971	0.04016	50	0.05468	0.02564
 1649102	59886825	chip2	309	0.99305	0.00871	50	0.49842	0.02816	1	0.036	NA
 1714767	59886917	chip2	309	0.97603	0.02082	50	0.49962	0.03036	1	0.077	NA
 1686537	60001698	chip1	4	0.9135	0.03667	47	0.4976	0.03628	309	0.09602	0.02437
 1690146	60012591	chip1	264	0.90095	0.03274	91	0.49592	0.0447	5	0.0126	0.00654
 1732451	60069023	chip2	311	0.95053	0.02125	47	0.49951	0.0204	1	0.127	NA
 1700613	60373858	chip1	3	0.897	0.007	37	0.49819	0.03119	320	0.06348	0.02798
 1757339	60695892	chip2	159	0.95952	0.01557	170	0.49858	0.02897	31	0.02306	0.01143
 1745057	61010000	chip2	8	0.9515	0.02546	89	0.49911	0.02083	263	0.04552	0.01798
 1723992	61010979	chip2	262	0.97322	0.02356	89	0.4963	0.04315	8	0.08675	0.03605
 1720133	61011337	chip2	39	0.96813	0.01521	161	0.49791	0.03376	160	0.12819	0.03676
 1712609	61011383	chip2	8	0.90138	0.02761	89	0.4989	0.02349	263	0.0653	0.02202
 1708671	61021559	chip2	8	0.951	0.0182	99	0.49934	0.01849	253	0.09365	0.02284
 1705563	61064425	chip2	39	0.99121	0.01306	165	0.49647	0.03995	156	0.00806	0.01279
 1677094	61064517	chip2	155	0.87788	0.0331	163	0.49807	0.02403	40	0.17375	0.04947
 1665388	61072944	chip2	10	0.9403	0.01196	106	0.49753	0.03566	243	0.12047	0.03456
 1734412	61074906	chip2	218	0.96594	0.01471	125	0.49774	0.03514	16	0.12231	0.02922
 1670030	61077065	chip1	20	0.93155	0.041	143	0.49053	0.06606	193	0.09698	0.05785
 1659969	61107777	chip2	172	0.99156	0.00974	157	0.49867	0.02669	31	0.05768	0.02418
 1722300	61116501	chip2	0	NA	NA	29	0.48859	0.07918	328	0.09243	0.06629
 1663552	61128652	chip2	39	0.9141	0.01625	164	0.49947	0.0192	157	0.0865	0.0237
 1650134	61131250	chip2	6	0.9795	0.01735	108	0.49622	0.04142	246	0.01579	0.01654
 1727946	61134313	chip1	39	0.86928	0.02705	164	0.49768	0.03265	156	0.09943	0.04114
 1679196	61207687	chip2	0	NA	NA	1	0.499	NA	359	0.0349	0.01661
 1719692	61221153	chip1	122	0.91014	0.03063	179	0.49846	0.02722	59	0.06732	0.02104
 1719988	61222476	chip1	296	0.90227	0.02089	62	0.499	0.02273	2	0.112	0.03394
 1703749	61295070	chip2	0	NA	NA	31	0.49474	0.0501	328	0.00023	0.00154
 1689508	61369111	chip2	68	0.97385	0.02732	197	0.4983	0.02866	95	0.04822	0.0221
 1725257	61554788	chip1	80	0.93193	0.02381	178	0.49801	0.03342	102	0.02075	0.01624
 1725377	61555118	chip1	213	0.95612	0.01909	126	0.49627	0.04112	21	0.1071	0.03361
 1671365	61752129	chip1	36	0.89303	0.06565	163	0.48941	0.07135	151	0.02205	0.03316
 1671467	61752385	chip1	27	0.98922	0.01141	137	0.49777	0.03062	196	0.05568	0.01884
 1671589	61752418	chip1	27	0.96196	0.02912	137	0.49731	0.04254	196	0.04614	0.02316
 1687680	61755728	chip2	192	0.96625	0.01567	132	0.49776	0.03079	36	0.02728	0.01959
 1715270	61780662	chip1	126	0.90704	0.02722	159	0.49641	0.04032	75	0.03068	0.02541
 1661199	61906985	chip2	360	0.94866	0.02916	0	NA	NA	0	NA	NA
 1705388	62016152	chip1	168	0.9355	0.03495	164	0.48833	0.06924	21	0.16748	0.0369
 1705976	62036725	chip1	143	0.99707	0.00523	168	0.49662	0.04197	49	0.05706	0.02932
 1707761	62051244	chip1	0	NA	NA	4	0.454	0.17842	344	0.09785	0.11427
 1673886	62128208	chip2	4	0.9645	0.02615	73	0.49942	0.02331	283	0.00658	0.00904
 1697743	62189739	chip2	0	NA	NA	0	NA	NA	360	0.00659	0.00657
 1706627	62431059	chip2	266	0.96497	0.02072	86	0.49877	0.0278	8	0.01588	0.00376
 1645690	62556894	chip2	0	NA	NA	31	0.49613	0.03334	329	0.01123	0.01178
 1733468	62826084	chip2	195	0.97157	0.01596	149	0.49694	0.03365	16	0.04188	0.01963
 1718444	63029177	chip1	112	0.88665	0.04136	215	0.48491	0.08928	9	0.19056	0.07284
 1748725	63186871	chip2	77	0.98881	0.01008	193	0.49578	0.04145	90	0.04976	0.01868
 1733064	63270390	chip2	248	0.86866	0.03903	95	0.49792	0.03038	17	0.05188	0.01914
 1713381	63276577	chip1	0	NA	NA	105	0.46318	0.12318	245	0.06386	0.03769
 1713543	63277060	chip1	81	0.98454	0.01845	189	0.4912	0.07429	74	0.15403	0.05217
 1658206	63437743	chip2	38	0.96579	0.01551	157	0.49924	0.02339	164	0.05701	0.02567
 1709256	63458980	chip1	146	0.9199	0.04107	147	0.49765	0.03409	67	0.02915	0.01137
