Probe_set	Phy_position	Chiptype	num_AA	mean_AA	std_AA	num_AB	mean_AB	std_AB	num_BB	mean_BB	std_BB
 1749981	14919559	chip2	281	0.8807	0.02558	77	0.4983	0.07569	0	NA	NA
 1654373	15268577	chip2	49	0.99416	0.00679	161	0.49394	0.05776	150	0.00825	0.013
 1680777	15276762	chip1	0	NA	NA	52	0.4976	0.03824	265	0.23263	0.11312
 1671443	15474749	chip1	0	NA	NA	174	0.48646	0.07971	173	0.21765	0.02239
 1676020	15510409	chip2	16	0.81356	0.04251	136	0.46562	0.12115	205	0.0222	0.01341
 1708986	15570730	chip1	325	0.96609	0.04213	32	0.47731	0.09348	0	NA	NA
 1702725	15575867	chip2	2	0.9195	0.02051	33	0.49682	0.04141	323	0.01285	0.01795
 1708272	15691027	chip2	28	0.95289	0.00928	133	0.498	0.02555	199	0.06125	0.02173
 1718977	15791899	chip2	271	0.91955	0.02586	87	0.49862	0.02339	2	0.122	0.04525
 1716814	15809384	chip1	68	0.9249	0.05798	176	0.48771	0.08897	116	0.01428	0.00931
 1716938	15809434	chip1	347	0.99699	0.00659	13	0.49692	0.0199	0	NA	NA
 1718630	15815034	chip1	0	NA	NA	0	NA	NA	360	0.0463	0.02321
 1662117	15881980	chip1	292	0.82397	0.06361	41	0.48702	0.09624	0	NA	NA
 1723298	15919678	chip2	17	0.92282	0.04151	136	0.4979	0.03216	207	0.03722	0.01734
 1645267	15930418	chip1	43	0.99242	0.02358	136	0.48451	0.08141	179	0.04108	0.03952
 1728745	16033955	chip2	1	0.941	NA	52	0.49696	0.03714	307	0.10363	0.04201
 1675654	16260070	chip2	219	0.97534	0.02612	120	0.49527	0.04363	21	0.04024	0.02468
 1715645	16295430	chip2	2	0.9815	0.01061	83	0.49886	0.02436	275	0.03839	0.01581
 1745287	16298345	chip1	359	0.97025	0.02076	0	NA	NA	0	NA	NA
 1681763	16351225	chip1	358	0.82809	0.04307	0	NA	NA	0	NA	NA
 1681863	16351841	chip1	0	NA	NA	0	NA	NA	359	0.05032	0.02163
 1724286	16378807	chip2	0	NA	NA	22	0.49664	0.04493	333	0.13186	0.05387
 1747135	16413199	chip2	64	0.95488	0.03125	170	0.49871	0.02688	126	0.08337	0.02906
 1740830	16442891	chip1	0	NA	NA	10	0.4896	0.05331	317	0.36035	0.07106
 1740924	16442987	chip1	270	0.96945	0.01823	87	0.4976	0.03658	3	0.029	0.04349
 1651743	16511431	chip1	0	NA	NA	4	0.4715	0.13584	347	0.22119	0.08231
 1651859	16511546	chip1	238	0.98923	0.01557	113	0.49363	0.05568	8	0.05863	0.02051
 1663971	16585430	chip1	306	0.93422	0.03578	51	0.49643	0.04341	3	0.124	0.0167
 1664083	16585557	chip1	1	0.904	NA	70	0.49406	0.05679	288	0.02401	0.01875
 1702120	16587251	chip1	289	0.97727	0.02616	70	0.49404	0.05809	1	0	NA
 1702336	16589920	chip1	352	0.86874	0.08226	3	0.62033	0.29802	0	NA	NA
 1704112	16592531	chip1	0	NA	NA	0	NA	NA	359	0.05986	0.02473
 1706038	16596392	chip1	359	0.9524	0.02831	0	NA	NA	0	NA	NA
 1696207	16769082	chip1	49	0.92898	0.0211	173	0.49946	0.02361	138	0.07248	0.01586
 1696401	16775241	chip1	1	1	NA	39	0.48526	0.08562	320	0.01257	0.0064
 1697928	16787468	chip1	97	0.94174	0.03839	190	0.49607	0.04298	73	0.02459	0.01496
 1662192	16849599	chip2	97	0.96738	0.0353	190	0.49353	0.05749	73	0.01868	0.0164
 1708288	16919553	chip2	235	0.96832	0.02572	109	0.49762	0.03323	16	0.08656	0.02218
 1688634	16931487	chip2	0	NA	NA	0	NA	NA	360	0.08204	0.02495
 1749493	16931780	chip2	359	0.90962	0.02848	0	NA	NA	0	NA	NA
 1678136	16993045	chip2	334	0.97239	0.02803	15	0.49887	0.02424	11	0.18045	0.10641
 1677573	17370886	chip1	360	0.99197	0.01094	0	NA	NA	0	NA	NA
 1671342	17381744	chip2	360	0.9648	0.01997	0	NA	NA	0	NA	NA
 1756749	17381841	chip2	9	0.93622	0.02733	109	0.49405	0.05206	226	0.15126	0.05715
 1748858	17465202	chip1	5	1	0	70	0.48876	0.05996	285	0.0059	0.00772
 1750808	17477437	chip1	4	0.93175	0.02004	58	0.49781	0.03278	298	0.08291	0.03124
 1750920	17477680	chip1	52	0.95323	0.03026	163	0.49742	0.03803	145	0.10719	0.04142
 1752658	17478642	chip1	52	0.96379	0.01792	162	0.48911	0.06833	144	0.00867	0.01908
 1710497	17512325	chip2	47	0.98555	0.0113	150	0.49747	0.03823	163	0.10715	0.03592
 1678028	17673768	chip2	111	0.99943	0.00324	186	0.49742	0.03319	63	0.03022	0.02026
 1686097	17728158	chip1	1	0.943	NA	61	0.49272	0.0752	297	0.03377	0.03182
 1686255	17728281	chip1	1	0.956	NA	61	0.49634	0.03889	296	0.08878	0.04071
 1689764	17752797	chip1	359	0.96992	0.02776	1	0.49	NA	0	NA	NA
 1696826	17794222	chip2	348	0.96648	0.01054	12	0.49867	0.02631	0	NA	NA
 1721345	17831186	chip2	5	0.889	0.02305	94	0.49897	0.02336	261	0.06674	0.01738
 1671378	17831268	chip2	113	0.99179	0.01576	158	0.49823	0.03005	88	0.05701	0.06081
 1681260	17880832	chip2	3	0.861	0.0631	63	0.49713	0.04212	293	0.0403	0.02329
 1654305	17945732	chip2	4	0.9265	0.04259	134	0.47047	0.13078	159	0.15532	0.05191
 1698975	18014134	chip2	1	0.988	NA	30	0.495	0.05601	329	0.06308	0.03909
 1675632	18014330	chip2	137	0.91513	0.02775	159	0.4963	0.04276	64	0.02261	0.02521
 1668098	18300949	chip2	184	0.92964	0.02077	142	0.49911	0.02456	34	0.03174	0.01601
 1752003	18301003	chip2	43	0.99535	0.01168	145	0.49412	0.05136	172	0.01267	0.01927
 1663020	18356834	chip2	62	0.96942	0.01735	169	0.49436	0.05108	127	0.04678	0.02847
 1671513	18450354	chip1	306	0.99258	0.01042	52	0.49819	0.03754	2	0.0225	0.03182
 1687197	18478521	chip1	2	0.951	0.01414	37	0.49708	0.04241	321	0.00569	0.00974
 1687299	18478544	chip1	327	0.9178	0.02849	32	0.49422	0.04645	1	0.121	NA
 1687403	18478582	chip1	59	0.92531	0.06154	169	0.48828	0.07517	131	0.03698	0.04114
 1670378	19088954	chip1	2	0.9425	0.00636	59	0.49915	0.02778	299	0.04963	0.0227
 1723363	19151874	chip1	83	0.96483	0.02252	188	0.49698	0.03945	89	0.02955	0.02508
 1727123	19202855	chip1	3	0.87467	0.08958	71	0.49444	0.04712	285	0.1115	0.04222
 1730275	19221928	chip1	49	0.90245	0.02113	178	0.49861	0.02567	133	0.08983	0.01845
 1741582	19347884	chip1	350	0.90967	0.01728	10	0.4986	0.02647	0	NA	NA
 1703685	19459559	chip2	91	0.98725	0.00751	178	0.49873	0.02695	91	0.00082	0.00266
 1732645	19550733	chip1	0	NA	NA	41	0.49834	0.02853	318	0.00598	0.00859
 1652288	19697590	chip2	149	0.96707	0.02109	165	0.49896	0.02675	46	0.01146	0.00914
 1698883	19779028	chip2	290	0.96686	0.01016	69	0.49796	0.02807	1	0.051	NA
 1722176	19779411	chip2	290	0.88315	0.03113	69	0.49832	0.02597	1	0.119	NA
 1655335	19786518	chip2	0	NA	NA	1	0.441	NA	359	0.00057	0.0027
 1691848	20312249	chip2	82	0.93084	0.01363	191	0.49846	0.02366	87	0.11622	0.04149
 1694211	20312340	chip2	91	0.94	0.03587	187	0.49869	0.02507	82	0.09951	0.03633
 1749317	20336219	chip2	360	0.99378	0.01848	0	NA	NA	0	NA	NA
 1731830	20485119	chip1	357	0.91895	0.0253	1	0.601	NA	0	NA	NA
 1691662	20510183	chip2	1	0.973	NA	19	0.49874	0.02548	340	0.04746	0.0186
 1668045	20614513	chip1	339	0.99015	0.01643	20	0.49815	0.03059	1	0.036	NA
 1720934	20685496	chip1	347	0.97974	0.01653	13	0.49677	0.0411	0	NA	NA
 1722351	20685640	chip1	0	NA	NA	9	0.45122	0.14321	348	0.04133	0.03144
 1722449	20688410	chip1	343	0.84201	0.07363	4	0.56075	0.20456	0	NA	NA
 1722781	20693499	chip1	358	0.97462	0.03267	0	NA	NA	0	NA	NA
 1704151	20751249	chip2	4	0.94775	0.00793	69	0.49883	0.02504	286	0.08583	0.02447
 1712444	20781477	chip1	294	0.84793	0.05547	47	0.49004	0.06742	2	0.192	0.05374
 1718206	20804910	chip1	253	0.9537	0.03996	91	0.49125	0.07112	5	0.1228	0.03369
 1677762	20813912	chip2	177	0.98694	0.02154	150	0.49263	0.05949	30	0.04043	0.03217
 1676416	20814348	chip2	24	0.93417	0.02939	132	0.4939	0.0542	202	0.01984	0.02217
 1735735	20835322	chip2	341	0.99985	0.00082	18	0.48739	0.07926	0	NA	NA
 1694327	20835539	chip2	340	0.97859	0.02168	18	0.49389	0.06056	0	NA	NA
 1745558	20835574	chip2	341	0.99522	0.01511	18	0.48017	0.08769	0	NA	NA
 1678852	20836340	chip2	0	NA	NA	21	0.49462	0.04944	337	0.04564	0.02357
 1711576	20837057	chip2	17	0.94547	0.01886	119	0.49219	0.05881	220	0.1045	0.03111
 1702890	20854871	chip1	0	NA	NA	16	0.49875	0.0257	344	0.01551	0.01396
 1709840	20867581	chip1	4	0.96125	0.02996	80	0.48566	0.06989	275	0.04653	0.02525
 1721058	21000081	chip1	0	NA	NA	5	0.4988	0.02951	354	0.06737	0.02732
 1721186	21000103	chip1	4	0.99925	0.0015	58	0.49574	0.05753	298	0.00067	0.00325
 1665850	21011312	chip2	1	0.96	NA	44	0.50168	0.02673	314	0.0327	0.02053
 1646678	21032390	chip2	328	0.96146	0.0265	32	0.48619	0.06262	0	NA	NA
 1695617	21036563	chip2	328	0.94609	0.02011	32	0.49044	0.04987	0	NA	NA
 1662241	21056968	chip1	0	NA	NA	0	NA	NA	360	0.06286	0.02387
 1663805	21057571	chip1	0	NA	NA	0	NA	NA	359	0.01204	0.03278
 1708192	21092651	chip2	190	0.95107	0.05561	140	0.48682	0.08936	11	0.13809	0.0659
 1745600	21105099	chip2	349	0.97386	0.01408	11	0.49636	0.04751	0	NA	NA
 1652945	21170280	chip1	359	0.93253	0.02845	0	NA	NA	0	NA	NA
 1653115	21171102	chip1	203	0.99196	0.01478	134	0.4868	0.08928	20	0.13385	0.03818
 1679546	21178528	chip2	196	0.9993	0.00715	130	0.48865	0.07957	21	0.02676	0.01392
 1753616	21247025	chip1	226	0.92208	0.02173	121	0.49533	0.04359	10	0.1163	0.04233
 1664022	21275823	chip2	248	0.87561	0.03291	98	0.49611	0.04647	14	0.05921	0.03983
 1705375	21275890	chip2	246	0.95242	0.01891	96	0.49632	0.04287	14	0.01814	0.04162
 1671660	21343007	chip2	26	0.96192	0.03369	130	0.49458	0.05588	202	0.00277	0.01245
 1752840	21444938	chip1	3	0.81733	0.07586	75	0.48867	0.08197	279	0.09018	0.02211
 1724056	21484582	chip2	358	0.99623	0.00715	0	NA	NA	0	NA	NA
 1643084	21585556	chip1	15	0.97067	0.02553	118	0.49627	0.04251	227	0.09184	0.02279
 1695236	21630887	chip1	360	0.95235	0.02661	0	NA	NA	0	NA	NA
 1737656	21665700	chip1	0	NA	NA	5	0.4982	0.03307	355	0.0633	0.02375
 1739404	21693429	chip1	0	NA	NA	8	0.49888	0.02342	352	0.05487	0.02611
 1744382	21760410	chip1	44	0.96673	0.01903	177	0.49846	0.0296	139	0.03296	0.01797
 1746169	21769530	chip1	42	0.87221	0.02334	172	0.49875	0.02409	145	0.13895	0.02592
 1655052	21835934	chip1	41	0.88256	0.02733	179	0.49056	0.06795	89	0.20076	0.04757
 1703658	21898858	chip1	18	0.969	0.01939	134	0.49346	0.05673	208	0.00687	0.01344
 1704606	21996929	chip1	360	0.99559	0.00802	0	NA	NA	0	NA	NA
 1697549	22038020	chip2	0	NA	NA	8	0.49538	0.05251	352	0.05413	0.02358
 1752490	22157304	chip1	59	0.9698	0.01197	165	0.49823	0.0223	136	0.06307	0.02108
 1686021	22352975	chip1	158	0.92047	0.03272	159	0.49675	0.03831	40	0.1293	0.03057
 1706186	22581517	chip1	88	0.98286	0.01768	171	0.49439	0.05454	98	0.02455	0.02265
 1696960	22666327	chip2	86	0.97802	0.01372	190	0.49881	0.02612	84	0.00304	0.0053
 1648730	22833987	chip2	1	0.965	NA	63	0.49962	0.01578	296	0.04084	0.02122
 1701029	23011579	chip2	122	0.98352	0.01694	171	0.4966	0.03918	67	0.07193	0.03356
 1659572	23012015	chip2	360	0.92715	0.02588	0	NA	NA	0	NA	NA
 1727996	23030854	chip1	211	0.98741	0.01035	129	0.49414	0.05816	20	0.00435	0.00679
 1676344	23037112	chip2	194	0.9833	0.01616	138	0.49444	0.04583	27	0.06889	0.02555
 1748539	23375872	chip2	0	NA	NA	357	0.48976	0.07438	1	0.044	NA
 1727997	23488326	chip2	128	0.92377	0.0266	170	0.49804	0.03342	62	0.01826	0.01316
 1758795	23489862	chip2	58	0.89736	0.03388	171	0.49909	0.02542	131	0.08313	0.03771
 1661947	23564014	chip1	60	0.99167	0.01477	172	0.49574	0.04905	128	0.07098	0.02373
 1677718	23605393	chip2	5	0.9844	0.0109	78	0.49804	0.02625	277	0.07135	0.01389
 1665360	23753062	chip2	214	0.90481	0.02984	129	0.49838	0.0291	17	0.103	0.02773
 1676865	23803526	chip1	32	0.94837	0.03363	158	0.49809	0.02856	170	0.09285	0.03767
 1738300	23923658	chip2	130	0.93975	0.01872	162	0.49714	0.03518	66	0.03362	0.02199
 1689570	23923690	chip2	67	0.86151	0.03171	163	0.498	0.0315	130	0.03145	0.02031
 1696184	23962266	chip2	17	0.91618	0.03835	80	0.49824	0.03747	263	0.03803	0.01573
 1666021	24037443	chip1	0	NA	NA	0	NA	NA	359	0.07835	0.02943
 1709100	24208363	chip1	0	NA	NA	1	0.002	NA	359	0.03765	0.02336
 1735808	24249492	chip1	2	0.9535	0.00778	37	0.48924	0.06758	321	0.07346	0.02414
 1737518	24251753	chip1	133	0.8824	0.04086	202	0.47798	0.11982	6	0.1145	0.01484
 1737614	24251783	chip1	142	0.98342	0.03292	164	0.4663	0.14578	4	0.049	0.02218
 1739188	24251868	chip1	4	0.863	0.03421	75	0.49803	0.03178	280	0.11536	0.04197
 1742744	24267821	chip1	97	0.99166	0.01158	185	0.49512	0.04851	77	0.00912	0.01644
 1744412	24272595	chip1	101	0.989	0.01178	183	0.4965	0.03577	76	0.01433	0.00891
 1744530	24272670	chip1	49	0.98051	0.02341	162	0.49394	0.04814	145	0.06602	0.03225
 1723050	24405006	chip2	0	NA	NA	0	NA	NA	360	0.08649	0.04376
 1735177	24424963	chip1	0	NA	NA	2	0.4995	0.01909	357	0.06248	0.04612
 1653740	24561951	chip2	60	0.90632	0.04432	165	0.49686	0.04558	133	0.03723	0.02719
 1668173	24598340	chip1	61	0.96479	0.01295	169	0.49737	0.03393	130	0.1132	0.03397
 1717414	24629346	chip1	13	0.99838	0.0024	111	0.49828	0.03659	236	0.02552	0.01402
 1719468	24635307	chip1	0	NA	NA	0	NA	NA	359	0.05709	0.02586
 1677180	24638720	chip2	90	0.92821	0.03503	184	0.49871	0.02319	86	0.03672	0.02457
 1660607	24677844	chip2	108	0.87149	0.04122	179	0.4972	0.03688	72	0.07801	0.03011
 1683110	24768495	chip2	236	0.99487	0.00933	114	0.49746	0.03663	10	0.1241	0.01998
 1743209	24806756	chip2	215	0.87751	0.08273	124	0.49033	0.06071	16	0.02906	0.02816
 1688744	24807288	chip2	327	0.92978	0.03211	31	0.49648	0.04076	2	0.0975	0.00071
 1720177	24815870	chip2	0	NA	NA	0	NA	NA	360	0.08238	0.03193
 1690962	24828721	chip2	0	NA	NA	0	NA	NA	360	0.04286	0.02358
 1693587	24830417	chip2	17	0.99747	0.00405	124	0.4985	0.02898	219	0.04133	0.00945
 1728945	24831884	chip2	35	0.96323	0.02072	170	0.49864	0.0288	155	0.10649	0.03758
 1750669	24833944	chip2	151	0.95453	0.02374	173	0.49894	0.02461	36	0.07975	0.02633
 1668733	24834002	chip2	197	0.97996	0.0151	141	0.49904	0.02302	22	0.00568	0.00688
 1680586	24834037	chip2	37	0.96443	0.01625	172	0.49878	0.02598	151	0.01703	0.0161
 1657881	24838521	chip1	1	0.962	NA	53	0.49002	0.07411	300	0.07714	0.03811
 1684766	24892140	chip2	306	0.96864	0.01822	49	0.50012	0.02293	5	0.0274	0.01477
 1740068	24982123	chip1	185	0.94599	0.0347	154	0.4982	0.03058	20	0.11165	0.05062
 1667453	24996590	chip1	0	NA	NA	0	NA	NA	360	0.00245	0.00921
 1730930	25063244	chip1	272	0.92368	0.0218	83	0.49822	0.03274	5	0.0586	0.00445
 1731026	25063299	chip1	272	0.88408	0.03289	83	0.49866	0.03075	5	0.0654	0.02231
 1688154	25069840	chip2	146	0.9014	0.0356	162	0.49922	0.01873	52	0.08894	0.02952
 1704741	25070281	chip2	34	0.924	0.04038	154	0.49771	0.028	172	0.07269	0.02141
 1701001	25100876	chip2	315	0.90623	0.03945	42	0.49774	0.03317	2	0.055	0.0099
 1711132	25127692	chip2	49	0.90927	0.04488	129	0.49531	0.05048	182	0.04648	0.03617
 1666542	25136710	chip2	171	0.94749	0.01149	140	0.49911	0.02484	49	0.07471	0.01611
 1724769	25142756	chip1	191	0.94391	0.01837	136	0.49729	0.03252	33	0.06764	0.028
 1657370	25192041	chip1	18	0.957	0.02156	137	0.49642	0.04181	205	0.07477	0.03504
 1657460	25192153	chip1	210	0.93489	0.03155	123	0.49776	0.03461	27	0.17348	0.03507
 1657609	25192772	chip1	11	0.979	0.01656	104	0.49798	0.03511	245	0.00445	0.0084
 1659033	25193559	chip1	28	0.98821	0.01023	128	0.49442	0.05565	204	0.00713	0.01515
 1704827	25202104	chip2	0	NA	NA	0	NA	NA	360	0.10537	0.06198
 1654836	25368299	chip1	39	0.89538	0.02531	161	0.49762	0.0362	158	0.03911	0.01899
 1696461	25381338	chip1	51	0.99261	0.05124	158	0.49316	0.0537	130	0.06558	0.02122
 1737088	25519774	chip1	171	0.94744	0.01642	164	0.49759	0.03258	25	0.0442	0.01276
 1743666	25540691	chip1	51	0.96824	0.01552	171	0.49701	0.03018	138	0.08472	0.03666
 1698001	25549881	chip2	73	0.95864	0.01558	169	0.49857	0.02329	118	0.0286	0.01784
 1643225	25552286	chip2	231	0.901	0.03844	117	0.49673	0.03867	12	0.02925	0.02181
 1645754	25552694	chip2	359	0.98984	0.0112	1	0.488	NA	0	NA	NA
 1696772	25582454	chip2	342	0.97014	0.01685	18	0.497	0.03636	0	NA	NA
 1725863	25588789	chip1	0	NA	NA	0	NA	NA	360	0.09149	0.02195
 1725975	25589079	chip1	31	0.9071	0.0299	142	0.49746	0.03476	187	0.01405	0.01505
 1727564	25590639	chip1	0	NA	NA	54	0.46213	0.13062	257	0.21867	0.12531
 1656513	25595522	chip2	0	NA	NA	0	NA	NA	360	0.00828	0.01097
 1730834	25609702	chip1	10	0.9749	0.02108	114	0.49334	0.06155	236	0.0174	0.01803
 1730936	25609749	chip1	259	0.93652	0.02041	94	0.49862	0.02895	7	0.08943	0.02494
 1734852	25646435	chip2	232	0.92296	0.02912	119	0.49824	0.02999	9	0.06844	0.02013
 1703703	25690964	chip2	64	0.95439	0.02413	167	0.49825	0.02657	129	0.00077	0.00252
 1723521	25701062	chip1	0	NA	NA	0	NA	NA	360	0.00076	0.00326
 1689354	25710730	chip2	344	0.97868	0.01623	16	0.502	0.02326	0	NA	NA
 1749389	25711346	chip2	16	0.91756	0.02959	138	0.49911	0.01858	206	0.10901	0.02401
 1742775	25711837	chip2	228	0.97775	0.0233	119	0.4982	0.03551	13	0.01954	0.02375
 1700434	25774882	chip2	7	0.98829	0.00858	76	0.49918	0.02264	277	0.03994	0.02409
 1717124	25799165	chip1	349	0.85423	0.05408	7	0.46457	0.11906	1	0.15	NA
 1755812	25822536	chip2	0	NA	NA	6	0.496	0.04702	352	0.03323	0.0261
 1735611	25823361	chip2	354	0.94061	0.0183	6	0.49883	0.02717	0	NA	NA
 1705256	25895909	chip1	7	0.95429	0.0069	71	0.49576	0.03432	282	0.02935	0.01627
 1708818	25900548	chip1	358	0.93966	0.02869	0	NA	NA	0	NA	NA
 1744429	25914291	chip2	259	0.95939	0.03414	90	0.49858	0.03157	11	0.10318	0.04121
 1716088	25917222	chip1	18	0.85733	0.04006	132	0.48861	0.0737	201	0.07301	0.04549
 1686048	25930516	chip2	199	0.85211	0.03169	132	0.49901	0.01793	29	0.17459	0.03215
 1699785	25930538	chip2	0	NA	NA	0	NA	NA	360	0.00684	0.00916
 1695577	25930604	chip2	36	0.95972	0.0253	138	0.49593	0.04727	185	0.09728	0.03989
 1645466	25940562	chip2	360	0.99673	0.00899	0	NA	NA	0	NA	NA
 1730399	25940680	chip2	173	0.84365	0.02997	149	0.49858	0.03113	38	0.09232	0.02158
 1648941	25945410	chip1	37	0.87614	0.03082	148	0.49767	0.03546	174	0.0754	0.03993
 1724102	25947895	chip2	256	0.92929	0.08582	52	0.52929	0.17769	0	NA	NA
 1727094	25950353	chip2	0	NA	NA	0	NA	NA	360	0.05924	0.03101
 1652127	25957316	chip1	145	0.77678	0.03678	145	0.49194	0.05214	35	0.15174	0.02829
 1652239	25957416	chip1	147	0.8621	0.02957	165	0.49641	0.0437	47	0.0403	0.02569
 1652465	25957598	chip1	0	NA	NA	0	NA	NA	360	0.0232	0.01476
 1652581	25958151	chip1	184	0.99348	0.0123	142	0.49066	0.06905	31	0.10584	0.08996
 1652687	25958728	chip1	78	0.97086	0.02708	178	0.49667	0.0381	104	0.05123	0.02792
 1703871	26003159	chip2	2	0.9875	0.00212	52	0.49804	0.02656	306	0.07401	0.01767
 1731664	26033428	chip1	2	0.9985	0.00212	64	0.49331	0.05362	293	0.00472	0.00848
 1732993	26034433	chip1	360	0.93007	0.01838	0	NA	NA	0	NA	NA
 1687988	26045760	chip2	162	0.94314	0.02768	147	0.49811	0.0301	50	0.02114	0.01415
 1692428	26076118	chip2	312	0.99544	0.01365	46	0.49339	0.05151	2	0.026	0.03677
 1734586	26077251	chip2	2	1	0	46	0.4952	0.04791	312	0.01157	0.01651
 1682582	26077270	chip2	140	0.99886	0.00423	172	0.49327	0.05705	48	0.03183	0.01699
 1680716	26089299	chip2	64	0.86083	0.05119	168	0.49349	0.05178	126	0.03598	0.02396
 1758634	26144210	chip2	360	0.93503	0.02778	0	NA	NA	0	NA	NA
 1720707	26292231	chip2	39	0.87759	0.03251	157	0.49017	0.07018	163	0.01328	0.01602
 1731257	26292517	chip2	15	0.84933	0.04658	172	0.47897	0.09367	159	0.09128	0.03652
 1681850	26292718	chip2	293	0.964	0.01765	64	0.49623	0.04283	2	0.035	0.00141
 1708909	26341067	chip2	139	0.97593	0.01337	165	0.49895	0.02107	56	0.0022	0.00419
 1743417	26350528	chip2	188	0.8983	0.03107	143	0.49844	0.02743	29	0.08286	0.0171
 1690718	26405879	chip1	191	0.89121	0.08675	130	0.45039	0.16339	31	0.054	0.08049
 1642157	26583225	chip2	349	0.93249	0.02148	11	0.49836	0.02987	0	NA	NA
 1655112	26592401	chip1	0	NA	NA	13	0.43338	0.1622	334	0.03449	0.03629
 1655222	26593421	chip1	0	NA	NA	13	0.48077	0.12165	336	0.10849	0.03375
 1655460	26594377	chip1	0	NA	NA	11	0.49645	0.04229	345	0.10561	0.02761
 1716059	26594974	chip2	350	0.96967	0.01575	10	0.4984	0.03117	0	NA	NA
 1663835	26623980	chip1	142	0.88069	0.03662	166	0.49651	0.04145	50	0.03598	0.0224
 1667693	26643583	chip1	49	0.891	0.04187	166	0.49611	0.04224	144	0.14401	0.0525
 1753625	26648192	chip2	347	0.97799	0.01659	11	0.49891	0.02586	0	NA	NA
 1659106	26687674	chip2	251	0.94686	0.02101	101	0.49847	0.02458	8	0.04963	0.02986
 1652671	26791138	chip1	0	NA	NA	4	0.4955	0.05879	355	0.1369	0.05994
 1654642	26799117	chip1	352	0.96681	0.06512	4	0.4845	0.09558	0	NA	NA
 1654812	26799795	chip1	0	NA	NA	8	0.499	0.02365	351	0.06153	0.02218
 1656260	26800382	chip1	0	NA	NA	8	0.49038	0.0704	351	0.00075	0.00464
 1658271	26820418	chip1	0	NA	NA	0	NA	NA	360	0.084	0.02892
 1696130	26877846	chip2	1	0.987	NA	40	0.4973	0.03661	318	0.01445	0.01962
 1705464	26906960	chip1	0	NA	NA	9	0.49744	0.03873	349	0.02932	0.01813
 1715830	26971134	chip1	160	0.97041	0.01594	165	0.49666	0.03972	35	0.0436	0.02686
 1716006	26973510	chip1	0	NA	NA	0	NA	NA	359	0.05471	0.0255
 1716122	26973884	chip1	17	0.99006	0.01096	118	0.49798	0.03523	225	0.0143	0.00652
 1717542	26975300	chip1	0	NA	NA	0	NA	NA	359	0.03311	0.03747
 1756239	26993405	chip1	222	0.88869	0.03497	122	0.49683	0.03871	16	0.0855	0.03282
 1718401	26996961	chip2	137	0.96871	0.01272	180	0.49897	0.02182	43	0.01747	0.01246
 1673744	27012616	chip2	77	0.99522	0.00977	187	0.4962	0.03718	96	0.04432	0.01959
 1642913	27023496	chip2	159	0.97571	0.01704	167	0.49832	0.0276	34	0.00494	0.01095
 1647387	27026368	chip1	0	NA	NA	5	0.4998	0.00988	355	0.06069	0.02223
 1650985	27049656	chip1	351	0.93062	0.04617	9	0.493	0.06127	0	NA	NA
 1694108	27086581	chip1	192	0.88283	0.03752	141	0.4945	0.04691	26	0.07758	0.05189
 1695966	27100055	chip1	353	0.97996	0.02206	5	0.4984	0.03158	0	NA	NA
 1701270	27141488	chip1	354	0.95996	0.03413	0	NA	NA	0	NA	NA
 1704976	27161814	chip1	355	0.95768	0.02265	5	0.4994	0.01749	0	NA	NA
 1705094	27161919	chip1	356	0.99249	0.00921	4	0.5	0.01134	0	NA	NA
 1732862	27216805	chip2	199	0.9827	0.03112	141	0.48157	0.09498	19	0.00174	0.00592
 1751976	27228127	chip1	0	NA	NA	4	0.499	0.02594	356	0.08182	0.03761
 1679368	27440759	chip2	257	0.97971	0.01795	96	0.49008	0.06644	7	0.06157	0.07434
 1745799	27557971	chip1	199	0.95491	0.06427	84	0.4988	0.02781	76	0.06279	0.0566
 1708140	27563262	chip2	68	0.97843	0.01308	183	0.49922	0.01932	109	0.0691	0.01509
 1702299	27664600	chip2	332	0.92202	0.02934	27	0.4997	0.02475	1	0.111	NA
 1656668	27690297	chip1	120	0.99569	0.00867	175	0.49734	0.03546	65	0.01797	0.01761
 1684968	27711152	chip2	1	1	NA	35	0.49769	0.02641	324	0.04634	0.02203
 1663239	27725969	chip1	126	0.94782	0.02396	181	0.49685	0.03983	53	0.04808	0.03243
 1664921	27732751	chip1	306	0.93028	0.04124	53	0.48808	0.07692	0	NA	NA
 1670700	27773709	chip2	84	0.99912	0.00579	175	0.48111	0.09125	96	0.0768	0.03396
 1716289	27807841	chip2	120	0.89967	0.04076	170	0.49847	0.02397	70	0.11869	0.02857
 1647175	27822258	chip1	270	0.99326	0.01053	86	0.49835	0.02905	4	0.02175	0.01475
 1653913	27841620	chip1	22	0.988	0.01011	148	0.49775	0.03029	190	0.04374	0.0261
 1710021	27999648	chip2	178	0.98999	0.0105	148	0.49823	0.02841	34	0.06359	0.02829
 1696556	28000939	chip2	178	0.98442	0.01777	148	0.49724	0.03662	34	0.01671	0.03104
 1696441	28073779	chip1	127	0.94358	0.0268	182	0.49637	0.04092	51	0.15394	0.02997
 1662068	28149081	chip2	201	0.86784	0.03324	151	0.49023	0.07394	0	NA	NA
 1688585	28237850	chip1	136	0.9632	0.022	159	0.49744	0.03348	65	0.06535	0.01519
 1692197	28257223	chip1	235	0.99463	0.01008	110	0.48868	0.07215	11	0.13564	0.04683
 1747890	28377891	chip1	142	0.97755	0.02606	163	0.49508	0.04835	55	0.07438	0.03253
 1748016	28377920	chip1	160	0.94539	0.03401	152	0.49001	0.06217	48	0.0819	0.02561
 1668731	28385674	chip2	55	0.99671	0.00908	163	0.49434	0.05413	141	0.02899	0.02652
 1675514	28402685	chip1	0	NA	NA	9	0.49856	0.02936	350	0.10898	0.02889
 1677551	28414739	chip1	151	0.95307	0.02263	156	0.49326	0.05726	53	0.07108	0.03355
 1716044	28554141	chip1	2	0.822	0.01131	51	0.49741	0.05027	305	0.09128	0.04764
 1718238	28599773	chip1	2	0.9685	0.04455	132	0.386	0.22161	151	0.10611	0.04646
 1648895	28644092	chip1	223	0.91919	0.03233	124	0.49863	0.02962	13	0.13162	0.0364
 1649009	28645416	chip1	25	0.95268	0.0214	152	0.49424	0.05459	183	0.0663	0.03005
 1660343	28675792	chip2	115	0.98277	0.01825	177	0.49099	0.06819	66	0.02418	0.03047
 1657965	28704281	chip1	319	0.98641	0.02042	38	0.48989	0.07519	1	0	NA
 1699682	28718601	chip1	132	0.98314	0.0223	174	0.49106	0.06859	54	0.02806	0.03213
 1699880	28718758	chip1	1	0.878	NA	55	0.49791	0.0457	301	0.09046	0.05119
 1703154	28729417	chip1	1	0.979	NA	38	0.49853	0.02728	321	0.03283	0.02388
 1698113	28905163	chip2	294	0.98516	0.01225	63	0.49702	0.03908	3	0.06633	0.03444
 1653736	28911722	chip2	62	0.97223	0.03106	176	0.4933	0.05912	117	0.07586	0.02974
 1743986	29055302	chip1	7	0.96014	0.02122	91	0.49688	0.04083	262	0.00469	0.00851
 1719171	29635842	chip2	358	0.98394	0.00887	1	0.654	NA	0	NA	NA
 1709939	30006454	chip2	9	0.92178	0.02508	91	0.49903	0.02195	260	0.057	0.02328
 1693468	30020528	chip1	8	0.86887	0.04886	92	0.48614	0.08369	259	0.00609	0.01516
 1752700	30186121	chip1	2	0.9605	0.04031	58	0.49548	0.04533	300	0.05728	0.03375
 1732855	30407247	chip1	0	NA	NA	15	0.4982	0.03156	344	0.17955	0.0584
 1736296	30440163	chip1	17	0.98365	0.00754	116	0.49812	0.03015	227	0.03731	0.01486
 1742942	30540763	chip1	264	0.90606	0.02895	86	0.49719	0.03826	10	0.2112	0.04821
 1681395	30672976	chip1	228	0.94616	0.04895	115	0.48988	0.07996	9	0.03844	0.01857
 1724434	30724890	chip2	360	0.98574	0.01526	0	NA	NA	0	NA	NA
 1725278	30788861	chip2	360	0.79886	0.0239	0	NA	NA	0	NA	NA
 1707812	30789451	chip2	360	0.94772	0.01716	0	NA	NA	0	NA	NA
 1730074	30882082	chip2	0	NA	NA	141	0.46991	0.11143	213	0.00241	0.00707
 1744738	30937057	chip1	0	NA	NA	6	0.49833	0.03147	354	0.11498	0.05741
 1744864	30937074	chip1	0	NA	NA	26	0.48973	0.06853	333	0.05194	0.01968
 1744990	30937116	chip1	331	0.95515	0.03581	26	0.49496	0.04968	0	NA	NA
 1753788	30995789	chip1	148	0.95036	0.02954	156	0.49626	0.04262	55	0.10753	0.03202
 1681619	31013496	chip1	43	0.97093	0.02443	156	0.49281	0.06421	156	0.10676	0.06251
 1698395	31091715	chip2	360	0.92668	0.01564	0	NA	NA	0	NA	NA
 1713420	31098551	chip2	93	0.907	0.03498	175	0.49789	0.03454	91	0.08065	0.02218
 1745808	31123269	chip2	85	0.90092	0.01849	172	0.49903	0.0233	103	0.15055	0.03142
 1682119	31142543	chip1	87	0.95051	0.0185	170	0.49812	0.02728	103	0.05561	0.0228
 1682473	31144711	chip1	105	0.97357	0.03131	167	0.49375	0.05392	88	0.07132	0.03734
 1740056	31205871	chip1	167	0.93364	0.01907	149	0.49868	0.03178	44	0.09327	0.03019
 1741360	31208244	chip1	75	0.96295	0.02409	149	0.49739	0.02928	136	0.0249	0.02532
 1743112	31216785	chip1	167	0.95183	0.01288	149	0.49911	0.02431	44	0.06127	0.0185
 1743222	31216998	chip1	44	0.88902	0.03561	149	0.49781	0.02987	167	0.07292	0.02332
 1743330	31217150	chip1	167	0.8794	0.03038	149	0.49762	0.03326	44	0.05089	0.02397
 1723563	31293295	chip1	100	0.90811	0.03049	175	0.49618	0.04285	85	0.17071	0.03549
 1729195	31317955	chip1	0	NA	NA	11	0.49818	0.0321	348	0.06368	0.02563
 1730516	31319141	chip1	266	0.90991	0.03545	87	0.49601	0.04793	3	0.08733	0.0285
 1734097	31331354	chip1	0	NA	NA	23	0.426	0.14383	335	0.0446	0.02
 1725248	31434058	chip2	344	0.95302	0.02934	16	0.49125	0.06138	0	NA	NA
 1673988	31434103	chip2	0	NA	NA	20	0.46735	0.13908	327	0.10307	0.08431
 1649848	31434377	chip2	0	NA	NA	30	0.4967	0.04224	330	0.01195	0.00856
 1721314	31438536	chip1	39	0.91608	0.02082	166	0.48955	0.06981	155	0.01551	0.0201
 1749042	31497851	chip1	132	0.9152	0.03559	167	0.4952	0.04449	61	0.12749	0.02892
 1749176	31497869	chip1	61	0.94741	0.02379	167	0.49683	0.04336	132	0.02091	0.00842
 1706135	31501931	chip2	114	0.91101	0.03074	179	0.49879	0.02492	67	0.07155	0.02948
 1664322	31517342	chip2	339	0.91337	0.02653	21	0.49938	0.01731	0	NA	NA
 1642405	31517942	chip2	0	NA	NA	17	0.49812	0.03325	343	0.0254	0.02168
 1692147	31564179	chip1	319	0.99915	0.00349	40	0.49775	0.0291	1	0.007	NA
 1692421	31564931	chip1	167	0.94109	0.03793	149	0.49098	0.05895	44	0.02902	0.01678
 1664510	31576032	chip2	137	0.93266	0.04196	165	0.49613	0.0456	57	0.14461	0.0489
 1750339	31604166	chip2	323	0.97409	0.02812	37	0.49703	0.04135	0	NA	NA
 1741416	31610097	chip1	0	NA	NA	24	0.49783	0.03393	324	0.11093	0.03083
 1675893	31655803	chip1	16	0.831	0.0388	98	0.49738	0.03666	246	0.14499	0.02941
 1677481	31662712	chip1	333	0.97797	0.02035	27	0.497	0.03904	0	NA	NA
 1733529	31744164	chip1	171	0.88094	0.04171	139	0.49849	0.03079	50	0.05074	0.02539
 1737428	31770219	chip1	1	0.937	NA	41	0.49868	0.03	316	0.11377	0.03599
 1654203	31777946	chip2	324	0.92715	0.03149	34	0.4955	0.04602	0	NA	NA
 1670656	31779418	chip2	273	0.93956	0.02177	79	0.49847	0.02709	8	0.1405	0.03212
 1664419	31801598	chip1	222	0.95488	0.02445	124	0.49456	0.06266	14	0.0055	0.00944
 1648224	31818404	chip2	118	0.88782	0.04094	174	0.49811	0.02856	68	0.15847	0.02821
 1717202	31879485	chip1	102	0.9942	0.00909	163	0.49423	0.04974	95	0.03227	0.03143
 1718728	31880052	chip1	102	0.96996	0.01404	163	0.49798	0.02979	95	0.09498	0.04245
 1684728	31895885	chip2	341	0.99073	0.01341	18	0.49772	0.0337	0	NA	NA
 1727668	31898560	chip1	332	0.84193	0.04603	19	0.47495	0.08436	0	NA	NA
 1664023	31946088	chip1	21	0.964	0.03755	126	0.49348	0.05167	212	0.09675	0.04358
 1667295	31961908	chip1	21	0.91267	0.03082	125	0.49858	0.03368	214	0.06142	0.02883
 1663754	31973591	chip2	351	0.88872	0.02537	9	0.49944	0.01517	0	NA	NA
 1746683	31978717	chip2	0	NA	NA	9	0.49822	0.03175	351	0.03516	0.03654
 1650797	32068865	chip1	4	0.8085	0.03839	45	0.49844	0.02856	311	0.0998	0.03788
 1653712	32076526	chip2	101	0.96739	0.02415	175	0.49847	0.02704	84	0.00838	0.01282
 1659565	32121374	chip1	254	0.92602	0.02681	91	0.49509	0.04928	14	0.01071	0.00881
 1653498	32150256	chip2	12	0.94525	0.01855	141	0.49762	0.03967	206	0.06239	0.0241
 1680953	32164668	chip1	273	0.98929	0.02342	78	0.47735	0.10213	8	0.01988	0.01326
 1653406	32191275	chip2	192	0.98504	0.01924	136	0.49926	0.02185	32	0.02944	0.03266
 1715751	32222590	chip2	63	0.91332	0.02153	166	0.49931	0.02073	131	0.18613	0.02486
 1663718	32223601	chip2	245	0.88649	0.02733	103	0.49894	0.01922	12	0.10792	0.02546
 1684496	32280513	chip2	21	0.83133	0.02877	130	0.49721	0.03497	209	0.11482	0.03537
 1669084	32290548	chip1	0	NA	NA	0	NA	NA	360	0.12001	0.01774
 1669382	32291892	chip1	360	0.99439	0.01015	0	NA	NA	0	NA	NA
 1650724	32300742	chip2	0	NA	NA	0	NA	NA	359	0.06306	0.0243
 1677911	32313594	chip1	71	0.99883	0.00365	173	0.48821	0.07173	116	0.07805	0.04289
 1703049	32324030	chip2	0	NA	NA	0	NA	NA	360	0.00328	0.00634
 1722399	32339001	chip1	360	0.99897	0.00354	0	NA	NA	0	NA	NA
 1724019	32343807	chip1	35	0.8684	0.06324	155	0.48751	0.07122	163	0.02523	0.02551
 1734514	32379096	chip2	76	0.98089	0.01199	186	0.49952	0.01869	98	0.0218	0.01066
 1740285	32396384	chip2	65	0.91538	0.02238	179	0.49845	0.02258	116	0.00721	0.00878
 1755588	32396846	chip2	21	0.95943	0.02485	139	0.49476	0.04979	198	0.05388	0.03715
 1723205	32447487	chip1	360	0.98489	0.01718	0	NA	NA	0	NA	NA
 1658895	32482976	chip1	0	NA	NA	0	NA	NA	359	0.02935	0.0191
 1711215	32525172	chip1	345	0.99173	0.01131	15	0.49747	0.03619	0	NA	NA
 1713437	32536144	chip1	89	0.99415	0.01072	167	0.49441	0.04072	104	0.04113	0.02159
 1714762	32536341	chip1	55	0.8996	0.01639	162	0.49865	0.02676	143	0.12574	0.03082
 1751187	32541592	chip2	267	0.98236	0.01582	83	0.49855	0.02875	10	0.0904	0.016
 1668662	32543356	chip2	0	NA	NA	15	0.49493	0.0378	338	0.02068	0.01829
 1746711	32568178	chip2	360	0.96938	0.01887	0	NA	NA	0	NA	NA
 1742159	32568465	chip2	122	0.96476	0.03998	173	0.49307	0.05386	62	0.01058	0.01496
 1712366	32668825	chip1	0	NA	NA	74	0.49212	0.05434	275	0.11532	0.0684
 1706781	32673542	chip2	0	NA	NA	31	0.49787	0.03899	327	0.03793	0.03503
 1711656	32739899	chip2	360	0.97961	0.01376	0	NA	NA	0	NA	NA
 1746861	32771926	chip2	359	0.94083	0.03	0	NA	NA	0	NA	NA
 1673257	32799753	chip1	178	0.91751	0.02332	149	0.49819	0.03669	33	0.1263	0.04332
 1673403	32800167	chip1	197	0.95993	0.01992	141	0.49728	0.03739	22	0.00514	0.0054
 1724321	32864107	chip1	47	0.97572	0.03187	165	0.47942	0.09185	147	0.03057	0.03608
 1752425	32891720	chip2	106	0.96784	0.02565	186	0.49732	0.03635	68	0.03999	0.03363
 1698605	32905158	chip2	113	0.99374	0.00867	182	0.49843	0.02941	64	0.05486	0.01677
 1658739	32911320	chip1	110	0.96445	0.02653	189	0.49457	0.05161	61	0.02326	0.01746
 1717908	32948189	chip1	0	NA	NA	2	0.5	0.00283	358	0.00255	0.0082
 1713635	33083336	chip1	237	0.89133	0.06286	69	0.42601	0.15427	3	0.026	0.00656
 1715056	33083671	chip1	296	0.92867	0.05646	60	0.49177	0.06167	4	0.04725	0.03562
 1743045	33124787	chip2	237	0.9725	0.0126	108	0.49889	0.02804	15	0.0324	0.01856
 1700270	33158406	chip1	244	0.96725	0.01521	104	0.4926	0.06163	10	0	0
 1700561	33159527	chip1	298	0.99893	0.00361	49	0.48553	0.0857	3	0.208	0.18018
 1704939	33170736	chip2	226	0.93094	0.0328	111	0.49765	0.03439	23	0.01613	0.02096
 1710623	33198272	chip1	359	0.94325	0.0205	0	NA	NA	0	NA	NA
 1647433	33235434	chip1	0	NA	NA	0	NA	NA	360	0.08239	0.03246
 1647519	33235776	chip1	17	0.97212	0.00754	134	0.49806	0.03279	209	0.11789	0.0296
 1647635	33235937	chip1	0	NA	NA	0	NA	NA	360	0.03118	0.01775
 1680034	33239613	chip2	21	0.94671	0.0356	138	0.49916	0.02582	201	0.01743	0.01088
 1729990	33318577	chip2	177	0.99359	0.00974	141	0.49885	0.02374	42	0.04548	0.01679
 1646698	33318594	chip2	177	0.97023	0.02528	141	0.49716	0.03809	42	0.01629	0.01516
 1732890	33368036	chip2	279	0.96023	0.02861	76	0.49718	0.03802	5	0.0454	0.01124
 1754948	33368314	chip2	279	0.95306	0.03099	76	0.49729	0.03853	5	0.1074	0.01646
 1671576	33368444	chip2	26	0.98077	0.02427	98	0.49422	0.05096	235	0.07155	0.03967
 1658852	33403105	chip2	160	0.97605	0.02151	153	0.49884	0.02444	47	0.05566	0.01529
 1737930	33414055	chip2	139	0.84666	0.05459	163	0.49785	0.03301	58	0.088	0.02806
 1705147	33414632	chip2	140	0.97614	0.02017	162	0.49585	0.04515	58	0.01414	0.00962
 1709317	33420522	chip2	306	0.94552	0.01264	50	0.49904	0.02197	4	0.024	0.01615
 1657508	33445122	chip2	277	0.89799	0.0417	79	0.48606	0.06899	4	0.118	0.0182
 1753500	33454893	chip1	139	0.95337	0.02701	162	0.4952	0.04864	58	0.04388	0.02801
 1755561	33465106	chip1	359	0.99842	0.0052	0	NA	NA	0	NA	NA
 1680436	33470182	chip2	360	0.97612	0.0217	0	NA	NA	0	NA	NA
 1740637	33486009	chip2	220	0.91497	0.02344	118	0.49782	0.02648	22	0.06236	0.01247
 1642451	33492495	chip2	44	0.90582	0.03066	148	0.4993	0.01955	168	0.07968	0.02065
 1754280	33492696	chip2	305	0.90714	0.02435	50	0.49928	0.02635	5	0.0232	0.01285
 1646597	33493778	chip1	12	0.89467	0.19036	72	0.49318	0.06061	265	0.03206	0.02966
 1671560	33500735	chip2	0	NA	NA	0	NA	NA	360	0.00441	0.00693
 1718905	33536872	chip2	62	0.92495	0.01628	165	0.49897	0.02373	133	0.12692	0.03294
 1742108	33567581	chip1	1	0.885	NA	23	0.49461	0.03504	336	0.09359	0.03587
 1749634	33604183	chip1	1	0.969	NA	25	0.49204	0.05868	334	0.02585	0.02514
 1754865	33622292	chip1	323	0.91585	0.01438	35	0.4966	0.03767	2	0.0655	0.01485
 1754981	33622510	chip1	24	0.97412	0.01631	137	0.49869	0.02745	199	0.05649	0.01976
 1660959	33627311	chip2	42	0.95638	0.02731	148	0.49744	0.03016	170	0.05108	0.03095
 1677465	33628506	chip1	6	0.913	0.02016	93	0.49688	0.03975	261	0.04303	0.03648
 1735450	33631197	chip2	151	0.8756	0.03256	163	0.49833	0.02907	46	0.04737	0.01874
 1646212	33632518	chip2	24	0.90183	0.03807	136	0.49666	0.03458	200	0.13639	0.03861
 1691105	33669852	chip1	71	0.98075	0.01982	171	0.49653	0.0431	118	0.00275	0.00515
 1693005	33677360	chip1	102	0.92263	0.03504	181	0.49826	0.03203	75	0.13403	0.03296
 1734997	33701223	chip1	360	0.98544	0.01589	0	NA	NA	0	NA	NA
 1743412	33742768	chip1	24	0.9315	0.02182	127	0.49665	0.03639	201	0.14498	0.03944
 1661011	33780304	chip2	265	0.93907	0.02615	93	0.49871	0.02974	2	0.102	0.03677
 1709331	33781234	chip2	346	0.98321	0.01767	13	0.49931	0.04523	0	NA	NA
 1676279	33795085	chip1	245	0.96887	0.03504	108	0.49444	0.04965	6	0.02733	0.01506
 1722582	33808858	chip2	35	0.99769	0.00632	171	0.49078	0.06644	154	0.02767	0.02018
 1727987	33809546	chip2	337	0.95009	0.03072	23	0.49604	0.04642	0	NA	NA
 1709559	33809597	chip2	153	0.96385	0.02513	171	0.49832	0.03053	35	0.01623	0.00911
 1643251	33906731	chip2	0	NA	NA	0	NA	NA	360	0.046	0.02265
 1689720	33925720	chip1	124	0.91042	0.03095	153	0.49782	0.03044	83	0.09478	0.03253
 1689896	33926150	chip1	127	0.99733	0.00524	155	0.4961	0.03931	78	0.04614	0.03585
 1689996	33926232	chip1	124	0.92038	0.0372	153	0.49728	0.03456	83	0.0986	0.02696
 1693237	33932898	chip1	0	NA	NA	0	NA	NA	360	0.00672	0.00684
 1714561	33961544	chip2	279	0.99659	0.00912	74	0.49745	0.03325	7	0.08671	0.02387
 1705534	33993523	chip1	79	0.93108	0.02757	168	0.49617	0.03461	113	0.06718	0.02827
 1745497	34007701	chip1	79	0.88848	0.02311	168	0.49891	0.02466	113	0.16082	0.04244
 1755995	34052011	chip1	14	0.854	0.0302	105	0.49295	0.05918	240	0.00122	0.00578
 1756125	34052126	chip1	264	0.97417	0.01967	87	0.49279	0.05897	7	0.15671	0.02334
 1739652	34229330	chip1	94	0.99599	0.01247	195	0.47913	0.10718	48	0.12967	0.0274
 1739760	34229422	chip1	2	0.801	0.03818	58	0.49834	0.03722	297	0.1899	0.0429
 1648036	34247492	chip2	21	0.96348	0.02314	137	0.49858	0.02632	202	0.02523	0.01201
 1751113	34256333	chip2	259	0.89296	0.03405	92	0.49742	0.03599	9	0.00367	0.00472
 1670011	34256413	chip2	262	0.92124	0.03276	89	0.49681	0.04044	9	0.15322	0.03342
 1721926	34411916	chip2	15	0.97867	0.01254	110	0.49775	0.03475	235	0.02963	0.02284
 1719549	34411961	chip2	15	0.84087	0.03922	112	0.49889	0.02633	233	0.08973	0.02032
 1740927	34460028	chip2	0	NA	NA	25	0.49928	0.01984	335	0.07237	0.01666
 1743870	34534249	chip1	297	0.9369	0.02882	60	0.49812	0.03289	3	0.034	0.02066
 1669970	34602583	chip1	298	0.95623	0.02899	60	0.49157	0.05701	2	0.0225	0.02333
 1675028	34664207	chip1	360	0.93168	0.01919	0	NA	NA	0	NA	NA
 1675442	34671762	chip1	360	0.96858	0.02231	0	NA	NA	0	NA	NA
 1676771	34685304	chip1	2	0.9535	0.01768	59	0.49002	0.06888	298	0.02281	0.01774
 1667395	34902461	chip1	345	0.97176	0.02935	14	0.49186	0.06023	0	NA	NA
 1742361	34909112	chip2	304	0.9351	0.01832	52	0.49969	0.0135	3	0.04233	0.01457
 1719229	34915188	chip2	9	0.94278	0.02651	91	0.48403	0.09138	244	0.11514	0.07629
 1740792	34987542	chip1	9	0.94211	0.00871	106	0.49658	0.04781	244	0.07573	0.02432
 1740892	34987574	chip1	9	0.98267	0.0062	106	0.49811	0.03421	244	0.01712	0.02246
 1742496	34989517	chip1	245	0.94599	0.02707	106	0.49767	0.03804	9	0.09467	0.05883
 1745883	34993948	chip1	0	NA	NA	8	0.49225	0.06781	351	0.01924	0.01492
 1691277	35094480	chip1	0	NA	NA	3	0.47467	0.1353	353	0.0247	0.01833
 1693141	35102699	chip1	360	0.9764	0.01972	0	NA	NA	0	NA	NA
 1704931	35167066	chip2	360	0.89694	0.03227	0	NA	NA	0	NA	NA
 1731229	35179861	chip2	4	0.96825	0.02136	75	0.49828	0.03375	281	0.07642	0.03585
 1747108	35242670	chip1	238	0.98658	0.01662	110	0.49444	0.05398	9	0.15722	0.0391
 1749030	35251148	chip1	0	NA	NA	0	NA	NA	357	0.09251	0.037
 1671147	35251560	chip1	360	0.97943	0.01751	0	NA	NA	0	NA	NA
 1744843	35263614	chip2	1	0.887	NA	4	0.49925	0.02294	352	0.01876	0.0263
 1729451	35338874	chip1	341	0.86323	0.06468	15	0.48447	0.08316	0	NA	NA
 1725944	35396435	chip2	240	0.92766	0.04799	107	0.49434	0.06024	11	0.07973	0.02997
 1665383	35415881	chip1	19	0.904	0.03264	121	0.49594	0.046	216	0.16303	0.04026
 1674055	35447030	chip1	31	0.99971	0.00113	165	0.49173	0.06259	156	0.09058	0.02778
 1726721	35496620	chip1	3	0.87533	0.04652	71	0.49627	0.04858	285	0.10489	0.0206
 1728388	35502559	chip1	359	0.94947	0.02616	1	0.857	NA	0	NA	NA
 1653662	35626482	chip2	148	0.92499	0.02162	163	0.49923	0.02142	49	0.08624	0.0216
 1647727	35646895	chip1	128	0.95573	0.01272	171	0.4981	0.03502	61	0.09975	0.02684
 1678398	35659491	chip2	8	0.92363	0.03807	72	0.49886	0.02558	279	0.04577	0.01987
 1660178	35696772	chip1	0	NA	NA	1	0.638	NA	359	0.04428	0.03444
 1681127	35730030	chip1	360	0.91368	0.02797	0	NA	NA	0	NA	NA
 1682959	35731478	chip1	108	0.96701	0.02477	169	0.49659	0.04111	82	0.08221	0.02882
 1683143	35731738	chip1	84	0.92237	0.03432	169	0.49645	0.04268	107	0.03719	0.024
 1667121	35912151	chip1	134	0.93577	0.04041	168	0.49596	0.04489	57	0.06918	0.04816
 1737149	35978628	chip2	69	0.97574	0.02079	182	0.49676	0.04074	109	0.00655	0.00761
 1655916	36050214	chip1	211	0.92686	0.04042	130	0.49749	0.03617	18	0.12961	0.0357
 1656142	36052836	chip1	163	0.86893	0.02805	157	0.49403	0.05474	40	0.1098	0.02588
 1736217	36157142	chip2	18	0.99806	0.00825	155	0.49821	0.03258	187	0.00111	0.00469
 1647745	36232658	chip1	360	0.9299	0.03269	0	NA	NA	0	NA	NA
 1733665	36572759	chip1	5	0.9404	0.0301	77	0.49796	0.03606	278	0.07508	0.02637
 1735442	36729044	chip2	22	0.98709	0.02322	117	0.49706	0.04178	221	0.03456	0.02958
 1666135	36755989	chip1	22	0.86909	0.02455	114	0.49939	0.01932	223	0.17087	0.02795
 1756915	36860698	chip2	360	0.95279	0.01775	0	NA	NA	0	NA	NA
 1719816	37117885	chip1	240	0.95182	0.01646	105	0.49731	0.03049	14	0.10493	0.01837
 1721675	37119622	chip1	269	0.99601	0.01227	77	0.47683	0.12556	0	NA	NA
 1721949	37120474	chip1	6	0.80917	0.02007	83	0.49734	0.03645	270	0.07954	0.02677
 1652679	37150541	chip1	9	0.98433	0.01313	122	0.49608	0.045	229	0.063	0.02706
 1678804	37425644	chip2	99	0.98555	0.00745	184	0.49845	0.02488	77	0.01462	0.00953
 1673262	37450184	chip2	4	0.95225	0.01769	67	0.5	0.02091	289	0.05119	0.02511
 1756779	37450440	chip2	289	0.96113	0.03107	67	0.4977	0.03012	4	0.1065	0.03449
 1701916	37560010	chip1	288	0.9834	0.01668	67	0.49054	0.06639	5	0.0366	0.00835
 1719961	37647050	chip2	1	0.756	NA	73	0.49375	0.04804	286	0.08412	0.03187
 1709286	38042260	chip1	336	0.95281	0.02593	21	0.49829	0.0294	2	0.092	0.00424
 1712350	38044854	chip1	359	0.98274	0.01308	0	NA	NA	0	NA	NA
 1722020	38108113	chip2	360	0.95897	0.01862	0	NA	NA	0	NA	NA
 1658870	38108273	chip2	359	0.9871	0.01776	0	NA	NA	0	NA	NA
 1753298	38327576	chip1	0	NA	NA	5	0.47	0.16783	355	0.07666	0.03396
 1755073	38338772	chip1	276	0.97756	0.03331	78	0.49399	0.06097	5	0.0246	0.02018
 1698321	38497089	chip2	0	NA	NA	10	0.4292	0.18911	315	0.15703	0.06076
 1695016	38518746	chip1	346	0.98512	0.0188	1	0.629	NA	0	NA	NA
 1696397	38527629	chip1	360	0.92861	0.02024	0	NA	NA	0	NA	NA
 1654011	38565782	chip2	322	0.98215	0.01237	37	0.49762	0.03591	1	0	NA
 1749893	38634527	chip2	32	0.93606	0.05217	171	0.48699	0.07946	157	0.00327	0.01111
 1693182	38639276	chip2	360	0.97807	0.0134	0	NA	NA	0	NA	NA
 1747310	38728791	chip1	194	0.91478	0.02735	141	0.49872	0.02367	24	0.191	0.03107
 1756271	38838668	chip1	360	0.91835	0.02915	0	NA	NA	0	NA	NA
 1643581	38857804	chip1	198	0.97353	0.01543	128	0.49611	0.04333	34	0.11524	0.02592
 1666598	38942982	chip2	0	NA	NA	2	0.4995	0.01768	358	0.0976	0.02784
 1673336	38943019	chip2	358	0.90964	0.03157	2	0.5	0.01131	0	NA	NA
 1710852	39006932	chip2	133	0.96148	0.02242	153	0.49839	0.02772	74	0.06266	0.02093
 1727808	39159899	chip1	212	0.91539	0.05703	137	0.48375	0.09688	3	0.137	0.01375
 1728062	39162321	chip1	212	0.93825	0.02758	125	0.49859	0.02919	23	0.16009	0.04486
 1758353	39200740	chip2	213	0.98655	0.00692	124	0.49882	0.02378	23	0.00191	0.00273
 1655502	39213545	chip1	23	0.95374	0.02304	124	0.49598	0.04968	213	0.06454	0.02976
 1643668	39231291	chip2	23	0.95487	0.01547	124	0.4984	0.03006	213	0.01777	0.01064
 1662802	39236581	chip2	213	0.98454	0.01981	124	0.49613	0.04139	23	0.06717	0.02472
 1658889	39251626	chip1	24	0.96613	0.02751	125	0.49562	0.04501	211	0.00655	0.01154
 1660628	39294334	chip1	3	0.95467	0.0265	82	0.49683	0.04042	274	0.03922	0.02723
 1665927	39371814	chip1	359	0.9873	0.01664	0	NA	NA	0	NA	NA
 1723578	39399540	chip2	0	NA	NA	0	NA	NA	360	0.11402	0.03307
 1697631	39399572	chip2	0	NA	NA	0	NA	NA	360	0.08238	0.02955
 1705731	39870970	chip2	256	0.9178	0.04698	89	0.49242	0.05723	8	0.08825	0.03215
 1712086	39879867	chip1	263	0.94558	0.01676	88	0.49839	0.03557	9	0.05844	0.02824
 1754377	40190424	chip1	359	0.92709	0.02018	1	0.573	NA	0	NA	NA
 1756217	40196884	chip1	324	0.95585	0.03037	32	0.49788	0.03222	2	0.04	0.01273
 1694366	40331129	chip1	2	0.9335	0.00495	54	0.49793	0.03241	304	0.05708	0.01495
 1694502	40331251	chip1	0	NA	NA	0	NA	NA	359	0.1066	0.04703
 1746545	40453045	chip1	2	0.905	0.00566	35	0.49046	0.07212	321	0.06074	0.04075
 1746652	40453345	chip1	2	0.854	0.04243	54	0.49728	0.03666	302	0.0543	0.01713
 1748766	40466876	chip1	323	0.86218	0.0403	35	0.49666	0.04007	2	0.1535	0.01061
 1743145	40507986	chip2	2	0.913	0.03677	55	0.49845	0.02791	301	0.0783	0.04955
 1662503	40610564	chip1	254	0.87569	0.03658	95	0.49802	0.0334	10	0.1617	0.05342
 1734098	40669462	chip2	8	0.995	0.0085	72	0.49771	0.03485	280	0.0245	0.018
 1716594	40742311	chip1	8	0.89825	0.04541	69	0.48797	0.07565	283	0.04541	0.026
 1695056	40899114	chip1	360	0.97912	0.0133	0	NA	NA	0	NA	NA
 1698276	40911192	chip1	360	0.93777	0.03148	0	NA	NA	0	NA	NA
 1680228	40932648	chip2	131	0.9386	0.04664	173	0.49609	0.04665	49	0.01149	0.01338
 1686886	40948613	chip2	49	0.92122	0.02992	178	0.4984	0.02585	133	0.07305	0.02796
 1750428	41001431	chip1	159	0.95358	0.0277	163	0.49122	0.05692	37	0.07841	0.04463
 1645029	41058112	chip1	35	0.95363	0.02418	157	0.4986	0.02869	168	0.0611	0.01881
 1734084	41674625	chip2	191	0.93526	0.02279	142	0.49875	0.02622	27	0.04678	0.01519
 1705169	41674874	chip2	360	0.99872	0.00359	0	NA	NA	0	NA	NA
 1755878	41676614	chip2	360	0.96406	0.01123	0	NA	NA	0	NA	NA
 1663498	41677063	chip2	360	0.98962	0.00762	0	NA	NA	0	NA	NA
 1662920	41677130	chip2	347	0.97109	0.02256	13	0.49385	0.03423	0	NA	NA
 1649765	41700493	chip1	235	0.90511	0.03133	112	0.49833	0.02833	13	0.05585	0.02246
 1692907	41729950	chip1	11	0.99818	0.00306	105	0.49804	0.02946	244	0.04957	0.01667
 1693037	41730708	chip1	244	0.95673	0.02351	105	0.49707	0.04208	11	0.01764	0.01988
 1696739	41763948	chip1	304	0.82838	0.0574	38	0.49134	0.07467	0	NA	NA
 1702256	41789790	chip1	360	0.92968	0.03465	0	NA	NA	0	NA	NA
 1747358	41836209	chip1	111	0.8893	0.02429	182	0.49881	0.0236	67	0.12572	0.02124
 1752874	41859258	chip1	133	0.96696	0.01855	170	0.49692	0.0407	57	0.06267	0.02593
 1751470	42010931	chip1	0	NA	NA	1	0.273	NA	359	0.01167	0.01562
 1674168	42014074	chip1	26	0.9505	0.01241	130	0.49844	0.02957	204	0.04021	0.02074
 1689932	42061618	chip1	55	0.91158	0.01544	176	0.49924	0.01847	129	0.14597	0.0292
 1690054	42062368	chip1	126	0.94555	0.02012	177	0.49905	0.02595	57	0.12907	0.03085
 1649186	42341477	chip2	228	0.99811	0.00481	111	0.49613	0.042	21	0.03067	0.01481
 1729255	42358549	chip1	6	0.854	0.02779	70	0.49496	0.05101	284	0.01025	0.01174
 1734295	42390405	chip1	233	0.96547	0.02591	108	0.49245	0.05818	11	0.18809	0.04206
 1696906	42409840	chip2	281	0.92185	0.04024	71	0.49642	0.04064	7	0.01757	0.01861
 1737443	42414775	chip2	234	0.91797	0.02337	106	0.4982	0.03049	20	0.12125	0.0348
 1735208	42428015	chip2	48	0.93352	0.02722	153	0.4969	0.03567	158	0.05504	0.04834
 1753692	42440031	chip1	0	NA	NA	0	NA	NA	360	0.08481	0.0222
 1753816	42440405	chip1	282	0.91527	0.02433	70	0.49663	0.03536	8	0.13925	0.13767
 1753934	42441431	chip1	235	0.97405	0.02679	107	0.49259	0.0601	18	0.05289	0.04534
 1663348	42460308	chip2	48	0.95477	0.02225	150	0.49778	0.03395	160	0.05774	0.03623
 1645135	42472606	chip1	290	0.91629	0.04399	62	0.49392	0.05697	7	0.08057	0.03397
 1679974	42489823	chip2	7	0.95443	0.01728	64	0.49922	0.02185	289	0.04828	0.01812
 1686839	42520129	chip1	171	0.92938	0.02745	149	0.49853	0.03046	40	0.08643	0.03746
 1746013	42614026	chip1	7	0.98871	0.01416	105	0.49252	0.06584	247	0.02351	0.02778
 1694230	42708775	chip1	96	0.96664	0.01819	174	0.49859	0.02847	90	0.03629	0.01247
 1733325	42717614	chip1	44	0.86559	0.02738	153	0.49922	0.02549	162	0.11534	0.03026
 1741576	42759300	chip1	42	0.98438	0.00964	165	0.49872	0.03107	153	0.0935	0.02934
 1665684	42880277	chip2	120	0.97403	0.01938	175	0.49885	0.02419	65	0.06118	0.01543
 1720918	43011095	chip1	77	0.97439	0.01713	181	0.49824	0.03121	102	0.04059	0.02284
 1670315	43147223	chip2	317	0.96604	0.03033	40	0.49288	0.05747	2	0.237	0.01131
 1660684	43175021	chip1	98	0.90622	0.0227	162	0.49785	0.03152	100	0.07522	0.02619
 1662319	43176767	chip1	360	0.95209	0.02745	0	NA	NA	0	NA	NA
 1681088	43190700	chip2	67	0.9659	0.01618	167	0.49807	0.02703	126	0.07917	0.02686
 1705876	43236110	chip1	7	0.92371	0.02433	95	0.49723	0.03719	258	0.02853	0.01823
 1647401	43335493	chip1	224	0.97204	0.02147	112	0.49176	0.06793	17	0.17424	0.07604
 1692809	43382542	chip1	78	0.95235	0.01954	219	0.49581	0.04672	63	0.03465	0.03071
 1737488	43571324	chip1	272	0.99643	0.00595	82	0.49576	0.0432	6	0.04133	0.00911
 1738854	43571475	chip1	271	0.95375	0.03061	82	0.49024	0.06303	6	0.00783	0.00744
 1745093	43673106	chip2	347	0.97227	0.03018	13	0.49808	0.03129	0	NA	NA
 1732757	43710517	chip1	0	NA	NA	8	0.48838	0.08391	325	0.17621	0.07813
 1704349	43771033	chip2	0	NA	NA	22	0.49668	0.03788	338	0.06108	0.01855
 1647284	43808941	chip2	43	0.98705	0.02629	151	0.49945	0.01839	166	0.03047	0.01487
 1749332	43904148	chip1	208	0.89644	0.02775	123	0.49882	0.02421	29	0.07359	0.01648
 1749558	43911330	chip1	99	0.99232	0.00958	188	0.49193	0.06769	73	0.11315	0.0313
 1751334	43924064	chip1	0	NA	NA	6	0.49817	0.0322	351	0.07219	0.0315
 1712893	43945366	chip2	65	0.98494	0.01968	177	0.49642	0.04053	118	0.06409	0.02877
 1684313	43955895	chip1	113	0.83684	0.09671	178	0.48785	0.07374	65	0.09154	0.055
 1646734	43987248	chip2	0	NA	NA	0	NA	NA	359	0.08342	0.03918
 1698409	44097291	chip2	33	0.9747	0.02267	164	0.49884	0.02307	162	0.13793	0.03182
 1691380	44097407	chip2	33	0.93924	0.01998	164	0.49903	0.01998	163	0.04466	0.01575
 1678161	44110203	chip1	8	0.87762	0.0528	114	0.49647	0.04473	238	0.05171	0.02485
 1657576	44137422	chip2	25	0.98268	0.02479	155	0.49552	0.04166	180	0.02686	0.01879
 1705069	44149283	chip2	24	0.83954	0.04918	154	0.49682	0.04403	181	0.05747	0.01608
 1742254	44243719	chip1	3	0.894	0.01473	43	0.49551	0.04075	313	0.07679	0.03759
 1744084	44250132	chip1	20	0.9638	0.01735	101	0.4974	0.03536	239	0.10482	0.02528
 1744228	44250171	chip1	274	0.99181	0.00844	76	0.498	0.0317	10	0.0866	0.02039
 1670499	44287559	chip1	124	0.95714	0.02653	161	0.49734	0.03522	75	0.0462	0.01857
 1670619	44287817	chip1	25	0.87432	0.04635	125	0.49581	0.04712	210	0.07096	0.03141
 1672011	44288816	chip1	208	0.903	0.0259	126	0.49863	0.02796	26	0.10881	0.03364
 1672183	44290254	chip1	279	0.98349	0.00812	74	0.49355	0.05262	6	0.14383	0.03785
 1675875	44301130	chip1	1	0.916	NA	72	0.49501	0.05175	281	0.12174	0.06489
 1677507	44303830	chip1	287	0.9461	0.02338	70	0.49536	0.04747	2	0.133	0.02828
 1668382	44400710	chip2	22	0.97209	0.00684	99	0.49854	0.02699	239	0.01276	0.01363
 1703237	44413466	chip2	31	0.99816	0.00346	149	0.4987	0.02772	180	9e-05	5e-04
 1671219	44416281	chip1	15	0.93867	0.02566	109	0.49723	0.03662	236	0.07583	0.02521
 1671447	44417456	chip1	84	0.96035	0.08024	156	0.49017	0.06643	84	0.07067	0.04998
 1732269	44419443	chip2	179	0.95506	0.01639	152	0.49941	0.01931	29	0.06824	0.02482
 1759029	44485578	chip2	291	0.97346	0.03254	62	0.48811	0.08132	3	0.042	0.02551
 1715456	44492811	chip1	19	0.97732	0.01133	118	0.49681	0.04196	223	0.04757	0.03165
 1715568	44492908	chip1	1	0.91	NA	33	0.49539	0.04873	324	0.07683	0.04209
 1657055	44511673	chip2	17	0.96676	0.01643	112	0.49564	0.04622	231	0.01035	0.01288
 1726205	44536492	chip1	17	0.82024	0.04175	110	0.49724	0.03635	233	0.11306	0.02836
 1672840	44543765	chip2	0	NA	NA	28	0.46546	0.12314	314	0.07644	0.07676
 1729841	44556673	chip1	328	0.97434	0.01442	31	0.49771	0.03391	1	0.017	NA
 1733124	44575545	chip2	18	0.90917	0.03198	109	0.49699	0.03425	233	0.05614	0.0127
 1655214	44582854	chip1	329	0.96333	0.02812	29	0.49679	0.03995	0	NA	NA
 1657100	44593015	chip1	230	0.96779	0.01647	110	0.49144	0.06811	18	0.06633	0.03391
 1657274	44593368	chip1	98	0.88011	0.02961	188	0.49818	0.02913	74	0.06743	0.01726
 1657670	45250436	chip2	288	0.94373	0.02927	64	0.4977	0.03475	7	0.02514	0.02318
 1703431	45289960	chip2	257	0.93009	0.02666	92	0.49468	0.04663	10	0.1917	0.05374
 1720273	45585337	chip2	360	0.97834	0.04328	0	NA	NA	0	NA	NA
 1712950	45643433	chip1	46	0.9528	0.02105	169	0.49454	0.05141	145	0.03536	0.02085
 1670612	45657701	chip2	120	0.96129	0.0114	177	0.49811	0.02987	63	0.09114	0.03341
 1718505	45676443	chip2	328	0.95628	0.03185	31	0.49832	0.03946	0	NA	NA
 1668523	45720422	chip1	360	0.98394	0.01263	0	NA	NA	0	NA	NA
 1722759	45791152	chip1	163	0.93686	0.034	164	0.48474	0.07932	33	0.04864	0.03703
 1674686	45881731	chip1	83	0.91728	0.02372	161	0.49721	0.03853	115	0.05676	0.02134
 1675989	45882028	chip1	116	0.9448	0.02252	158	0.49588	0.04469	85	0.0502	0.05416
 1664631	45983000	chip1	116	0.91773	0.03032	177	0.49833	0.03246	67	0.03364	0.01324
 1737233	45988100	chip2	359	0.86557	0.02821	1	0.522	NA	0	NA	NA
 1713895	46033388	chip1	315	0.95458	0.04267	44	0.49573	0.04525	1	0.044	NA
 1653297	46111404	chip1	91	0.99774	0.00595	165	0.48294	0.09623	103	0.0151	0.01638
 1653407	46111442	chip1	358	0.97961	0.01479	2	0.499	0.02546	0	NA	NA
 1653497	46111582	chip1	102	0.98198	0.02642	168	0.49629	0.04325	90	0.05109	0.03095
 1709332	46193217	chip1	352	0.97757	0.01476	8	0.494	0.05669	0	NA	NA
 1713168	46211471	chip1	311	0.92731	0.02674	47	0.49045	0.06357	2	0.0585	0.00354
 1714942	46215076	chip1	184	0.95787	0.01905	142	0.49734	0.03575	34	0.02544	0.01679
 1643959	46243428	chip1	16	0.92488	0.02843	119	0.49345	0.05081	225	0.05794	0.0184
 1668908	46319092	chip1	151	0.96611	0.01641	176	0.49778	0.03145	33	0.00585	0.00887
 1662759	46450326	chip1	0	NA	NA	0	NA	NA	360	0.05632	0.035
 1667763	46460049	chip1	0	NA	NA	0	NA	NA	360	0.00065	0.00237
 1713252	46502674	chip1	31	0.97265	0.02081	156	0.49364	0.05464	172	0.05872	0.01954
 1718751	46511252	chip2	210	0.8871	0.03776	129	0.49347	0.05396	10	0.1395	0.02777
 1663740	46569391	chip2	6	0.96433	0.02286	82	0.49924	0.02548	272	0.09564	0.03112
 1722134	46595929	chip2	1	0.964	NA	29	0.49866	0.02616	330	0.04353	0.01792
 1683746	46609605	chip2	300	0.96239	0.0208	58	0.49624	0.04249	2	0.0905	0.01768
 1723798	46610226	chip2	360	0.98731	0.01254	0	NA	NA	0	NA	NA
 1699059	46613506	chip2	0	NA	NA	0	NA	NA	360	0.07427	0.02156
 1718841	46614607	chip2	0	NA	NA	0	NA	NA	360	0.06288	0.02645
 1706910	46625415	chip1	4	0.99725	0.0055	63	0.49673	0.04045	293	0.00854	0.01395
 1728979	46627384	chip2	115	0.96981	0.01647	177	0.49546	0.04806	68	0	0
 1710843	46639423	chip1	359	0.86918	0.02566	0	NA	NA	0	NA	NA
 1657627	46720490	chip1	99	0.93825	0.04394	189	0.49744	0.03692	71	0.04463	0.02337
 1705992	46772088	chip1	320	0.96473	0.0183	40	0.4978	0.03996	0	NA	NA
 1706224	46773410	chip1	0	NA	NA	0	NA	NA	360	0.06874	0.0206
 1644369	46835938	chip1	128	0.94482	0.04041	176	0.49823	0.03637	55	0.02496	0.01762
 1646473	46842676	chip1	267	0.9075	0.03764	85	0.49634	0.0443	5	0.0432	0.01224
 1689756	46868963	chip1	296	0.92776	0.03234	60	0.49345	0.05665	4	0.1545	0.06313
 1742163	46949920	chip2	214	0.90037	0.02712	125	0.49917	0.02037	21	0.08233	0.01792
 1646326	47008803	chip2	360	0.93602	0.02029	0	NA	NA	0	NA	NA
 1736665	47046698	chip2	8	0.95337	0.0197	107	0.49771	0.03252	245	0.03022	0.03362
 1694719	47047245	chip2	41	0.99588	0.00784	148	0.499	0.02353	171	0.00989	0.01064
 1722779	47186149	chip1	67	0.9373	0.03723	182	0.49519	0.05066	110	0.03695	0.02718
 1723011	47186741	chip1	110	0.97856	0.01739	182	0.49319	0.05621	68	0.00975	0.0133
 1724237	47187015	chip1	144	0.94603	0.03098	175	0.48911	0.06225	40	0.04202	0.02692
 1724351	47187524	chip1	39	0.84521	0.04789	175	0.49662	0.04159	145	0.10097	0.03974
 1724483	47187576	chip1	76	0.92607	0.02183	188	0.4972	0.03548	96	0.14363	0.03362
 1750143	47201283	chip2	194	0.93224	0.01867	139	0.49742	0.03891	27	0.06152	0.0163
 1697993	47256280	chip2	53	0.94809	0.0285	174	0.49789	0.03311	132	0.02778	0.0171
 1686702	47270978	chip2	62	0.9666	0.01133	177	0.49761	0.03539	121	0.01394	0.01542
 1650900	47337591	chip2	211	0.8674	0.02979	126	0.49893	0.02436	23	0.12813	0.03265
 1682026	47337756	chip2	273	0.96824	0.02358	85	0.49689	0.03802	2	0.0455	0.00495
 1736787	47456129	chip2	12	0.94458	0.0143	99	0.49853	0.02661	249	0.02144	0.01472
 1662969	47565017	chip1	251	0.93161	0.01957	102	0.49633	0.04126	7	0.009	0.01137
 1663161	47565552	chip1	35	0.97046	0.01641	140	0.49502	0.04505	185	0.05646	0.02252
 1666469	47574067	chip1	0	NA	NA	0	NA	NA	359	0.03148	0.01963
 1704030	47760593	chip1	255	0.93003	0.02714	97	0.4968	0.0441	8	0.00738	0.01173
 1671182	47830403	chip2	41	0.99188	0.01122	155	0.49894	0.02064	164	0.02191	0.01612
 1758612	47830859	chip2	0	NA	NA	0	NA	NA	359	0.16513	0.03993
 1696109	47847801	chip1	359	0.91244	0.03314	0	NA	NA	0	NA	NA
 1697922	47849529	chip1	355	0.88119	0.07565	0	NA	NA	0	NA	NA
 1699920	47854671	chip1	225	0.93288	0.0331	120	0.49621	0.04056	14	0.10271	0.03424
 1652506	47893894	chip2	360	0.89427	0.01743	0	NA	NA	0	NA	NA
 1679476	47904448	chip2	1	0.964	NA	10	0.4983	0.03323	349	0.0298	0.01664
 1681253	47913657	chip1	14	0.96014	0.02169	114	0.49818	0.02687	232	0.01386	0.01063
 1686765	47928225	chip1	233	0.97921	0.01489	116	0.49714	0.04017	11	0.04545	0.03726
 1749168	47980260	chip1	303	0.95899	0.03333	55	0.49613	0.04358	0	NA	NA
 1697991	47996263	chip2	297	0.9287	0.02147	57	0.49986	0.01449	6	0.10633	0.03388
 1664084	47999013	chip2	232	0.96292	0.02516	115	0.49808	0.03154	13	0.04962	0.03595
 1684788	47999144	chip2	1	0.979	NA	70	0.49893	0.02251	289	0.03867	0.02822
 1708002	47999394	chip2	232	0.988	0.01536	115	0.49529	0.04546	13	0.07831	0.02543
 1729162	48069777	chip2	103	0.9551	0.01367	167	0.49863	0.02899	90	0.01982	0.01215
 1722344	48069909	chip2	268	0.94984	0.02221	84	0.49827	0.02918	8	0.073	0.02177
 1659784	48070584	chip2	35	0.96731	0.02068	143	0.49852	0.02537	182	0.0467	0.01578
 1661844	48071459	chip2	359	0.89679	0.02783	1	0.417	NA	0	NA	NA
 1693764	48114679	chip1	0	NA	NA	0	NA	NA	358	0.03986	0.02282
 1693890	48114794	chip1	47	0.78404	0.04816	218	0.45801	0.14006	33	0.0117	0.00949
 1695394	48115070	chip1	0	NA	NA	0	NA	NA	360	0.03591	0.02342
 1719133	48118077	chip2	0	NA	NA	28	0.49804	0.03141	332	0.02016	0.01405
 1684852	48118190	chip2	312	0.9626	0.02128	45	0.49504	0.04462	2	0.1255	0.04031
 1688737	48313502	chip1	33	0.9727	0.02144	153	0.49564	0.04617	174	0.06726	0.02763
 1690248	48313749	chip1	0	NA	NA	3	0.499	0.02718	355	0.02815	0.02238
 1690370	48313892	chip1	0	NA	NA	0	NA	NA	360	0.01938	0.01768
 1690702	48314173	chip1	343	0.88331	0.02945	16	0.49844	0.0301	0	NA	NA
 1691981	48314526	chip1	251	0.91587	0.03444	98	0.49666	0.04637	10	0.0184	0.00965
 1692099	48314593	chip1	177	0.94584	0.01626	158	0.49812	0.03173	25	0.08448	0.02567
 1726747	48481817	chip1	169	0.97851	0.02169	153	0.49336	0.05464	37	0.15549	0.03909
 1726963	48482509	chip1	39	0.99344	0.00734	152	0.49873	0.02421	169	0.03873	0.01401
 1728292	48482917	chip1	67	0.9993	0.00271	181	0.49853	0.0266	112	0.01014	0.0113
 1732096	48538572	chip1	334	0.96367	0.03299	25	0.4992	0.04561	1	0.001	NA
 1651039	48667921	chip1	13	0.97108	0.01404	73	0.49347	0.04488	270	0.00809	0.01204
 1651281	48668990	chip1	0	NA	NA	24	0.49708	0.03846	331	0.03863	0.02841
 1704908	48874725	chip1	190	0.94624	0.03414	145	0.49726	0.03962	23	0.05804	0.02248
 1746738	48898863	chip1	299	0.99212	0.01691	57	0.48556	0.07628	4	0.08525	0.0226
 1748348	48899534	chip1	235	0.90469	0.02584	116	0.49751	0.03779	9	0.19489	0.03182
 1710085	49023156	chip2	61	0.96005	0.01585	155	0.49895	0.0274	144	0.03429	0.01562
