4.66017
5.41133
5.45202
6.48393
7.06125
7.74959
9.16566
10.5089
10.5095
10.5096
11.0309
11.351
11.5893
11.7584
12.0529
12.053
12.0531
12.1146
12.1151
12.5281
13.3695
14.8533
14.8551
15.0182
15.0191
15.674
15.8601
15.9758
15.9768
15.977
17.1592
17.3149
17.3961
18.2162
18.217
18.5476
19.3239
19.324
19.7225
19.7229
20.922
20.9474
20.9481
21.0628
21.3055
21.4934
21.6427
21.6494
21.6495
21.776
22.0862
22.3831
22.4593
23.4393
24.2949
24.2951
24.4695
24.5245
24.7056
24.8072
25.1959
25.5495
25.7155
25.7717
25.898
26.5347
27.143
27.1912
27.192
28.1046
28.2265
28.4216
28.6615
28.778
28.7786
28.9466
28.9481
28.9485
29.5548
29.9673
30.4295
31.03
31.03
31.03
31.03
31.03
31.03
31.1807
31.2021
31.2062
31.7512
31.7516
31.7993
31.9206
32.2302
32.2356
32.2362
32.2905
32.3714
32.9672
32.9672
33.5278
34.5579
36.9559
37.2166
37.2322
37.3839
38.3772
38.3798
38.3801
38.4195
39.3503
39.9428
39.9429
39.9437
40.5026
40.8934
41.5604
41.7194
42.3145
42.4328
42.5041
42.5461
42.6512
42.6843
43.2855
44.8143
44.8832
44.9029
44.903
45.3184
45.3187
45.3195
45.3318
47.16
47.7478
47.9557
48.0806
48.2992
48.362
50.5616
50.5633
51.2115
51.3979
51.4031
51.5562
51.5734
51.8889
51.8893
51.8904
52.2161
54.4015
54.7965
55.4004
55.8257
55.9068
55.9068
56.0877
57.4851
59.0292
60.0849
60.3604
61.5904
62.4278
62.6689
62.6693
62.6698
62.9448
64.2543
65.59
65.59
65.59
65.59
65.59
65.59
