0.860272539
0.761094844
0.926687233
0.924077879
0.997640543
0.560863503
0.741315295
0.050087745
0.790809868
0.072965106
0.018774903
0.425340106
0.008568571
0.965304989
0.242381808
0.000557374
0.008211343
0.727789174
0.075281078
0.051978175
0.657627661
0.613519058
0.912813376
0.900215748
0.403495914
0.120190971
0.862585358
0.277727358
0.777700125
0.764342547
0.029199408
0.000699139
0.331393559
0.011794938
0.003286789
0.548795616
0.734108849
0.53281375
0.886124275
0.092950249
0.337968629
0.796622707
0.659664645
0.289086265
0.917884961
0.446910566
0.532962688
0.46826433
0.775671606
0.698748759
0.390338395
0.556436943
0.99104559
0.4484163
0.519496439
0.180357063
0.226718042
0.926532596
0.731508578
0.961818536
0.936272261
0.552047469
0.935870899
0.581069383
0.36248355
0.666637996
0.653581496
0.817824576
0.722641725
0.328916276
0.411207636
0.727313509
0.129676121
0.353479206
0.708400052
0.255641101
0.18242466
0.19845945
0.276355487
0.194112597
0.153235108
0.481040326
0.057849966
0.113823255
0.669701776
0.079570602
0.161573368
0.295636267
0.343215415
0.355984687
0.763624419
0.237291097
0.218733326
0.753537861
0.680822763
0.724637359
0.558654279
0.444518915
0.698912813
0.934698143
0.461187157
0.657534596
0.585252962
0.39542118
0.617547243
0.492962663
0.848041293
0.699704286
0.82348216
0.521391522
0.53260383
0.759223674
0.616350685
0.853589719
0.435274721
0.650167293
0.884543076
0.943840063
0.172182977
0.77125431
0.358673003
0.572491318
0.415440429
0.321437029
0.2953046
0.571774665
0.779298988
0.778402067
0.987557108
0.564688913
0.687899819
0.576455853
0.19996839
0.347878777
0.531490258
0.726804898
0.171175686
0.197038484
0.281240535
0.844916405
0.126782681
0.830509077
0.574402133
0.628282266
0.284418411
0.477588064
0.075408271
0.985783662
0.486427186
0.986330385
0.089615694
0.194788034
0.55765871
0.583384492
0.257288662
0.433441332
0.534036412
0.990881546
0.300719083
0.2928051
0.005361723
0.798255867
0.036388672
0.080742897
0.703566799
0.761508901
0.585065405
0.191575756
0.394237615
0.703889554
0.809690421
0.595759376
0.709536234
0.870926936
0.905699064
