Probe_set	Phy_position	Chiptype	num_AA	mean_AA	std_AA	num_AB	mean_AB	std_AB	num_BB	mean_BB	std_BB
SNP_A-1691210	341341	chip2	11	0.90882	0.05933	9	0.56189	0.07493	19	0.13716	0.10554
SNP_A-1657667	1888178	chip1	35	0.87489	0.02328	19	0.48489	0.04653	3	0.07667	0.0257
SNP_A-1715362	2071154	chip1	0	NA	NA	0	NA	NA	54	0.20898	0.06118
SNP_A-1705593	2190966	chip2	0	NA	NA	10	0.5629	0.04548	48	0.02927	0.05187
SNP_A-1701380	2705548	chip1	15	0.95273	0.02263	25	0.50384	0.06921	14	0.14007	0.04617
SNP_A-1702852	2705840	chip1	43	0.98607	0.01487	12	0.50067	0.04714	3	0.04633	0.02765
SNP_A-1721414	3540074	chip1	0	NA	NA	0	NA	NA	58	0.00678	0.01102
SNP_A-1676844	4091563	chip2	8	0.91512	0.03858	15	0.41053	0.0721	26	0.04615	0.02726
SNP_A-1757880	4092209	chip2	26	0.96227	0.01536	21	0.4939	0.02269	11	0.031	0.02116
SNP_A-1720032	4367411	chip1	7	0.95357	0.03902	16	0.54156	0.0396	7	0.14114	0.0732
SNP_A-1727605	4990135	chip2	0	NA	NA	0	NA	NA	58	0.03983	0.02244
SNP_A-1690484	5186958	chip1	32	0.95803	0.0311	21	0.51076	0.07841	0	NA	NA
SNP_A-1690608	5187166	chip1	57	0.97725	0.02738	1	0.543	NA	0	NA	NA
SNP_A-1697936	5259347	chip1	1	0.984	NA	12	0.53633	0.05797	43	0.01526	0.01189
SNP_A-1758880	5374643	chip2	16	0.99113	0.00794	27	0.54419	0.02835	15	0.026	0.01327
SNP_A-1725387	5560257	chip1	33	0.97315	0.03541	20	0.48435	0.03598	4	0.01425	0.02455
SNP_A-1727534	5576802	chip1	8	0.88562	0.03382	26	0.505	0.02841	24	0.08404	0.01778
SNP_A-1652775	5622821	chip1	42	0.96326	0.04155	13	0.50831	0.08477	0	NA	NA
SNP_A-1752051	5913530	chip2	3	0.87433	0.02346	12	0.49108	0.02194	43	0.08491	0.02151
SNP_A-1727040	6010840	chip2	3	0.933	0.01473	27	0.50537	0.0307	28	0.01389	0.0171
SNP_A-1662532	6109492	chip2	19	0.93932	0.01031	35	0.49866	0.02536	4	0.08825	0.00932
SNP_A-1749438	6189414	chip1	38	0.97847	0.02378	17	0.50012	0.02525	3	0.04067	0.02212
SNP_A-1745101	6503386	chip2	52	0.94662	0.05426	2	0.5785	0.43063	1	0	NA
SNP_A-1679968	6633953	chip2	14	0.96036	0.03397	22	0.50541	0.07268	21	0.08138	0.03234
SNP_A-1676578	6635197	chip2	7	0.90986	0.03184	20	0.48425	0.02981	31	0.00268	0.00579
SNP_A-1712387	6636304	chip2	33	0.93985	0.02394	22	0.46314	0.0355	3	0.00467	0.00503
SNP_A-1723549	6693864	chip1	27	0.90893	0.03512	29	0.48824	0.03403	2	0.033	0.0198
SNP_A-1729226	6779040	chip2	49	0.93578	0.02617	9	0.504	0.01304	0	NA	NA
SNP_A-1647978	6859557	chip2	6	0.98833	0.0149	21	0.53981	0.04786	25	0.06904	0.04129
SNP_A-1642547	6909134	chip2	17	0.99124	0.00997	31	0.54268	0.04066	10	0.014	0.01179
SNP_A-1653105	6912182	chip1	3	0.88567	0.0145	26	0.48519	0.03549	29	0.07317	0.0287
SNP_A-1692021	7133963	chip1	35	0.93797	0.02256	22	0.49568	0.0335	1	0.018	NA
SNP_A-1743419	7403288	chip2	8	0.95012	0.01726	25	0.51936	0.01874	25	0.02552	0.00837
SNP_A-1695988	7687435	chip1	54	0.94843	0.03179	4	0.4865	0.02493	0	NA	NA
SNP_A-1719545	8214446	chip2	2	0.907	0.04101	19	0.46168	0.08508	36	0.00836	0.01722
SNP_A-1687507	8782486	chip1	0	NA	NA	14	0.44971	0.02471	44	0.07352	0.02613
SNP_A-1753028	9240628	chip1	16	0.90306	0.04362	29	0.4911	0.05315	10	0.1312	0.03726
SNP_A-1644359	9335633	chip1	46	0.95293	0.02317	11	0.485	0.05748	1	0.007	NA
SNP_A-1683967	9349461	chip1	0	NA	NA	9	0.49078	0.04961	48	0.02258	0.02143
SNP_A-1689656	9369228	chip1	12	0.95567	0.05723	30	0.52353	0.06891	11	0.11564	0.08379
SNP_A-1742917	9464695	chip2	10	0.9629	0.02762	30	0.51383	0.05008	16	0.07938	0.03789
SNP_A-1678216	9464751	chip2	16	0.95325	0.0225	32	0.48453	0.02937	10	0.0186	0.01266
SNP_A-1741797	9660655	chip2	18	0.88611	0.11824	30	0.48883	0.0369	10	0.0229	0.02351
SNP_A-1643383	9661290	chip2	58	0.98328	0.01135	0	NA	NA	0	NA	NA
SNP_A-1750892	9666692	chip1	36	0.99364	0.01112	17	0.50735	0.0351	5	0.0766	0.01797
SNP_A-1669127	11088554	chip2	1	0.881	NA	10	0.4909	0.04337	46	0.02461	0.01502
SNP_A-1744043	11088602	chip2	58	0.9059	0.12723	0	NA	NA	0	NA	NA
SNP_A-1684761	11295505	chip1	3	0.91767	0.04311	20	0.49185	0.03663	27	0.17559	0.02689
SNP_A-1679808	11658252	chip2	1	0.904	NA	28	0.50954	0.03605	14	0.03529	0.02763
SNP_A-1730831	11658308	chip2	2	0.999	0.00141	16	0.52975	0.03454	39	0.02674	0.00831
SNP_A-1731584	11730080	chip1	15	0.9722	0.08252	18	0.50844	0.06833	14	0.01079	0.01696
SNP_A-1662079	11769397	chip1	7	0.977	0.02828	18	0.50744	0.06919	30	0.06233	0.0397
SNP_A-1733247	12158369	chip1	16	0.958	0.03495	12	0.55967	0.16859	16	0.06344	0.04712
SNP_A-1743078	12322072	chip1	2	0.9405	0.05303	12	0.5	0.03151	44	0.10791	0.03877
SNP_A-1716183	13425865	chip2	9	0.92122	0.03503	25	0.52776	0.0211	19	0.12663	0.01751
SNP_A-1655367	13445855	chip2	5	0.999	0.00224	17	0.50712	0.09216	31	0.02935	0.02164
SNP_A-1671617	14490150	chip1	16	0.94744	0.07479	11	0.50336	0.02932	12	0.08458	0.05803
SNP_A-1673235	14510264	chip1	47	0.94906	0.03857	8	0.50075	0.07366	0	NA	NA
SNP_A-1738114	14603924	chip2	34	0.94103	0.01146	20	0.5195	0.0137	4	0.08725	0.01859
SNP_A-1648830	14604003	chip2	47	0.98123	0.01075	11	0.54255	0.02545	0	NA	NA
SNP_A-1664712	14604245	chip2	21	0.95976	0.02382	14	0.48729	0.02182	8	0.02162	0.01725
SNP_A-1704341	14801001	chip2	34	0.98591	0.02008	19	0.49668	0.02873	4	0	0
SNP_A-1695541	14886268	chip2	2	0.9015	0.06293	27	0.51463	0.05423	26	0.09085	0.02813
SNP_A-1652199	14900519	chip1	9	0.94122	0.11346	12	0.488	0.12609	4	0.10975	0.02027
SNP_A-1652323	14900616	chip1	0	NA	NA	3	0.48567	0.06274	55	0.07225	0.02312
SNP_A-1683610	15020981	chip2	40	0.9654	0.0151	17	0.53188	0.02414	1	0.184	NA
SNP_A-1679762	15035585	chip2	24	0.96662	0.01593	25	0.50084	0.02314	9	0.03089	0.01882
SNP_A-1656048	15579349	chip1	1	0.918	NA	19	0.53553	0.03855	38	0.09426	0.02388
SNP_A-1666083	15604035	chip1	16	0.87413	0.05333	13	0.51746	0.07796	4	0.204	0.09443
SNP_A-1750747	15627419	chip2	28	0.95914	0.0185	25	0.45928	0.06139	5	0.1006	0.06333
SNP_A-1718899	15627470	chip2	2	0.9515	0.01344	18	0.468	0.03983	38	0.05647	0.02351
SNP_A-1690537	15685071	chip2	55	0.95511	0.02557	3	0.56133	0.09846	0	NA	NA
SNP_A-1655162	15712143	chip1	19	0.89063	0.05023	22	0.52895	0.04681	12	0.08042	0.04933
SNP_A-1655272	15712229	chip1	19	0.92937	0.03622	24	0.50642	0.04172	12	0.03517	0.01931
SNP_A-1655388	15712261	chip1	34	0.99221	0.01737	19	0.51047	0.0591	4	0.028	0.02209
SNP_A-1738142	15720629	chip2	20	0.94395	0.01582	28	0.49804	0.01324	10	0.0616	0.01254
SNP_A-1706177	15720712	chip2	15	0.92873	0.02494	30	0.49037	0.02926	13	0.04731	0.02138
SNP_A-1707107	15771308	chip2	0	NA	NA	16	0.497	0.03498	34	0.08726	0.03348
SNP_A-1680722	15858564	chip2	6	0.945	0.01238	30	0.49997	0.02581	22	0.02309	0.01823
SNP_A-1743997	15883000	chip2	7	0.85914	0.01897	30	0.47537	0.01789	18	0.07989	0.01398
SNP_A-1738306	15912902	chip2	6	0.94967	0.02578	29	0.50814	0.01773	23	0.08304	0.01463
SNP_A-1751538	15919348	chip1	40	0.9365	0.02636	16	0.49869	0.05397	2	0.176	0.04384
SNP_A-1751724	15919803	chip1	23	0.94761	0.0258	29	0.50186	0.02771	6	0.01433	0.01892
SNP_A-1691657	16012223	chip1	4	0.6805	0.19976	12	0.50025	0.06158	34	0.05129	0.0144
SNP_A-1652402	16194998	chip2	1	0.888	NA	17	0.52212	0.08287	35	0.08491	0.05277
SNP_A-1666632	16213403	chip2	13	0.96177	0.0101	22	0.50341	0.01469	23	0.07287	0.01199
SNP_A-1706811	16317260	chip2	31	0.91655	0.02244	21	0.51948	0.03984	5	0.01	0.0169
SNP_A-1723600	16332871	chip2	3	0.972	0.00608	14	0.50536	0.01909	39	0.05382	0.02827
SNP_A-1723935	16371279	chip1	29	0.87131	0.03238	25	0.50592	0.02548	4	0.113	0.02646
SNP_A-1730892	16436298	chip1	58	0.97148	0.02852	0	NA	NA	0	NA	NA
SNP_A-1670724	16452464	chip2	13	0.95369	0.04086	26	0.52846	0.04176	17	0.02753	0.0142
SNP_A-1737347	16473011	chip2	7	0.89014	0.08256	26	0.48908	0.09598	24	0.09967	0.05911
SNP_A-1666484	16489850	chip2	15	0.96667	0.01972	19	0.50405	0.03235	19	0.02184	0.01302
SNP_A-1674108	16560813	chip2	1	0.842	NA	10	0.4691	0.0207	46	0.00352	0.00847
SNP_A-1685754	16561051	chip2	36	0.89694	0.04066	20	0.4867	0.0394	1	0.073	NA
SNP_A-1720055	17528970	chip2	57	0.91404	0.0346	0	NA	NA	0	NA	NA
SNP_A-1666594	17725452	chip2	24	0.98921	0.01786	28	0.49243	0.01735	6	0.012	0.00613
SNP_A-1719780	18643377	chip1	51	0.92373	0.03396	6	0.52433	0.05352	0	NA	NA
SNP_A-1752909	19380568	chip2	5	0.9792	0.00853	26	0.49981	0.02131	27	0.01285	0.0094
SNP_A-1683302	19428248	chip2	27	0.9533	0.01151	21	0.5239	0.0201	10	0.0756	0.0246
SNP_A-1748399	19584215	chip2	0	NA	NA	3	0.53767	0.06145	48	0.05406	0.09199
SNP_A-1645327	19682367	chip1	43	0.93433	0.06135	0	NA	NA	0	NA	NA
SNP_A-1685813	19987398	chip1	3	0.977	0.01967	14	0.51121	0.0759	38	0.0815	0.05177
SNP_A-1663486	20070589	chip2	41	0.93859	0.02544	16	0.50275	0.03539	1	0.111	NA
SNP_A-1669441	20152263	chip2	41	0.92029	0.01829	17	0.47953	0.0341	0	NA	NA
SNP_A-1647219	20195097	chip1	36	0.85631	0.02947	22	0.53532	0.07054	0	NA	NA
SNP_A-1652213	20282246	chip1	12	0.95925	0.07784	12	0.50283	0.06946	14	0.03021	0.02252
SNP_A-1670177	20287003	chip2	15	0.94893	0.02419	37	0.50595	0.01588	6	0.10233	0.02333
SNP_A-1679882	20533429	chip2	12	0.96675	0.02241	21	0.521	0.03675	24	0.06525	0.04033
SNP_A-1667910	20582566	chip2	35	0.9142	0.03052	21	0.509	0.03039	2	0.054	0.00707
SNP_A-1646257	20592745	chip1	38	0.96363	0.02935	17	0.52424	0.0553	1	0.069	NA
SNP_A-1743656	20748902	chip1	27	0.98381	0.01997	24	0.50096	0.02713	7	0.14371	0.0204
SNP_A-1720147	20914290	chip2	0	NA	NA	2	0.517	0.0198	56	0.01471	0.01804
SNP_A-1734397	20949730	chip1	14	0.89286	0.03583	25	0.48952	0.03805	19	0.083	0.03113
SNP_A-1734517	20949974	chip1	4	0.9665	0.01771	12	0.51333	0.01176	42	0.05445	0.0157
SNP_A-1658576	20961394	chip2	31	0.99148	0.0069	22	0.49995	0.01671	5	0.0284	0.02892
SNP_A-1682030	21223021	chip2	0	NA	NA	2	0.537	0.03536	54	0.0095	0.01474
SNP_A-1722870	21497820	chip2	2	0.9125	0.00778	17	0.49976	0.02237	39	0.04859	0.02272
SNP_A-1754959	21633219	chip1	2	0.884	0.02263	19	0.48005	0.14029	32	0.041	0.04541
SNP_A-1683288	21847999	chip2	14	0.96907	0.02844	24	0.50192	0.03986	20	0.0388	0.05719
SNP_A-1690626	21948425	chip1	0	NA	NA	2	0.474	0.0396	55	0.16055	0.06175
SNP_A-1694457	21977650	chip2	37	0.87476	0.03479	21	0.4671	0.11329	0	NA	NA
SNP_A-1698915	22007281	chip2	14	0.99507	0.00904	23	0.47035	0.02005	21	0.06805	0.0192
SNP_A-1727611	22007807	chip2	0	NA	NA	0	NA	NA	58	0.07776	0.03628
SNP_A-1745803	22044663	chip1	20	0.9969	0.00739	23	0.53191	0.0462	11	0.02364	0.02631
SNP_A-1668563	22064583	chip1	40	0.96083	0.02296	17	0.50235	0.04512	1	0.121	NA
SNP_A-1693577	22097926	chip2	30	0.95853	0.01198	25	0.49992	0.01973	3	0.09833	0.10992
SNP_A-1645838	22111849	chip2	44	0.91182	0.06805	7	0.45429	0.04761	1	0.075	NA
SNP_A-1710822	22119329	chip2	1	0.768	NA	26	0.42592	0.0821	29	0.07866	0.02416
SNP_A-1725705	22427388	chip1	8	0.84888	0.04373	27	0.50537	0.03428	20	0.16695	0.04649
SNP_A-1730632	22461475	chip1	2	0.959	0.00283	7	0.48014	0.04486	49	0.01971	0.0165
SNP_A-1705547	22475916	chip2	57	0.9826	0.01313	1	0.489	NA	0	NA	NA
SNP_A-1742998	22477588	chip1	0	NA	NA	6	0.48367	0.05202	52	0.0719	0.03871
SNP_A-1754532	22527304	chip2	25	0.90284	0.05376	22	0.49591	0.04036	11	0.04218	0.01669
SNP_A-1696188	22528358	chip2	0	NA	NA	10	0.5004	0.04378	48	0.01077	0.01581
SNP_A-1646022	22533197	chip2	4	0.953	0.05544	30	0.49043	0.04964	24	0.01658	0.01188
SNP_A-1758114	22533355	chip2	4	0.992	0.00927	29	0.51583	0.02969	24	0.03208	0.01935
SNP_A-1709199	22533515	chip2	32	0.97091	0.02756	22	0.54959	0.05986	2	0.005	0.00707
SNP_A-1758713	22534304	chip2	6	0.9835	0.01544	27	0.51085	0.07069	21	0.07524	0.02702
SNP_A-1744005	22534698	chip2	4	0.98525	0.01611	29	0.50931	0.02403	21	0.07948	0.0292
SNP_A-1681005	22541300	chip1	34	0.97215	0.01912	16	0.49844	0.06672	5	0.0686	0.14951
SNP_A-1681117	22541318	chip1	50	0.97086	0.05397	7	0.52086	0.03162	0	NA	NA
SNP_A-1686185	22565844	chip1	0	NA	NA	0	NA	NA	58	0.02255	0.02707
SNP_A-1687841	22570023	chip1	12	0.98125	0.02236	21	0.50086	0.03937	22	0.02577	0.01604
SNP_A-1689806	22575060	chip1	1	0.84	NA	22	0.50368	0.04565	34	0.11229	0.04083
SNP_A-1673381	22665207	chip1	4	0.9205	0.00332	14	0.50293	0.02639	40	0.0776	0.0199
SNP_A-1734373	22799189	chip1	11	0.97673	0.01585	22	0.49327	0.02903	25	0.04424	0.02094
SNP_A-1734549	22799478	chip1	11	0.95618	0.0215	27	0.48248	0.06969	20	0.0013	0.00432
SNP_A-1734707	22799865	chip1	3	0.83167	0.03902	42	0.44721	0.12403	1	0.241	NA
SNP_A-1734823	22799942	chip1	1	1	NA	12	0.50492	0.0267	45	0.02876	0.01126
SNP_A-1741274	22881156	chip1	0	NA	NA	13	0.51615	0.07873	33	0.17224	0.05964
SNP_A-1741386	22881436	chip1	4	0.946	0.02244	16	0.49375	0.06068	32	0.01759	0.02322
SNP_A-1742984	22887073	chip1	18	0.89733	0.01873	23	0.49104	0.03494	17	0.11688	0.03166
SNP_A-1743176	22888187	chip1	5	0.9128	0.02353	13	0.49708	0.03893	40	0.16015	0.05694
SNP_A-1679813	22945590	chip1	3	0.97	0.02571	8	0.509	0.05918	39	0.2231	0.09204
SNP_A-1646064	22968111	chip2	31	0.89713	0.04939	27	0.50396	0.09966	0	NA	NA
SNP_A-1726039	23278621	chip1	9	0.89944	0.03442	24	0.485	0.04392	21	0.03448	0.02659
SNP_A-1726193	23279090	chip1	0	NA	NA	0	NA	NA	58	0.11869	0.04829
SNP_A-1734538	23286841	chip2	39	0.95685	0.01385	16	0.55175	0.03821	3	0.03333	0.00611
SNP_A-1653513	23303058	chip1	41	0.94641	0.06777	4	0.55025	0.05015	0	NA	NA
SNP_A-1655566	23308886	chip1	22	0.92145	0.0694	11	0.51582	0.035	3	0.08567	0.02715
SNP_A-1662145	23354569	chip1	7	0.89814	0.07736	10	0.5092	0.09567	39	0.03315	0.02688
SNP_A-1729902	23432635	chip2	7	0.96271	0.03711	22	0.5405	0.07203	26	0.08373	0.04753
SNP_A-1682581	23715789	chip1	0	NA	NA	1	0.528	NA	57	0.05302	0.01292
SNP_A-1648482	23837692	chip2	0	NA	NA	8	0.50438	0.03448	50	0.0172	0.01927
SNP_A-1736537	23839200	chip2	2	0.9025	0.02899	25	0.48796	0.01751	29	0.10724	0.02328
SNP_A-1731512	23846921	chip1	42	0.98855	0.01079	11	0.48555	0.03117	2	0.0075	0.00354
SNP_A-1653046	23871401	chip2	5	0.9648	0.01474	26	0.48854	0.02399	27	0	0
SNP_A-1667839	23966918	chip1	52	0.95446	0.03059	5	0.5004	0.023	1	0.032	NA
SNP_A-1723130	24132342	chip2	20	0.96555	0.01252	28	0.47711	0.01882	10	0.0314	0.01883
SNP_A-1722447	24137864	chip1	0	NA	NA	12	0.49592	0.02112	46	0.07487	0.03078
SNP_A-1723783	24138372	chip1	28	0.98611	0.01147	23	0.53413	0.05121	6	0.1185	0.02601
SNP_A-1725681	24148100	chip1	0	NA	NA	0	NA	NA	58	0.165	0.06094
SNP_A-1725781	24148147	chip1	28	0.95964	0.03286	23	0.52409	0.05714	5	0.0506	0.03394
SNP_A-1671448	24164001	chip2	0	NA	NA	0	NA	NA	58	0.04505	0.01918
SNP_A-1744595	24164050	chip2	0	NA	NA	4	0.49175	0.01609	54	0.0303	0.02303
SNP_A-1654926	24194887	chip1	0	NA	NA	4	0.44475	0.03032	44	0.02555	0.06182
SNP_A-1719368	32615675	chip1	0	NA	NA	0	NA	NA	58	0.10852	0.03878
SNP_A-1723541	32693527	chip1	39	0.92779	0.03172	19	0.53221	0.05829	0	NA	NA
SNP_A-1646861	32715604	chip1	39	0.98441	0.02269	16	0.51231	0.0866	0	NA	NA
SNP_A-1650583	32787652	chip1	0	NA	NA	19	0.47626	0.04038	39	0.00456	0.00986
SNP_A-1709633	32842516	chip2	0	NA	NA	17	0.52512	0.05845	39	0.12841	0.06146
SNP_A-1716644	33008112	chip1	0	NA	NA	2	0.497	0.03677	56	0.01302	0.01797
SNP_A-1738189	33056517	chip1	52	0.97204	0.02075	6	0.5345	0.04101	0	NA	NA
SNP_A-1738307	33056542	chip1	0	NA	NA	16	0.50431	0.01968	40	0.08225	0.02059
SNP_A-1719977	33079622	chip2	0	NA	NA	23	0.48004	0.05306	35	0.07609	0.02252
SNP_A-1744205	33080969	chip2	51	0.82912	0.03023	6	0.5185	0.03066	0	NA	NA
SNP_A-1669238	33102850	chip1	56	0.95452	0.03147	0	NA	NA	0	NA	NA
SNP_A-1669470	33103335	chip1	0	NA	NA	1	0.579	NA	47	0.185	0.09485
SNP_A-1670679	33103370	chip1	50	0.8421	0.0339	8	0.521	0.03755	0	NA	NA
SNP_A-1670791	33103464	chip1	51	0.95963	0.03401	6	0.4945	0.05701	0	NA	NA
SNP_A-1670987	33104223	chip1	0	NA	NA	7	0.49857	0.05357	51	0.05073	0.02513
SNP_A-1716507	33125194	chip2	47	0.92034	0.02568	11	0.52091	0.03379	0	NA	NA
SNP_A-1684300	33155427	chip2	0	NA	NA	16	0.50375	0.09668	41	0.13024	0.02086
SNP_A-1752089	33171310	chip2	9	0.98367	0.01447	23	0.51391	0.0585	22	0.01695	0.01359
SNP_A-1716263	33171613	chip2	48	0.9564	0.0203	8	0.49425	0.03852	0	NA	NA
SNP_A-1754186	33176984	chip2	32	0.97259	0.0282	16	0.51256	0.01978	9	0.03067	0.01476
SNP_A-1659194	33183715	chip2	15	0.98827	0.0104	19	0.46137	0.03037	17	0.03853	0.02355
SNP_A-1677662	33183796	chip2	55	0.93953	0.01913	2	0.5485	0.02192	1	0.234	NA
SNP_A-1647794	33184440	chip2	16	0.98319	0.01342	27	0.52389	0.03319	15	0.08893	0.02746
SNP_A-1714048	33195577	chip2	0	NA	NA	44	0.5605	0.14552	10	0.0076	0.01002
SNP_A-1701071	33195886	chip2	10	0.9286	0.05832	13	0.46569	0.05634	29	0.04876	0.04467
SNP_A-1687862	33209953	chip2	41	0.92232	0.02109	13	0.51731	0.01921	3	0.03933	0.01234
SNP_A-1659715	33222516	chip1	48	0.94527	0.03597	8	0.56037	0.04309	1	0.017	NA
SNP_A-1756551	33306533	chip2	48	0.98504	0.01374	10	0.4968	0.03199	0	NA	NA
SNP_A-1728885	33307040	chip2	5	0.9934	0.00498	18	0.50039	0.05061	35	0.0512	0.03403
SNP_A-1673589	33308700	chip1	6	0.95	0.01445	17	0.49082	0.04838	35	0.04066	0.02417
SNP_A-1727884	33355863	chip1	54	0.83735	0.03677	4	0.53075	0.04825	0	NA	NA
SNP_A-1730065	33368561	chip1	0	NA	NA	0	NA	NA	58	0.02338	0.0168
SNP_A-1712335	33393607	chip2	10	0.9269	0.0155	28	0.49239	0.07615	14	0.07093	0.02745
SNP_A-1711357	33484543	chip1	0	NA	NA	1	0.48	NA	57	0.00205	0.01095
SNP_A-1711475	33484736	chip1	22	0.98064	0.02878	28	0.50811	0.03494	8	0.0835	0.01228
SNP_A-1712846	33484875	chip1	0	NA	NA	3	0.49267	0.0402	55	0.14811	0.03575
SNP_A-1646418	33488516	chip2	0	NA	NA	3	0.499	0.01277	55	0.04951	0.01886
SNP_A-1651003	33528626	chip1	38	0.96055	0.02419	16	0.50962	0.02895	4	0.06925	0.04252
SNP_A-1651193	33528682	chip1	0	NA	NA	3	0.45033	0.02517	54	0.01626	0.02741
SNP_A-1707180	33633026	chip1	1	0.908	NA	15	0.498	0.04784	40	0.07957	0.01796
SNP_A-1712226	33651905	chip1	4	0.9955	0.009	27	0.51819	0.07316	27	0.08852	0.03549
SNP_A-1648579	33743206	chip1	30	0.9502	0.05527	10	0.4954	0.1107	9	0.03122	0.02039
SNP_A-1649035	33759714	chip1	8	0.9175	0.03958	25	0.49876	0.03831	24	0.01758	0.01123
SNP_A-1650774	33775624	chip2	15	0.95473	0.02298	25	0.47312	0.01931	18	0.01906	0.0142
SNP_A-1664775	33783434	chip1	5	0.947	0.0431	16	0.44838	0.07951	36	0.02467	0.03669
SNP_A-1758362	33798612	chip2	33	0.93912	0.0164	15	0.51647	0.11393	4	0.0265	0.00827
SNP_A-1673671	33888946	chip1	46	0.93443	0.05795	10	0.5054	0.07129	0	NA	NA
SNP_A-1726037	33969048	chip1	12	0.87417	0.02515	30	0.5048	0.02166	16	0.04831	0.02034
SNP_A-1663769	34012094	chip1	4	0.84025	0.0976	12	0.50892	0.13963	31	0.13681	0.12215
SNP_A-1667089	34016706	chip1	4	0.9885	0.00785	21	0.51881	0.06096	33	0.01036	0.01167
SNP_A-1667237	34017196	chip1	29	0.9391	0.01601	23	0.50235	0.03622	6	0.09633	0.03633
SNP_A-1667405	34017296	chip1	30	0.97163	0.04433	22	0.53773	0.04881	4	0.13075	0.05402
SNP_A-1669064	34017730	chip1	0	NA	NA	3	0.5	0.01229	49	0.11163	0.07007
SNP_A-1706650	34173851	chip1	10	0.9497	0.06022	6	0.52383	0.08949	25	0.0576	0.06898
SNP_A-1706774	34174837	chip1	6	0.92583	0.04902	21	0.50938	0.04547	30	0.0789	0.02043
SNP_A-1721273	34206067	chip2	3	0.94233	0.01504	19	0.49416	0.02913	36	0.10419	0.03963
SNP_A-1682138	34217148	chip2	0	NA	NA	15	0.50287	0.01126	43	0.05658	0.0183
SNP_A-1717562	34248812	chip1	49	0.94322	0.03355	7	0.47471	0.03476	1	0.063	NA
SNP_A-1646531	34279309	chip1	0	NA	NA	11	0.50836	0.04687	46	0.02009	0.02007
SNP_A-1695074	34368614	chip1	1	0.867	NA	16	0.52	0.0537	39	0.07131	0.02568
SNP_A-1713189	34389747	chip2	3	0.97467	0.02082	20	0.5144	0.02859	35	0.08306	0.0144
SNP_A-1734270	34397623	chip2	0	NA	NA	9	0.52344	0.02413	49	0.05541	0.03397
SNP_A-1705878	34447521	chip1	3	0.87833	0.02581	23	0.49643	0.03109	32	0.06128	0.02982
SNP_A-1736617	34454402	chip2	32	0.98903	0.00735	25	0.54604	0.03573	1	0.029	NA
SNP_A-1711479	34472361	chip1	1	0.852	NA	12	0.47267	0.05214	45	0.05929	0.03495
SNP_A-1646027	34510514	chip1	10	0.9729	0.03411	21	0.49229	0.04725	27	0.05833	0.0245
SNP_A-1689285	34517054	chip1	3	0.92433	0.02994	12	0.49442	0.04712	42	0.02917	0.02471
SNP_A-1691051	34521820	chip1	42	0.94545	0.03101	13	0.49308	0.01835	3	0.07933	0.01701
SNP_A-1730149	34649821	chip1	6	0.92183	0.02039	22	0.49468	0.02654	29	0.07693	0.03691
SNP_A-1733642	34722418	chip2	2	0.8685	0.00071	19	0.48153	0.03674	37	0.11489	0.03891
SNP_A-1666167	34758901	chip1	12	0.97067	0.02731	23	0.4783	0.05724	22	0.054	0.03623
SNP_A-1710644	34760332	chip2	7	0.96843	0.02198	24	0.528	0.0439	27	0.01222	0.0145
SNP_A-1720611	34760733	chip2	10	0.9414	0.01602	27	0.52463	0.0561	20	0.0932	0.03091
SNP_A-1734624	34776985	chip2	5	0.9862	0.01494	21	0.52281	0.04917	32	0.02956	0.0297
SNP_A-1710006	34786426	chip1	42	0.8946	0.02744	15	0.49133	0.03669	1	0.067	NA
SNP_A-1711669	34792159	chip1	0	NA	NA	17	0.51635	0.03959	39	0.10128	0.02911
SNP_A-1656846	34996323	chip1	36	0.88933	0.05937	12	0.44708	0.09925	1	0.078	NA
SNP_A-1657042	34997289	chip1	57	0.92589	0.04128	1	0.512	NA	0	NA	NA
SNP_A-1672930	35017172	chip2	0	NA	NA	5	0.546	0.03967	53	0.0964	0.03889
SNP_A-1753267	35020426	chip2	0	NA	NA	5	0.4924	0.0132	53	0.03996	0.0184
SNP_A-1705085	35187375	chip2	25	0.94872	0.02496	21	0.475	0.02807	10	0.0539	0.05212
SNP_A-1689525	35264596	chip1	40	0.95717	0.02151	15	0.53327	0.04911	3	0.219	0.03966
SNP_A-1745092	35362278	chip1	19	0.90795	0.03595	28	0.49225	0.04406	9	0.10589	0.0235
SNP_A-1745197	35362367	chip1	12	0.92508	0.08575	10	0.5343	0.04495	17	0.06512	0.05188
SNP_A-1675122	35547491	chip1	5	0.9784	0.01787	17	0.51347	0.03295	36	0.02306	0.02084
SNP_A-1713229	35572679	chip2	7	0.88814	0.01594	29	0.50148	0.01853	19	0.14037	0.01782
SNP_A-1707325	35574375	chip2	0	NA	NA	1	0.559	NA	50	0.12074	0.06652
SNP_A-1723540	35631283	chip2	20	0.95895	0.01592	27	0.47496	0.04724	11	0.03027	0.02803
SNP_A-1706951	35635517	chip2	17	0.90435	0.02346	25	0.48884	0.02243	11	0.07982	0.05551
SNP_A-1724171	35643934	chip1	9	0.83667	0.07188	25	0.48816	0.04584	13	0.135	0.04244
SNP_A-1654974	35720506	chip1	2	0.995	0.00283	27	0.4977	0.02347	29	0.07666	0.02325
SNP_A-1661627	35764844	chip1	58	0.92866	0.03211	0	NA	NA	0	NA	NA
SNP_A-1644402	35770059	chip2	4	0.96875	0.00618	20	0.4934	0.01316	34	0.03444	0.01479
SNP_A-1669813	35786303	chip2	5	0.9846	0.00893	21	0.4739	0.03079	26	0.02169	0.04835
SNP_A-1645166	35791730	chip2	8	0.94088	0.01846	31	0.51023	0.01946	19	0.02584	0.01709
SNP_A-1736347	35806921	chip2	47	0.95932	0.03442	10	0.5002	0.03109	1	0.062	NA
SNP_A-1645604	35829476	chip2	42	0.95043	0.01613	14	0.50143	0.02017	2	0.02	0.00849
SNP_A-1710674	35860761	chip1	42	0.87926	0.03854	14	0.50071	0.02427	2	0.014	0.01697
SNP_A-1666276	35934942	chip2	10	0.9144	0.06229	23	0.5437	0.06431	23	0.13143	0.04938
SNP_A-1724294	35971424	chip2	0	NA	NA	7	0.487	0.02986	51	0.05873	0.02103
SNP_A-1645537	35975494	chip1	26	0.94496	0.03485	27	0.4763	0.05546	4	0.0275	0.0315
SNP_A-1649129	35987921	chip1	38	0.98176	0.03857	9	0.55578	0.04542	2	0.0885	0.03323
SNP_A-1681886	36006096	chip2	33	0.98679	0.00889	22	0.5145	0.01896	3	0.00933	0.00473
SNP_A-1661291	36033107	chip1	41	0.92198	0.03653	14	0.53721	0.05383	1	0.082	NA
SNP_A-1713167	36038375	chip2	0	NA	NA	9	0.49378	0.02668	49	0.03878	0.02936
SNP_A-1723446	36049649	chip2	8	0.97187	0.01074	26	0.48565	0.02465	24	0.05638	0.01678
SNP_A-1721229	36084212	chip2	14	1	0	25	0.4918	0.05176	19	0.03211	0.01521
SNP_A-1749333	36108820	chip2	4	0.90875	0.03477	17	0.51129	0.02785	37	0.11938	0.03139
SNP_A-1755449	36115461	chip1	6	0.961	0.02027	20	0.49615	0.03627	32	0.07988	0.03993
SNP_A-1757080	36116745	chip1	37	0.971	0.0798	16	0.51844	0.06479	0	NA	NA
SNP_A-1670069	36135557	chip2	2	0.8965	0.0601	13	0.47777	0.01134	43	0.09121	0.02255
SNP_A-1677300	36135775	chip2	4	0.977	0.02156	14	0.44121	0.02505	40	0.04873	0.01154
SNP_A-1647836	36136327	chip2	2	0.948	0.04243	12	0.57825	0.03197	44	0.03175	0.01791
SNP_A-1648171	36147895	chip1	58	0.86733	0.04197	0	NA	NA	0	NA	NA
SNP_A-1649799	36153717	chip1	0	NA	NA	0	NA	NA	58	0.02062	0.0167
SNP_A-1650844	36190080	chip2	35	0.97383	0.02383	18	0.50711	0.04421	2	0.073	0.02404
SNP_A-1644786	36190262	chip2	53	0.95915	0.02553	5	0.5688	0.03427	0	NA	NA
SNP_A-1669271	36191414	chip2	1	0.835	NA	9	0.53389	0.12032	48	0.00579	0.00841
SNP_A-1675752	36191860	chip2	35	0.96066	0.01967	21	0.46943	0.02242	2	0.086	0.00424
SNP_A-1749599	36191902	chip2	35	0.89974	0.02218	21	0.49676	0.04635	2	0.146	0.04525
SNP_A-1718343	36192013	chip2	35	0.96074	0.02325	21	0.4691	0.03395	2	0.0215	0.01768
SNP_A-1705616	36224737	chip1	0	NA	NA	7	0.50071	0.06003	39	0.17459	0.05236
SNP_A-1705774	36225076	chip1	12	0.93142	0.08906	2	0.5025	0.04455	32	0.02478	0.04574
SNP_A-1707418	36238044	chip1	31	0.90458	0.02871	26	0.49681	0.10513	0	NA	NA
SNP_A-1689134	36260518	chip2	5	0.896	0.02873	21	0.49638	0.01674	32	0.06197	0.01596
SNP_A-1757903	36290110	chip2	26	0.91812	0.03094	24	0.471	0.0463	7	0.028	0.01886
SNP_A-1754427	36331169	chip1	5	0.966	0.03128	24	0.53038	0.08856	8	0.13737	0.04316
SNP_A-1667748	36346051	chip2	54	0.93533	0.01322	4	0.5145	0.03243	0	NA	NA
SNP_A-1669331	36346084	chip2	44	0.97136	0.01007	13	0.497	0.02327	0	NA	NA
SNP_A-1643911	36360499	chip1	34	0.97135	0.01622	21	0.52257	0.0403	1	0.14	NA
SNP_A-1740951	36380994	chip2	31	0.97994	0.01904	22	0.51341	0.02465	4	0.04875	0.01497
SNP_A-1674969	36390027	chip2	38	0.94824	0.01787	17	0.49553	0.037	3	0.03433	0.00493
SNP_A-1725426	36390581	chip2	19	0.96837	0.0225	28	0.50318	0.03769	11	0.04864	0.01727
SNP_A-1652488	36390923	chip2	19	0.99405	0.01043	27	0.50522	0.02647	12	0.00792	0.01203
SNP_A-1696069	36450657	chip1	35	0.93777	0.01939	19	0.49653	0.03982	3	0.04033	0.04508
SNP_A-1715787	36582090	chip2	35	0.97971	0.02247	22	0.50345	0.034	0	NA	NA
SNP_A-1716133	36583357	chip2	35	0.82306	0.04248	23	0.49104	0.02914	0	NA	NA
SNP_A-1662399	36613458	chip1	19	0.94963	0.02978	26	0.50527	0.03096	12	0.12308	0.03959
SNP_A-1667456	36624442	chip2	0	NA	NA	22	0.51695	0.03148	36	0.08725	0.03557
SNP_A-1693843	36625384	chip2	0	NA	NA	5	0.5094	0.01632	53	0.06375	0.03035
SNP_A-1696852	36695508	chip2	2	0.9695	0.00919	15	0.5564	0.0192	41	0.00166	0.00492
SNP_A-1709620	36709360	chip1	15	0.90487	0.04237	31	0.48939	0.04918	12	0.02117	0.03011
SNP_A-1716480	36743798	chip1	4	0.892	0.02655	22	0.496	0.02638	32	0.0965	0.03129
SNP_A-1654749	36827891	chip2	8	0.98125	0.01129	24	0.49154	0.03254	26	0.0135	0.0135
SNP_A-1647685	36833385	chip1	26	0.838	0.03253	27	0.5003	0.11742	0	NA	NA
SNP_A-1649409	36843395	chip1	1	0.904	NA	7	0.50014	0.02143	50	0.12264	0.02216
SNP_A-1650260	36875193	chip2	58	0.9975	0.00471	0	NA	NA	0	NA	NA
SNP_A-1657808	36884987	chip2	6	0.92567	0.04372	27	0.49793	0.01913	25	0.12668	0.02504
SNP_A-1680496	36885229	chip2	6	0.978	0.00822	27	0.48374	0.02882	25	0.01652	0.01414
SNP_A-1745774	37046158	chip2	3	0.95333	0.02196	21	0.50333	0.03172	34	0.06044	0.02081
SNP_A-1666054	37053271	chip2	27	0.9617	0.01964	27	0.50607	0.04466	4	0.06875	0.01905
SNP_A-1743671	37055692	chip2	4	0.9375	0.02915	22	0.50923	0.0274	27	0.01893	0.01775
SNP_A-1706549	37055986	chip2	27	0.98063	0.00926	27	0.49874	0.01626	4	0.03575	0.01615
SNP_A-1699072	37092172	chip1	2	0.898	0.01131	23	0.50343	0.06488	31	0.05565	0.02629
SNP_A-1704132	37141681	chip1	14	0.91636	0.08964	22	0.4955	0.06439	19	0.02495	0.02311
SNP_A-1747578	37173609	chip1	8	0.99162	0.00863	37	0.47881	0.03205	13	0.09431	0.02167
SNP_A-1684125	37262938	chip1	43	0.92895	0.02539	15	0.50327	0.01573	0	NA	NA
SNP_A-1691429	37292190	chip1	9	0.88911	0.04059	27	0.49989	0.02608	22	0.06377	0.01891
SNP_A-1692939	37293713	chip1	37	0.94357	0.02739	20	0.5131	0.03008	0	NA	NA
SNP_A-1741556	37363846	chip1	16	0.94063	0.02152	31	0.49342	0.03831	11	0.13336	0.03864
SNP_A-1741728	37364534	chip1	54	0.88241	0.06539	1	0.425	NA	0	NA	NA
SNP_A-1655870	37542986	chip1	58	0.98622	0.03312	0	NA	NA	0	NA	NA
SNP_A-1743303	37556405	chip2	29	0.91734	0.03264	26	0.47012	0.0223	2	0.0515	0.00778
SNP_A-1657787	37561483	chip1	26	0.94162	0.03268	24	0.47442	0.04857	6	0.08083	0.0599
SNP_A-1659387	37567247	chip1	5	0.9832	0.01897	27	0.49548	0.03713	26	0.02435	0.02458
SNP_A-1751873	37571104	chip2	0	NA	NA	0	NA	NA	57	0.0683	0.0432
SNP_A-1702441	37571190	chip2	57	0.90614	0.01905	1	0.555	NA	0	NA	NA
SNP_A-1661601	37592885	chip1	15	0.98733	0.01865	20	0.5343	0.07047	17	0.08665	0.03879
SNP_A-1701736	37622286	chip1	0	NA	NA	3	0.55333	0.0411	55	0.18856	0.05279
SNP_A-1684056	37644294	chip2	0	NA	NA	0	NA	NA	58	0.02412	0.02326
SNP_A-1705110	37652709	chip1	16	0.956	0.03298	24	0.5095	0.03181	8	0.12287	0.04094
SNP_A-1705252	37653893	chip1	57	0.96547	0.02648	1	0.532	NA	0	NA	NA
SNP_A-1710472	37680691	chip1	1	0.913	NA	1	0.472	NA	52	0.02479	0.04487
SNP_A-1739349	37719854	chip2	57	0.93979	0.02976	1	0.521	NA	0	NA	NA
SNP_A-1678144	37741783	chip2	10	0.9265	0.01238	30	0.48403	0.02073	18	0.11189	0.0224
SNP_A-1646679	37768813	chip1	51	0.89349	0.04987	6	0.51167	0.05379	0	NA	NA
SNP_A-1646807	37769938	chip1	0	NA	NA	1	0.474	NA	57	0.09563	0.05524
SNP_A-1733284	37815416	chip2	19	0.95289	0.02936	27	0.50356	0.02084	12	0.07283	0.02714
SNP_A-1713342	37815768	chip2	19	0.87905	0.01502	27	0.49141	0.02748	12	0.09425	0.01467
SNP_A-1684220	37888829	chip2	12	0.92625	0.04823	29	0.50086	0.0341	17	0.01565	0.01077
SNP_A-1653276	37946718	chip2	3	0.97867	0.01102	23	0.49491	0.02536	32	0.00178	0.0031
SNP_A-1744874	38087312	chip1	38	0.97332	0.02398	16	0.48206	0.03712	3	0.07067	0.04
SNP_A-1679916	38271775	chip2	40	0.9165	0.04529	11	0.50118	0.03577	0	NA	NA
SNP_A-1671601	38442154	chip1	55	0.86331	0.03929	3	0.472	0.01709	0	NA	NA
SNP_A-1677083	38474751	chip1	44	0.94375	0.04082	11	0.50727	0.0529	2	0.025	0.03536
SNP_A-1685611	38542681	chip1	47	0.9334	0.02096	10	0.5097	0.02193	1	0.133	NA
SNP_A-1673498	38568234	chip2	3	0.94433	0.01893	24	0.49137	0.03999	31	0.03768	0.02359
SNP_A-1696888	38606125	chip2	0	NA	NA	0	NA	NA	58	0.01374	0.01978
SNP_A-1755956	38755894	chip2	1	0.906	NA	19	0.52026	0.02261	38	0.06208	0.02686
SNP_A-1747676	38853162	chip1	29	0.9851	0.01804	25	0.5126	0.06791	4	0.12575	0.03986
SNP_A-1747926	38853838	chip1	1	0.87	NA	7	0.47357	0.02512	50	0.06502	0.03484
SNP_A-1702325	38923549	chip2	0	NA	NA	0	NA	NA	58	0.07428	0.02482
SNP_A-1736627	39013098	chip2	50	0.99818	0.00579	7	0.53943	0.03709	1	0.05	NA
SNP_A-1660811	39044387	chip2	48	0.94704	0.04568	10	0.5268	0.04971	0	NA	NA
SNP_A-1746756	39047342	chip1	58	0.96207	0.02417	0	NA	NA	0	NA	NA
SNP_A-1686829	39174218	chip1	3	0.91067	0.02597	7	0.52643	0.02274	48	0.05321	0.02797
SNP_A-1740598	39265397	chip1	0	NA	NA	0	NA	NA	56	0.09909	0.11843
SNP_A-1649412	39302438	chip2	23	0.88222	0.04695	28	0.47821	0.0307	7	0.09814	0.02116
SNP_A-1750253	39351986	chip2	21	0.92767	0.01632	25	0.49192	0.01634	9	0.09056	0.01354
SNP_A-1717007	39360134	chip2	8	0.98062	0.01393	32	0.542	0.07997	17	0.05082	0.02263
SNP_A-1746985	39368285	chip2	1	0.994	NA	19	0.50963	0.02661	37	0.03332	0.03682
SNP_A-1675754	39368378	chip2	7	0.98557	0.01331	26	0.52088	0.01509	25	0.03064	0.01648
SNP_A-1735729	39368822	chip2	37	0.9583	0.01036	20	0.4923	0.02947	1	0.079	NA
SNP_A-1675775	39373853	chip1	57	0.96539	0.03466	1	0.563	NA	0	NA	NA
SNP_A-1677039	39374399	chip1	17	0.95388	0.0273	33	0.51212	0.03202	8	0.036	0.02021
SNP_A-1719221	39375875	chip2	8	0.94312	0.02148	33	0.56055	0.03432	15	0.08427	0.0204
SNP_A-1733125	39526204	chip1	0	NA	NA	20	0.48885	0.04786	38	0.03311	0.02074
SNP_A-1686863	39730158	chip1	36	0.87811	0.03136	20	0.50355	0.03182	0	NA	NA
SNP_A-1663830	39821961	chip2	58	0.93298	0.01999	0	NA	NA	0	NA	NA
SNP_A-1749508	39870146	chip1	58	0.95917	0.06435	0	NA	NA	0	NA	NA
SNP_A-1749820	39870683	chip1	1	0.956	NA	11	0.50482	0.08748	45	0.10064	0.04368
SNP_A-1753542	39911388	chip1	44	0.95416	0.03545	4	0.48525	0.05855	0	NA	NA
SNP_A-1698697	39970507	chip2	48	0.90856	0.01907	10	0.5429	0.08027	0	NA	NA
SNP_A-1693013	40021105	chip1	36	0.97611	0.01832	22	0.47886	0.03702	0	NA	NA
SNP_A-1692334	40030096	chip2	49	0.89247	0.02493	9	0.46133	0.03162	0	NA	NA
SNP_A-1735447	40072244	chip1	25	0.94196	0.02926	25	0.52004	0.06311	5	0.0364	0.01874
SNP_A-1735563	40072344	chip1	40	0.87462	0.03918	14	0.49729	0.04446	3	0.015	0.01058
SNP_A-1702237	40073692	chip2	3	0.87933	0.11904	3	0.521	0.028	51	0.051	0.04537
SNP_A-1653682	40074074	chip2	1	0.912	NA	22	0.50027	0.01951	35	0.05931	0.01276
SNP_A-1738704	40087906	chip1	0	NA	NA	13	0.501	0.05685	35	0.09566	0.04273
SNP_A-1738938	40091246	chip1	32	0.98897	0.01213	15	0.48773	0.05006	4	0.0495	0.03138
SNP_A-1713490	40489756	chip2	0	NA	NA	11	0.48636	0.03115	47	0.07585	0.03572
SNP_A-1750859	40489900	chip2	47	0.98874	0.01129	11	0.49609	0.02936	0	NA	NA
SNP_A-1717860	40615878	chip1	3	0.90433	0.02386	26	0.49992	0.03281	29	0.06738	0.01824
SNP_A-1716667	40749462	chip2	23	0.9663	0.02475	30	0.48237	0.07879	2	0.15	0.01131
SNP_A-1693266	40771776	chip2	17	0.94771	0.02177	32	0.50928	0.02831	9	0.03178	0.02928
SNP_A-1693569	41433563	chip2	25	0.98624	0.01727	24	0.51996	0.054	9	0.03067	0.02672
SNP_A-1682404	41434772	chip2	28	0.97232	0.01732	24	0.46812	0.03216	6	0.07583	0.02129
SNP_A-1683763	41602840	chip1	1	0.823	NA	26	0.48554	0.08843	29	0.08038	0.03644
SNP_A-1665361	41953650	chip1	47	0.99406	0.01213	9	0.50044	0.02939	2	0.0835	0.00919
SNP_A-1723349	42057888	chip1	5	0.9474	0.01345	31	0.49603	0.02833	20	0.0916	0.01872
SNP_A-1723461	42058972	chip1	41	0.93317	0.02367	14	0.487	0.03741	3	0.01033	0.0179
SNP_A-1641957	42063572	chip2	20	0.99605	0.01045	32	0.50981	0.04399	5	0.0072	0.01448
SNP_A-1665830	42122156	chip2	28	0.93261	0.02406	25	0.49696	0.03257	5	0.2234	0.01976
SNP_A-1745504	42122663	chip2	28	0.97318	0.02321	25	0.46548	0.02886	5	0.024	0.00962
SNP_A-1689616	42138787	chip2	5	0.9916	0.01823	25	0.5044	0.05771	28	0.01104	0.0106
SNP_A-1653730	42167867	chip2	19	0.90084	0.0349	30	0.5115	0.0355	2	0.079	0.07212
SNP_A-1744991	42167901	chip2	17	0.97171	0.01791	28	0.49607	0.04208	9	0.026	0.01948
SNP_A-1694765	42223571	chip2	36	0.961	0.02199	20	0.5037	0.0241	2	0.0825	0.01061
SNP_A-1758587	42248158	chip2	5	0.9504	0.04869	26	0.4855	0.0674	25	0.04852	0.05133
SNP_A-1652848	42578170	chip2	0	NA	NA	7	0.493	0.04869	51	0.10367	0.07143
SNP_A-1646856	42606994	chip2	1	0.96	NA	17	0.49841	0.02649	39	0.00285	0.00636
SNP_A-1648580	42607072	chip2	0	NA	NA	0	NA	NA	57	0.08179	0.03378
SNP_A-1678239	42638020	chip1	10	0.9735	0.01262	25	0.50264	0.03832	22	0.07014	0.03441
SNP_A-1729048	42749242	chip1	0	NA	NA	0	NA	NA	58	0.0394	0.02669
SNP_A-1710315	42832806	chip2	10	0.946	0.01915	28	0.51768	0.04795	16	0.07312	0.0353
SNP_A-1663657	42881280	chip1	18	0.98778	0.01183	29	0.49352	0.03206	11	0.03464	0.0218
SNP_A-1665461	42893552	chip1	27	0.95485	0.03841	15	0.5378	0.06413	9	0.05511	0.0223
SNP_A-1714373	42985803	chip1	0	NA	NA	17	0.48935	0.02865	41	0.06763	0.02353
SNP_A-1719840	43009228	chip1	30	0.91407	0.03077	24	0.51538	0.03244	4	0.04075	0.0105
SNP_A-1711392	43186344	chip2	41	0.97724	0.01439	14	0.54193	0.01219	3	0.026	0.00361
SNP_A-1668854	43450782	chip1	0	NA	NA	4	0.49	0.02563	54	0.11283	0.03217
SNP_A-1743243	43726908	chip2	55	0.90913	0.03939	1	0.473	NA	0	NA	NA
SNP_A-1699856	44776627	chip1	58	0.96719	0.02115	0	NA	NA	0	NA	NA
SNP_A-1701218	44778442	chip1	0	NA	NA	9	0.47089	0.05648	49	0.06406	0.02106
SNP_A-1701344	44778481	chip1	56	0.94327	0.03696	2	0.519	0.06223	0	NA	NA
SNP_A-1662719	44964656	chip1	0	NA	NA	13	0.51708	0.062	45	0.03684	0.01655
SNP_A-1712177	44996274	chip2	56	0.90607	0.03856	2	0.601	0.00707	0	NA	NA
SNP_A-1734340	45229641	chip2	6	0.92817	0.01229	27	0.499	0.03345	25	0.10728	0.02227
SNP_A-1706804	45234578	chip1	6	0.8955	0.02801	31	0.49445	0.04906	19	0.06363	0.03475
SNP_A-1709006	45253529	chip1	47	0.98306	0.02415	9	0.503	0.06084	2	0.0475	0.02192
SNP_A-1709167	45796700	chip2	33	0.94409	0.03593	22	0.51273	0.07224	2	0.0495	0.07
SNP_A-1665761	46084725	chip1	0	NA	NA	5	0.5042	0.0216	53	0.06191	0.03222
SNP_A-1715987	46160099	chip2	58	0.99857	0.00386	0	NA	NA	0	NA	NA
SNP_A-1744087	46160904	chip2	6	0.976	0.01699	30	0.4897	0.01983	22	0.04077	0.02136
SNP_A-1722179	46200282	chip1	16	0.91219	0.03882	34	0.49094	0.04055	6	0.067	0.01935
SNP_A-1647659	46217744	chip1	1	0.89	NA	19	0.494	0.06049	35	0.05366	0.03903
SNP_A-1758251	46260027	chip2	48	0.95423	0.0238	10	0.5067	0.02036	0	NA	NA
SNP_A-1668644	46260114	chip2	0	NA	NA	24	0.5	0.02643	34	0.02526	0.0114
SNP_A-1671698	46260299	chip2	0	NA	NA	24	0.50479	0.02127	34	0.02768	0.02934
SNP_A-1710886	46260460	chip2	22	0.94245	0.0238	32	0.46313	0.09492	4	0.11425	0.01819
SNP_A-1674801	46294310	chip2	4	0.9955	0.009	22	0.51027	0.04208	32	0.01419	0.01835
SNP_A-1653791	46477122	chip1	28	0.99	0.01107	25	0.49132	0.04108	5	0.0222	0.01165
SNP_A-1694367	46754147	chip2	12	0.9555	0.02496	21	0.48338	0.01941	24	0.02725	0.00998
SNP_A-1754739	46756350	chip1	0	NA	NA	1	0.546	NA	57	0.02574	0.0208
SNP_A-1756594	46769831	chip1	20	0.9506	0.01983	28	0.48257	0.04375	9	0.04367	0.02268
SNP_A-1696942	46822616	chip2	42	0.95821	0.01614	13	0.49323	0.03517	2	0.151	0.19799
SNP_A-1681968	46823282	chip2	49	0.96208	0.02161	5	0.5086	0.04142	0	NA	NA
SNP_A-1701735	46844069	chip2	11	0.81664	0.04463	23	0.43226	0.05775	16	0.035	0.02652
SNP_A-1698302	46872411	chip1	51	0.90953	0.02661	6	0.485	0.02112	1	0.041	NA
SNP_A-1745074	46920285	chip1	13	0.95477	0.03163	30	0.49813	0.0344	14	0.11836	0.03816
SNP_A-1684068	47046784	chip2	1	0.889	NA	21	0.50548	0.02404	36	0.08486	0.03171
SNP_A-1665538	47085126	chip2	2	0.9325	0.04738	7	0.50286	0.01264	49	0.03861	0.02418
SNP_A-1650678	47364600	chip2	57	0.92846	0.01535	1	0.5	NA	0	NA	NA
SNP_A-1722466	47889421	chip2	11	0.94455	0.03517	29	0.50907	0.03687	15	0.07467	0.01564
SNP_A-1667768	48043004	chip2	0	NA	NA	11	0.46864	0.03059	46	0.04546	0.01311
SNP_A-1664674	48123857	chip2	0	NA	NA	0	NA	NA	58	0.02422	0.01678
SNP_A-1697102	48163405	chip2	21	0.92719	0.01816	25	0.514	0.05339	12	0.05608	0.02171
SNP_A-1704756	48326010	chip1	52	0.92462	0.03997	5	0.5286	0.1028	0	NA	NA
SNP_A-1691385	48422858	chip1	0	NA	NA	3	0.43767	0.00351	53	0.137	0.04156
SNP_A-1661091	48816575	chip2	0	NA	NA	24	0.44758	0.06257	31	0.01894	0.01737
SNP_A-1688817	48968877	chip1	38	0.88482	0.05143	17	0.50824	0.04264	2	0.0805	0.03465
SNP_A-1736971	48973402	chip2	1	0.927	NA	21	0.50205	0.02916	36	0.06278	0.02464
SNP_A-1690923	48983786	chip1	39	0.95523	0.07449	10	0.5016	0.04528	0	NA	NA
SNP_A-1692223	48990002	chip1	0	NA	NA	2	0.5505	0.03323	56	0.03532	0.01865
SNP_A-1658782	49023453	chip2	24	0.90321	0.01542	26	0.51988	0.02943	6	0.04117	0.03122
SNP_A-1705953	49023810	chip2	14	0.88693	0.04993	27	0.46444	0.02684	15	0.03613	0.01959
SNP_A-1664248	49024337	chip2	0	NA	NA	5	0.5204	0.05443	53	0.03594	0.02231
SNP_A-1746187	49045978	chip1	14	0.92893	0.03109	24	0.48163	0.06382	10	0.0859	0.06078
SNP_A-1746323	49046020	chip1	17	0.95018	0.04112	15	0.5414	0.07831	8	0.167	0.06495
SNP_A-1746662	49047104	chip1	9	0.97811	0.01656	32	0.49241	0.05931	17	0.03371	0.02978
SNP_A-1751921	49050601	chip2	32	0.97337	0.05359	20	0.50055	0.10874	2	0.01	0.00424
SNP_A-1743639	49066556	chip2	1	0.994	NA	16	0.50062	0.03289	40	0.01047	0.0109
SNP_A-1730409	49075640	chip2	24	0.98983	0.01218	25	0.53608	0.03926	9	0.03911	0.02009
SNP_A-1654585	49103383	chip2	40	0.98507	0.0096	17	0.50641	0.03638	1	0.001	NA
SNP_A-1691353	49155176	chip1	12	0.97333	0.02751	21	0.499	0.07185	14	0.08957	0.05613
SNP_A-1710455	49174547	chip2	23	0.99557	0.00631	26	0.50092	0.04542	9	0.00467	0.00786
SNP_A-1747674	49325926	chip1	9	0.85833	0.02507	26	0.50015	0.0434	23	0.03396	0.0189
SNP_A-1673399	49344588	chip1	27	0.97407	0.0242	24	0.51783	0.03493	6	0.05733	0.03048
SNP_A-1717833	49362142	chip2	17	0.96918	0.03414	24	0.49863	0.05517	13	0.07531	0.06593
SNP_A-1679027	49413539	chip1	27	0.94833	0.04765	22	0.53905	0.05462	4	0.13375	0.0295
SNP_A-1680747	49432442	chip1	13	0.921	0.01525	28	0.49546	0.02636	17	0.12482	0.03423
SNP_A-1706978	49522732	chip1	5	0.984	0.01358	21	0.51757	0.04468	31	0.04774	0.02263
SNP_A-1705587	49539640	chip2	54	0.97833	0.01095	3	0.53467	0.02603	0	NA	NA
SNP_A-1716147	49542393	chip2	54	0.97341	0.01975	4	0.49275	0.02279	0	NA	NA
SNP_A-1714125	49551485	chip1	36	0.90883	0.02042	16	0.50462	0.01554	6	0.11283	0.02465
SNP_A-1714683	49567157	chip2	55	0.87505	0.03257	3	0.516	0.04424	0	NA	NA
SNP_A-1646779	49594168	chip1	10	0.8516	0.02929	48	0.50035	0.09712	0	NA	NA
SNP_A-1746041	49594178	chip1	0	NA	NA	0	NA	NA	55	0.07827	0.07924
SNP_A-1746143	49659554	chip1	52	0.96237	0.02135	6	0.501	0.05077	0	NA	NA
SNP_A-1730763	49701530	chip2	0	NA	NA	0	NA	NA	58	0.08072	0.02114
SNP_A-1644451	49705102	chip1	1	0.906	NA	9	0.54189	0.05824	16	0.1925	0.06746
SNP_A-1747012	49811496	chip1	34	0.94544	0.03602	22	0.48618	0.08524	2	0.0015	0.00212
SNP_A-1679035	50148945	chip1	7	0.89957	0.02645	23	0.48457	0.08295	18	0.06956	0.03673
SNP_A-1731901	50478886	chip2	3	0.963	0.02606	17	0.49459	0.05944	38	0.01155	0.02288
SNP_A-1695897	50478922	chip2	38	0.96011	0.01978	17	0.52794	0.02338	3	0.03367	0.00451
SNP_A-1654653	51019549	chip2	0	NA	NA	13	0.49446	0.07099	45	0.04773	0.01774
SNP_A-1695653	51019671	chip2	0	NA	NA	0	NA	NA	58	0.046	0.03348
SNP_A-1646186	51019773	chip2	13	0.98062	0.02221	25	0.49764	0.08786	12	0.03008	0.03816
SNP_A-1732206	51123478	chip1	10	0.9232	0.0212	33	0.51297	0.05694	15	0.1622	0.04566
SNP_A-1674661	51236151	chip2	2	0.946	0.03394	13	0.49369	0.04571	40	0.0992	0.04399
SNP_A-1647328	51265624	chip2	36	0.97081	0.04218	21	0.50805	0.04615	1	0.034	NA
SNP_A-1702101	51267243	chip2	36	0.9815	0.02052	20	0.4942	0.06047	1	0.107	NA
SNP_A-1670538	51279558	chip2	0	NA	NA	7	0.49457	0.02989	48	0.01631	0.01691
SNP_A-1675452	51308749	chip1	58	0.87872	0.02794	0	NA	NA	0	NA	NA
SNP_A-1736133	51342410	chip2	0	NA	NA	9	0.467	0.03986	48	0.032	0.02914
SNP_A-1680821	51365851	chip1	54	0.79824	0.05228	4	0.50475	0.03963	0	NA	NA
SNP_A-1642259	51405469	chip2	0	NA	NA	2	0.4785	0.00778	56	0.04109	0.02316
SNP_A-1729340	51650847	chip2	3	0.99233	0.01328	15	0.51293	0.08703	34	0.08762	0.06692
SNP_A-1684674	51886094	chip2	3	1	0	22	0.49182	0.02585	33	0.01412	0.01097
SNP_A-1735099	52085632	chip1	0	NA	NA	0	NA	NA	58	0.03184	0.01216
SNP_A-1743362	52162376	chip1	30	0.93793	0.02338	21	0.50638	0.03133	5	0.0612	0.01966
SNP_A-1743452	52162702	chip1	25	0.89912	0.01871	28	0.54304	0.04579	3	0.12067	0.01124
SNP_A-1745181	52180918	chip1	58	0.98853	0.01903	0	NA	NA	0	NA	NA
SNP_A-1737904	52292281	chip2	1	0.981	NA	9	0.48467	0.01533	48	0.05194	0.01105
SNP_A-1669065	52292441	chip2	22	0.92559	0.03476	25	0.49764	0.04135	10	0.0396	0.017
SNP_A-1734069	52544997	chip1	22	0.88455	0.03911	20	0.4933	0.06005	5	0.0384	0.0245
SNP_A-1734177	52545059	chip1	31	0.9891	0.01283	24	0.49304	0.03236	3	0.002	0.001
SNP_A-1734319	52546246	chip1	28	0.99086	0.01668	23	0.50683	0.04318	6	0.03367	0.0296
SNP_A-1758549	52704281	chip2	17	0.99094	0.00881	33	0.506	0.03455	8	0.041	0.02384
SNP_A-1757035	52822703	chip2	1	0.979	NA	10	0.5154	0.02767	47	0.11862	0.03033
SNP_A-1722933	52854562	chip1	0	NA	NA	18	0.49972	0.04905	39	0.06438	0.03937
SNP_A-1724444	52977975	chip2	58	0.96303	0.0116	0	NA	NA	0	NA	NA
SNP_A-1720214	53169922	chip1	4	0.928	0.0265	17	0.51347	0.07511	35	0.01174	0.02379
SNP_A-1720338	53170122	chip1	35	0.8726	0.03723	17	0.47412	0.05006	4	0.03075	0.0217
SNP_A-1722329	53177802	chip1	35	0.82051	0.0751	18	0.5145	0.08116	1	0.102	NA
SNP_A-1722429	53177872	chip1	1	0.894	NA	18	0.50422	0.0208	37	0.19843	0.03967
SNP_A-1736088	53184764	chip1	2	0.931	0.02121	13	0.47792	0.05472	36	0.169	0.0675
SNP_A-1736466	53202202	chip1	5	0.9714	0.01881	18	0.49856	0.05131	33	0.05903	0.02784
SNP_A-1739682	53219394	chip1	53	0.97611	0.01686	5	0.4482	0.0373	0	NA	NA
SNP_A-1739794	53219416	chip1	0	NA	NA	18	0.49056	0.04578	38	0.10695	0.02783
SNP_A-1741312	53223188	chip1	7	0.93529	0.02536	26	0.49577	0.02656	25	0.04076	0.0192
SNP_A-1704677	53255346	chip2	16	0.95875	0.02221	25	0.50364	0.01895	17	0.03306	0.0168
SNP_A-1685098	53325976	chip2	2	0.9995	0.00071	5	0.5552	0.01807	51	0.06896	0.0232
SNP_A-1751445	53331284	chip2	2	0.982	0.02121	5	0.4852	0.03394	51	0.00347	0.01159
SNP_A-1682186	53340283	chip2	2	0.9805	0.02758	5	0.524	0.02214	51	0.06322	0.01966
SNP_A-1660000	53406965	chip1	36	0.90911	0.02787	22	0.47714	0.02842	0	NA	NA
SNP_A-1660098	53407081	chip1	6	0.92633	0.01648	19	0.47874	0.02771	33	0.02636	0.02148
SNP_A-1712945	53411226	chip2	16	0.96313	0.0172	28	0.52611	0.07055	13	0.05115	0.02223
SNP_A-1668246	53411500	chip2	6	0.9405	0.05491	18	0.49544	0.03827	34	0.02324	0.01046
SNP_A-1725920	53413992	chip2	0	NA	NA	19	0.51242	0.07893	38	0.006	0.01766
SNP_A-1725212	53429261	chip2	34	0.96238	0.04436	16	0.5285	0.02927	7	0.05743	0.04355
SNP_A-1668978	53439815	chip1	0	NA	NA	2	0.4585	0.01061	53	0.08579	0.05065
SNP_A-1743755	53558026	chip2	17	0.94882	0.01239	33	0.50876	0.01448	8	0.06363	0.01136
SNP_A-1699683	53996472	chip2	0	NA	NA	1	0.278	NA	46	0.11363	0.03289
SNP_A-1663755	54393792	chip1	2	0.917	0.01414	19	0.49947	0.0347	36	0.05453	0.03092
SNP_A-1718193	54599634	chip2	1	0.947	NA	13	0.50215	0.06501	43	0.04095	0.01408
SNP_A-1704769	54628597	chip2	39	0.86995	0.11121	0	NA	NA	0	NA	NA
SNP_A-1645260	54914726	chip2	40	0.90443	0.02234	14	0.53	0.01594	4	0.177	0.00663
SNP_A-1655587	55028651	chip2	0	NA	NA	0	NA	NA	58	0.07114	0.03045
SNP_A-1684154	55171976	chip2	3	0.89833	0.06769	21	0.50024	0.04656	34	0.00056	0.00209
SNP_A-1736968	55203845	chip1	56	0.97534	0.03234	1	0.541	NA	0	NA	NA
SNP_A-1655957	55215534	chip2	3	0.959	0.03105	19	0.50089	0.04961	26	0.09785	0.04999
SNP_A-1664343	55242623	chip1	34	0.98412	0.0193	20	0.5006	0.03433	3	0.04667	0.00751
SNP_A-1661939	55512607	chip1	55	0.96707	0.02946	3	0.56433	0.02532	0	NA	NA
SNP_A-1663133	55514220	chip1	1	0.802	NA	14	0.502	0.04969	32	0.09738	0.02806
SNP_A-1692466	55547747	chip2	34	0.94226	0.02381	22	0.51068	0.03477	1	0.108	NA
SNP_A-1680906	55922035	chip2	0	NA	NA	5	0.4964	0.01295	53	2e-05	0.00014
SNP_A-1663084	55922302	chip2	0	NA	NA	15	0.51733	0.03952	43	0.05358	0.01438
SNP_A-1715901	56007636	chip2	19	0.90663	0.02144	21	0.51319	0.02169	14	0.13229	0.01098
SNP_A-1676652	56043746	chip2	34	0.95318	0.01854	21	0.50862	0.02133	3	0.091	0.0382
SNP_A-1665677	56063231	chip1	19	0.87611	0.02054	31	0.49135	0.0225	8	0.13737	0.04283
SNP_A-1687924	56134511	chip2	10	0.9724	0.04522	33	0.50788	0.05215	14	0.00279	0.01042
SNP_A-1677638	56142741	chip2	7	0.89929	0.03045	20	0.5155	0.05035	29	0.09455	0.02837
SNP_A-1677906	56203682	chip2	0	NA	NA	3	0.44767	0.00681	55	0.02495	0.00983
SNP_A-1647994	56203742	chip2	2	0.9775	0.00778	12	0.54758	0.06238	44	0.01152	0.00976
SNP_A-1665466	56259802	chip2	20	0.9295	0.04268	26	0.49342	0.09035	10	0.0543	0.05402
SNP_A-1667138	56275428	chip2	58	0.97691	0.03982	0	NA	NA	0	NA	NA
SNP_A-1686664	56275748	chip2	0	NA	NA	47	0.49172	0.14478	6	0.0345	0.01622
SNP_A-1690924	56276059	chip2	43	0.93323	0.0273	9	0.49956	0.03811	1	0.115	NA
SNP_A-1752127	56276410	chip2	23	0.91174	0.01755	29	0.51217	0.03161	6	0.06183	0.00904
SNP_A-1697187	56439915	chip1	4	0.8825	0.0265	15	0.493	0.03519	38	0.12353	0.03603
SNP_A-1758271	56646534	chip2	0	NA	NA	5	0.5128	0.03794	52	0.03388	0.03206
SNP_A-1685890	56667535	chip2	5	0.9456	0.01778	22	0.5195	0.02496	31	0.03584	0.04014
SNP_A-1744618	56710286	chip1	5	0.9364	0.08724	13	0.49346	0.09741	20	0.08315	0.13787
SNP_A-1751766	56729516	chip1	13	0.923	0.03108	24	0.465	0.06033	8	0.022	0.036
SNP_A-1751956	56733696	chip1	54	0.90354	0.0654	3	0.466	0.06321	1	0.11	NA
SNP_A-1651540	56763284	chip2	15	0.97087	0.01151	32	0.48372	0.01806	11	0.04945	0.01535
SNP_A-1652244	56763379	chip2	5	0.9652	0.01843	21	0.4909	0.018	32	0.05356	0.01244
SNP_A-1739445	56764246	chip2	11	0.97345	0.01936	32	0.52647	0.04751	15	0.04733	0.02689
SNP_A-1682809	56776648	chip1	24	0.96808	0.01547	25	0.50188	0.03614	8	0.0725	0.02958
SNP_A-1683203	56781296	chip1	9	0.97678	0.06458	16	0.52631	0.06874	25	0.02104	0.02054
SNP_A-1683295	56781536	chip1	5	0.9914	0.01658	18	0.51183	0.06936	33	0.01191	0.01337
SNP_A-1686417	56790821	chip1	5	0.9038	0.057	23	0.49974	0.06785	30	0.09743	0.0543
SNP_A-1747407	56800494	chip2	19	0.95742	0.03972	20	0.5228	0.06836	10	0.0558	0.03992
SNP_A-1719381	56800742	chip2	0	NA	NA	10	0.4887	0.03888	48	0.03444	0.01512
SNP_A-1721720	57024188	chip2	13	0.97085	0.01931	16	0.47481	0.03791	29	0.04566	0.02427
SNP_A-1710195	57024830	chip2	0	NA	NA	0	NA	NA	58	0.03414	0.0139
SNP_A-1741531	57032873	chip2	9	0.85967	0.04079	20	0.4935	0.0484	29	0.0609	0.04928
SNP_A-1692662	57033283	chip2	0	NA	NA	0	NA	NA	58	0.04429	0.04102
SNP_A-1755467	57117898	chip1	0	NA	NA	10	0.479	0.0175	48	0.08615	0.01982
SNP_A-1691681	57189755	chip1	8	0.93888	0.02805	22	0.50173	0.03705	28	0.02764	0.01438
SNP_A-1728159	57313456	chip2	0	NA	NA	1	0.491	NA	57	0.10037	0.02244
SNP_A-1722476	57404193	chip2	0	NA	NA	13	0.49223	0.02525	45	0.00251	0.00544
SNP_A-1744796	57561090	chip1	4	0.9185	0.06859	16	0.49712	0.01756	34	0.06862	0.02016
SNP_A-1744988	57561124	chip1	31	0.84668	0.04373	17	0.53718	0.06923	3	0.01867	0.00404
SNP_A-1752226	57577949	chip1	0	NA	NA	14	0.4825	0.06471	44	0.02855	0.0271
SNP_A-1713049	57641156	chip2	47	0.9777	0.01433	10	0.5383	0.05062	1	0.003	NA
SNP_A-1690587	57648888	chip2	21	0.97048	0.02066	24	0.53546	0.14785	10	0.0693	0.02222
SNP_A-1687082	57649297	chip2	4	0.99775	0.00206	16	0.50469	0.06635	37	0.02651	0.0121
SNP_A-1644838	57649935	chip2	4	0.93125	0.01234	15	0.45953	0.02773	37	0.07157	0.0173
SNP_A-1646865	57791787	chip1	12	0.89542	0.02986	24	0.50842	0.0356	17	0.04753	0.0302
SNP_A-1649995	57807597	chip1	37	0.94289	0.02648	18	0.51428	0.03772	3	0.05333	0.0235
SNP_A-1650147	57807655	chip1	14	0.86964	0.05676	13	0.501	0.06335	20	0.15485	0.06311
SNP_A-1700725	57844735	chip1	31	0.96639	0.02515	21	0.52533	0.0479	6	0.01167	0.0155
SNP_A-1702310	57848908	chip1	5	0.9094	0.06543	14	0.47543	0.04119	37	0.01681	0.01719
SNP_A-1728417	58194918	chip2	0	NA	NA	8	0.50038	0.02918	50	0.01936	0.0175
SNP_A-1704980	58200026	chip1	27	0.91511	0.02356	26	0.48512	0.0424	5	0.0148	0.01165
SNP_A-1705098	58200324	chip1	5	0.9742	0.01425	20	0.5213	0.0712	18	0.17628	0.03664
SNP_A-1744800	58209054	chip1	44	0.88923	0.02618	13	0.50146	0.04817	1	0.131	NA
SNP_A-1709657	58500846	chip2	32	0.92828	0.02629	20	0.51625	0.02328	6	0.02967	0.02391
SNP_A-1712348	58685255	chip1	2	0.979	0.0297	21	0.51171	0.04668	35	0.00417	0.00858
SNP_A-1715978	58699561	chip1	0	NA	NA	35	0.43586	0.09112	23	0.18387	0.04264
SNP_A-1643213	58746598	chip2	50	0.98882	0.01512	8	0.5075	0.04038	0	NA	NA
SNP_A-1662036	58837765	chip2	38	0.91497	0.03062	20	0.50665	0.02734	0	NA	NA
SNP_A-1717823	58897046	chip2	5	0.923	0.02347	32	0.50134	0.04249	20	0.00485	0.00758
SNP_A-1672292	58908108	chip2	0	NA	NA	14	0.48771	0.01613	43	0.08047	0.02627
SNP_A-1687749	59132286	chip1	31	0.96045	0.03494	17	0.50165	0.04483	5	0.1022	0.06583
SNP_A-1717901	59181299	chip2	10	0.9906	0.01507	23	0.50152	0.03223	25	0.05668	0.02128
SNP_A-1646906	59245509	chip2	15	0.941	0.05647	7	0.47857	0.11648	8	0.04088	0.05473
SNP_A-1685623	59479230	chip1	0	NA	NA	3	0.469	0.03329	55	0.05056	0.0895
SNP_A-1685759	59479826	chip1	48	0.96883	0.01944	10	0.5073	0.05559	0	NA	NA
SNP_A-1724459	59485000	chip1	42	0.984	0.02382	10	0.5381	0.07617	0	NA	NA
SNP_A-1724731	59485642	chip1	54	0.86289	0.06936	3	0.427	0.07087	0	NA	NA
SNP_A-1681394	59488867	chip2	0	NA	NA	18	0.514	0.07252	40	0.118	0.01739
SNP_A-1646570	59489660	chip2	1	0.95	NA	3	0.50433	0.02515	54	0.02633	0.01234
SNP_A-1698954	59760823	chip1	2	0.5845	0.04738	0	NA	NA	30	0.03917	0.07608
SNP_A-1662908	59790479	chip2	0	NA	NA	3	0.418	0.06684	55	0.01825	0.01659
SNP_A-1663134	59794710	chip2	14	0.95864	0.01968	30	0.5024	0.03757	12	0.04858	0.02181
SNP_A-1656103	59803539	chip2	33	0.89224	0.02068	24	0.49892	0.03575	1	0.055	NA
SNP_A-1642498	59864390	chip1	7	0.973	0.02557	23	0.48104	0.10659	19	0.04637	0.07846
SNP_A-1662550	59886493	chip2	7	0.97257	0.02018	25	0.49172	0.03298	26	0.08535	0.01652
SNP_A-1657574	59886633	chip2	40	0.98133	0.02377	18	0.45878	0.03388	0	NA	NA
SNP_A-1649102	59886825	chip2	53	0.99479	0.006	4	0.52075	0.05214	1	0.001	NA
SNP_A-1714767	59886917	chip2	50	0.95092	0.04266	6	0.47167	0.04616	1	0.088	NA
SNP_A-1686537	60001698	chip1	2	0.9025	0.02192	4	0.471	0.0139	51	0.08455	0.02157
SNP_A-1690146	60012591	chip1	50	0.86562	0.04821	4	0.487	0.07442	1	0.157	NA
SNP_A-1732451	60069023	chip2	51	0.96355	0.0229	7	0.47657	0.02048	0	NA	NA
SNP_A-1700613	60373858	chip1	5	0.883	0.06197	14	0.49229	0.08036	38	0.06542	0.0366
SNP_A-1757339	60695892	chip2	23	0.97139	0.01566	32	0.53059	0.03189	3	0.02467	0.0121
SNP_A-1745057	61010000	chip2	5	0.9724	0.00942	31	0.51261	0.01518	22	0.03418	0.01535
SNP_A-1723992	61010979	chip2	23	0.98317	0.01687	31	0.50839	0.03634	1	0.089	NA
SNP_A-1720133	61011337	chip2	0	NA	NA	2	0.4675	0.00636	56	0.07002	0.02502
SNP_A-1712609	61011383	chip2	5	0.922	0.03009	30	0.50177	0.02271	23	0.06165	0.02298
SNP_A-1708671	61021559	chip2	0	NA	NA	0	NA	NA	58	0.07917	0.02487
SNP_A-1705563	61064425	chip2	18	0.99206	0.01719	30	0.46463	0.04538	10	0.0439	0.0885
SNP_A-1677094	61064517	chip2	9	0.90133	0.01404	31	0.50394	0.02002	17	0.12559	0.0424
SNP_A-1665388	61072944	chip2	7	0.95829	0.02407	25	0.49612	0.01999	25	0.09148	0.02618
SNP_A-1734412	61074906	chip2	38	0.96576	0.01347	15	0.518	0.02285	5	0.1046	0.03255
SNP_A-1670030	61077065	chip1	4	0.96	0.02414	12	0.47717	0.04217	38	0.09674	0.05654
SNP_A-1659969	61107777	chip2	49	0.99143	0.01214	9	0.46711	0.03749	0	NA	NA
SNP_A-1722300	61116501	chip2	0	NA	NA	11	0.494	0.03464	47	0.06072	0.05953
SNP_A-1663552	61128652	chip2	1	0.915	NA	9	0.47711	0.0129	48	0.06277	0.02374
SNP_A-1650134	61131250	chip2	9	0.97967	0.0181	30	0.52023	0.04197	17	0.01324	0.01064
SNP_A-1727946	61134313	chip1	1	0.847	NA	9	0.49433	0.05796	48	0.07873	0.03736
SNP_A-1679196	61207687	chip2	5	0.9488	0.0168	20	0.49495	0.02144	33	0.02973	0.01488
SNP_A-1719692	61221153	chip1	49	0.91578	0.04852	8	0.48788	0.06025	1	0.06	NA
SNP_A-1719988	61222476	chip1	12	0.92475	0.02201	32	0.49581	0.03289	14	0.08714	0.03034
SNP_A-1703749	61295070	chip2	10	0.7174	0.06764	15	0.50233	0.05281	23	0	0
SNP_A-1689508	61369111	chip2	0	NA	NA	0	NA	NA	58	0.03076	0.0196
SNP_A-1725257	61554788	chip1	11	0.92973	0.02919	31	0.49503	0.04658	16	0.01506	0.02036
SNP_A-1725377	61555118	chip1	50	0.94398	0.02545	8	0.5385	0.04106	0	NA	NA
SNP_A-1671365	61752129	chip1	7	0.94557	0.05538	13	0.50008	0.06614	27	0.02507	0.0522
SNP_A-1671467	61752385	chip1	3	0.98233	0.01537	14	0.54129	0.03262	40	0.05647	0.01154
SNP_A-1671589	61752418	chip1	2	0.977	0.03253	11	0.55227	0.0673	40	0.06165	0.02315
SNP_A-1687680	61755728	chip2	55	0.97375	0.01568	3	0.47033	0.01079	0	NA	NA
SNP_A-1715270	61780662	chip1	31	0.87723	0.03556	8	0.44812	0.03061	4	0.018	0.01564
SNP_A-1661199	61906985	chip2	48	0.98196	0.01504	8	0.50425	0.03167	2	0.066	0.04667
SNP_A-1705388	62016152	chip1	35	0.95671	0.04953	19	0.54695	0.06098	0	NA	NA
SNP_A-1705976	62036725	chip1	33	0.98327	0.0211	21	0.47981	0.05187	3	0.07933	0.02178
SNP_A-1707761	62051244	chip1	0	NA	NA	1	0.523	NA	53	0.04102	0.05121
SNP_A-1673886	62128208	chip2	7	0.95314	0.02365	28	0.48257	0.02356	23	0.01048	0.01801
SNP_A-1697743	62189739	chip2	0	NA	NA	4	0.4895	0.00733	54	0.00644	0.00582
SNP_A-1706627	62431059	chip2	7	0.97271	0.0122	21	0.52195	0.02503	29	0.01917	0.01507
SNP_A-1645690	62556894	chip2	10	0.9529	0.0211	29	0.49641	0.03197	19	0.00584	0.0058
SNP_A-1733468	62826084	chip2	40	0.9824	0.01097	18	0.52933	0.02952	0	NA	NA
SNP_A-1718444	63029177	chip1	22	0.91586	0.03539	32	0.53381	0.105	3	0.16133	0.03573
SNP_A-1748725	63186871	chip2	7	0.97243	0.02264	26	0.49262	0.04638	24	0.05613	0.02532
SNP_A-1733064	63270390	chip2	24	0.9255	0.03211	29	0.51648	0.03155	5	0.028	0.00474
SNP_A-1713381	63276577	chip1	1	0.821	NA	26	0.46388	0.106	25	0.06268	0.03977
SNP_A-1713543	63277060	chip1	42	0.9754	0.02406	14	0.54536	0.05148	1	0.14	NA
SNP_A-1658206	63437743	chip2	7	0.97129	0.01567	22	0.48455	0.02129	29	0.03986	0.02579
SNP_A-1709256	63458980	chip1	32	0.87787	0.02652	22	0.47864	0.02584	4	0.01975	0.01109
