0.69629
0.696556
0.696802
0.956777
0.956922
3.36647
3.37315
3.47369
3.61782
3.75758
3.75791
3.75834
3.77418
3.77421
3.88401
4.01913
6.61516
8.10232
9.15244
9.40167
10.4327
10.532
11.5527
13.9355
14.4297
15.6481
15.7432
16.1092
18.2699
18.37
21.3852
23.1821
23.2693
23.2718
24.1812
25.0091
25.3344
25.3684
26.1948
27.5036
27.8935
27.8937
28.8492
31.0598
32.9512
33.1781
33.2171
33.9594
33.96
35.2191
35.2517
35.9558
35.956
37.0821
37.8628
37.863
37.8807
39.5016
39.6239
40.6322
40.7212
42.4125
42.939
42.939
44.8799
45.8076
45.8399
46.0866
46.1178
46.2823
46.4553
46.6741
48.0981
48.1604
48.2195
48.5589
49.2305
50.466
50.9456
51.038
51.1233
51.8044
51.9591
52.4532
52.5437
53.4645
53.4855
53.4856
53.51
53.51
53.8922
53.9664
54.046
54.1223
54.3408
54.341
54.5717
54.8864
54.9048
54.9363
54.971
55.3354
55.4523
55.4526
55.5585
55.7461
55.88
56.4721
56.6704
56.7478
56.7698
56.82
57.2532
57.5759
57.6333
57.6732
57.7357
57.8776
59.1319
59.6723
59.7186
59.8687
59.9846
59.9847
60.0476
60.0516
60.0516
60.0574
60.7657
60.7661
61.0016
61.0079
61.0079
61.4034
61.782
61.8362
62.1929
62.39
62.544
62.5915
62.6502
62.6502
62.6927
63.2041
63.2075
63.2079
63.2228
63.2258
63.2654
63.3071
63.7052
63.8758
64.2547
64.9228
65.1709
65.74
65.74
66.053
66.1976
66.198
66.198
67.0772
68.92
71.3989
71.5073
71.5076
71.5352
71.9662
71.9885
72.2643
72.8922
73.2284
73.3392
74.4767
74.4769
74.4771
74.7236
74.7809
74.9293
74.9665
74.9667
74.9668
74.9932
75.4125
76.0196
76.0762
76.1351
77.0395
77.0647
77.3697
77.4971
77.5483
79.3081
79.4636
80.7041
80.7485
80.7485
80.9709
81.5881
81.5882
81.7629
82.0045
82.299
82.299
84.0249
84.4922
84.4923
84.8812
84.98
84.98
85.3334
85.3397
86.5468
86.5645
86.5646
86.6233
87.5617
87.8396
87.8717
87.999
88.4272
88.4275
88.4281
88.434
88.4525
88.4529
89.5167
89.517
89.5372
89.7603
89.773
89.947
90.1547
90.6996
90.8847
90.8849
91.756
92.6388
92.6427
92.7694
92.79
93.1856
93.3512
93.3784
93.8204
93.8208
93.8616
93.9673
94.6841
94.7068
95.6212
95.7628
96.0421
96.2393
96.337
97.7871
98.055
98.0554
98.1952
98.5168
98.7094
99.0003
99.0126
99.0127
99.95
100.131
100.501
100.829
103.061
103.824
104.265
104.265
104.665
105.151
106.076
106.816
108.45
108.954
110.72
111.449
111.56
111.561
111.985
116.442
116.78
116.881
117.597
117.888
