0.785449424
0.590116361
0.786094626
0.157724932
0.417563105
0.044424767
0.170117745
0.160131034
0.51882159
0.952932933
0.124450447
0.25005107
0.350304392
0.207854404
0.489305438
0.116331429
0.323639782
0.995650059
0.239578861
0.416837023
0.936272911
0.85689442
0.337681648
0.63548505
0.061663961
0.895901887
0.721986976
0.901460168
0.760313951
0.067456268
0.980956397
0.690224537
0.233267841
0.741643339
0.198630611
0.411943779
0.975683429
0.184281357
0.210171731
0.528267171
0.44781339
0.521693338
0.475654621
0.704733563
0.270128476
0.949156591
0.786959347
0.21243794
0.568957142
0.896410641
0.991201118
0.957800774
0.561507922
0.733996548
0.062994133
0.061663082
0.681312197
0.898188945
0.770232706
0.058133515
0.519466848
0.170172817
0.056868964
0.127104027
0.993971725
0.474607783
0.851072495
0.268250691
0.65288478
0.835292587
0.376426658
0.121570116
0.988053284
0.956542314
0.307329357
0.724873597
0.748799607
0.930713975
0.018064896
0.216323439
0.313039545
0.980972236
0.754991277
0.361122287
0.525693658
0.252076164
0.720592849
0.585345408
0.311056354
0.871830199
0.891988903
0.807036393
0.370346587
0.362461402
0.008455569
0.07229162
0.024046191
0.035074425
0.085040355
0.582750742
0.010955372
0.890368475
0.376479109
0.906753733
0.75312775
0.239892878
0.678602262
0.38500059
0.820613925
0.134543474
0.044697175
0.356980531
0.674497975
0.846274645
0.01946869
0.065464227
0.374226083
0.115268226
0.637790557
0.053551396
0.569939767
0.204097797
0.695710455
0.710122211
0.718214666
0.038440353
0.576933362
0.410988876
0.430832749
0.781948176
0.533553573
0.678570748
0.564930707
0.858742263
0.860658458
0.675413507
0.404906418
0.279348982
0.984735524
0.00118794
0.473777652
0.395589801
0.217959956
0.398456429
0.486431236
0.247941274
0.805429839
0.93386096
0.730534614
0.174313443
0.528236484
0.437765886
0.166943417
0.294705249
0.852449035
0.258603232
0.060358086
0.097769933
0.651718093
0.041074892
0.001342261
0.393694272
0.149729096
0.418179318
0.19774479
0.24215165
0.532755195
0.375820761
0.645569992
0.13639269
0.833795156
0.27527528
0.018933547
0.472944341
0.905327565
0.687368538
0.481967011
0.266164037
0.160747489
0.000152898
0.678046149
0.534358479
0.118228368
0.151229978
0.884272297
0.945124554
0.754633941
0.722974674
0.253282526
0.567263458
0.000169028
0.133205351
0.090967413
0.541095056
0.265171531
0.258786805
0.345951404
0.014176354
0.002984147
0.013826706
0.277620456
0.151447769
0.323935373
0.003081613
0.694190142
0.442388465
0.947724846
0.602356854
0.394964525
0.855981345
0.63658064
0.520696349
0.606286125
0.613847368
0.107417213
0.112643032
0.063629672
0.420657218
0.934936759
0.282677739
0.337687835
0.063549805
0.324743844
0.430041258
0.474755906
0.782050046
0.282268575
0.143328572
0.000755184
0.809558593
0.62420477
0.39666987
0.169090639
0.159960887
0.620198736
0.97714009
0.246472832
0.264439533
0.189809834
0.606335631
0.694830226
0.898051986
0.577595329
0.356906896
0.1880936
0.13238326
0.238306476
0.188376483
0.535543667
0.170924449
0.987042465
0.849188876
0.024610336
0.944838352
0.599086326
0.234337879
0.621202922
0.278529786
0.455984967
0.229735338
0.224446172
0.978630699
0.774792483
0.43058687
0.919442384
0.932189522
0.431363456
0.775957239
0.721685918
0.158064411
0.384289463
0.283941637
0.861639783
0.08498084
0.028566926
0.946797943
0.011472778
0.413132915
0.218881523
0.661087635
0.974090156
0.924215505
0.703853271
0.65433604
0.668982317
0.555934564
0.019854952
0.447877879
