0.323242
8.37576
11.2343
12.7552
13.0178
13.0779
13.1092
13.6503
13.8
13.9437
14.1876
14.5308
14.5346
14.9116
15.3773
18.5491
18.5495
20.0231
20.0247
20.025
22.4005
22.4008
23.0724
23.0725
23.0882
24.5105
24.6833
24.8028
25.2315
27.6069
27.841
29.7469
29.8676
29.9724
29.9725
30.3973
30.9025
31.0278
31.4225
32.1744
32.1754
33.1192
33.1222
33.3421
33.8804
34.0099
36.4654
37.6837
37.684
41.822
41.96
41.96
42.7591
42.8495
43.2009
44.4459
45.2983
48.5892
49.1848
49.3952
49.6933
51.1319
51.3667
53.5115
53.9027
55.1892
55.6138
55.6139
56.8324
58.41
59.0459
59.046
59.6434
59.8297
60.108
60.9432
61.6909
61.8064
61.8072
62.6522
62.7047
62.72
62.9012
62.942
63.535
63.8036
64.0568
65.1797
65.1798
65.2228
66.6568
67.3584
67.3931
67.6876
67.7107
67.7856
67.8452
67.8452
67.887
69.2822
69.2834
69.8179
70.5175
70.6096
70.6316
70.6558
70.7
70.7
70.7
71.182
71.56
71.56
71.56
71.56
72.1201
72.1202
72.1214
72.265
72.2652
72.8129
72.8129
72.8603
74.2361
74.2367
74.2707
74.3245
74.6013
74.6015
75.3623
76.8988
78.0616
79.4259
79.5444
79.5836
79.5836
79.5839
79.6681
79.7791
79.7793
79.7795
79.7803
79.892
80.3523
80.5976
80.6606
81.0375
81.0583
81.2402
81.25
81.6722
81.7519
81.9323
82.0974
82.9618
83.0904
83.0904
83.1122
83.2657
83.2663
83.5274
83.5283
83.6761
83.7416
84.505
84.5165
86.1621
86.4111
86.7595
87.25
87.25
87.25
87.25
87.2696
89.0772
89.2363
91.0803
91.0804
91.1585
91.1586
91.8266
91.8267
91.8267
91.8268
91.9505
91.9506
93.062
93.062
93.0739
93.1639
93.3252
94.4042
94.4045
95.1686
95.1693
95.2667
96.1609
98.1692
98.6893
99.081
99.8228
100.105
100.105
100.105
100.106
100.51
101.768
101.917
108.867
108.872
111.663
111.74
113.05
113.05
115.823
115.824
117.463
117.98
121.078
122.223
125.025
125.026
125.237
129.842
