0.363379019
0.926510052
0.344116677
0.471961974
0.962535011
0.824597673
0.327978382
0.939817013
0.08028721
0.768362732
0.049213427
0.315446538
0.099525636
0.531000655
0.634321656
0.365814908
0.890682617
0.584005027
0.494212048
0.447727652
0.964015709
0.67166552
0.927270342
0.691888059
0.782949891
0.671915519
0.363263223
0.201155386
0.846720822
0.384804611
0.065512722
0.967479616
0.756997371
0.067311311
0.526968773
0.135191204
0.742771812
0.537068376
0.284443154
0.566752451
0.553456272
0.121680206
0.24553649
0.601316183
0.64738596
0.64738596
0.441011377
0.30151969
0.517982315
0.190439387
0.970793072
0.400928858
0.227333473
0.061412431
0.37693452
0.390585606
0.868561844
0.135480855
0.400670639
0.193358613
0.577167106
0.053483956
0.341467446
0.27945807
0.536689424
0.231503072
0.834917068
0.816422144
0.697518489
0.262661055
0.789013397
0.434653322
0.997000392
0.021249688
0.542687959
0.045872399
0.481287176
0.896247782
0.806850046
0.529705555
0.927028486
0.461095994
0.228172733
0.917112954
0.039666565
0.42298976
0.997439371
0.301486267
0.385412999
0.403008593
0.789158846
0.309156401
0.507040362
0.74907472
0.642520595
0.932807199
0.010526175
0.364006179
0.223748616
0.978147157
0.584346209
0.052658978
0.854437501
0.889207923
0.594589572
0.800180897
0.50675846
0.379947447
0.074579161
0.034456775
0.982942137
0.476667386
0.752991702
0.560491589
0.715752248
0.32623059
0.89313622
0.23914302
0.007862909
0.798918999
0.566007711
0.726329264
0.355274349
0.230576124
0.393257878
0.822113012
0.868881697
0.976988145
0.919219474
0.616685542
0.029955825
0.40679915
0.389181219
0.29371888
0.250144229
0.05089718
0.004527609
0.008662652
0.698420531
0.410848091
0.716715842
0.836718772
0.873150233
0.299641414
0.3486066
0.337371492
0.211662608
0.791048534
0.162997874
0.671085056
0.448346581
0.111384311
0.55853364
0.060946431
0.151550688
0.497650066
0.475347618
0.524513642
0.676580485
0.849095694
0.509044721
0.238101413
0.382933831
0.244254228
0.528243547
0.051547796
0.840116887
0.986348877
0.867509268
0.077896386
0.033549162
0.316274849
0.528910409
0.885812384
0.040389305
0.057825384
0.898458441
0.669662746
0.617757722
0.045122801
0.051267511
0.387788697
0.623341134
0.067420491
0.105123143
0.326553824
0.451902057
0.471779387
0.920120921
0.654913731
0.315186961
0.373763173
0.058999414
0.018918539
0.47126371
0.581931107
0.07718733
0.300431647
0.223962637
0.984238466
0.147645727
0.38406891
0.479364102
0.76111604
0.341524545
0.332427302
0.869351211
0.49396596
0.003279598
0.699354263
0.34467367
0.562773515
0.541891916
0.756211305
0.398942406
0.372798975
0.899736245
0.870000405
0.039298939
0.498281612
0.835770588
0.662449217
0.872516461
