0
2.48378
4.44921
4.45043
4.76
4.76
5.04564
7.6323
9.75933
10.0059
13.2154
13.5759
14.7857
15.0312
15.1363
15.627
15.7204
16.35
16.35
16.35
18.6729
24.008
24.0134
24.0135
24.213
25.1862
25.1863
25.7008
25.7225
25.7431
26.7088
26.709
26.9969
27.2216
27.5807
27.9022
28.5794
29.0665
31.454
33.2812
33.9468
34.0252
34.0767
34.2593
34.5668
34.833
35.2901
35.32
35.32
35.32
35.32
35.32
35.32
35.7821
36.1521
36.2651
36.2653
36.4588
37.3733
37.3754
37.3756
37.3757
37.5923
37.5924
38.3013
38.5383
38.6123
38.796
39.2572
39.2891
39.3238
39.324
39.344
39.3847
39.4278
40.9406
41.6366
41.9561
42.6033
42.6546
42.6994
42.7961
42.7964
43.4975
44.8861
46.1711
46.1712
48.675
48.9292
48.9293
49.0973
49.0974
49.099
49.2709
49.5349
49.5504
49.5539
49.8698
51.3666
51.3671
51.4973
51.6192
51.77
51.77
51.77
51.7823
51.9011
51.9014
53.3165
53.3517
53.368
53.4219
53.422
53.8563
53.9954
53.9955
54.2641
54.3921
55.522
55.533
55.58
55.6278
55.6388
55.6509
56.1936
56.2254
56.2803
56.3286
56.4277
56.458
56.4799
56.4799
56.9336
56.9548
56.9552
57.0669
57.0712
57.1835
57.1835
57.1836
57.3033
57.4387
57.4673
57.7545
57.7545
57.8507
57.9794
58.0034
58.0035
58.0036
58.0036
58.0038
58.004
58.1876
58.1911
58.2035
58.2063
58.2067
58.2659
58.2766
59.0657
59.2806
59.8955
60.4304
60.4304
60.912
60.9204
61.0567
61.6284
61.637
62.4
63.6566
64.0058
65.3752
66.5754
66.7287
66.8621
66.8621
67.0428
69.0223
69.027
69.0274
69.3113
70.0828
70.9379
71.8266
72.5076
72.5153
72.5156
72.76
72.76
72.8446
72.9864
72.9884
73.01
73.0169
73.0247
73.2375
73.2845
73.3379
74.2172
74.4687
74.6967
74.8999
74.9006
74.9453
75.8955
76.1344
76.1459
76.2649
76.7527
77.6609
77.7021
77.821
78.5333
79.2152
80.2794
80.4474
80.5848
80.6761
81.579
81.6059
82.2117
82.692
82.6926
82.7589
82.9726
83.3799
83.3802
83.4603
83.567
83.5674
83.7976
83.9767
84.4479
84.4511
84.4518
84.7332
84.8832
84.8835
85.0826
85.0917
85.2619
85.38
85.6677
85.7261
85.7638
85.7686
85.7837
85.8563
86.2687
86.4162
86.4179
86.4294
86.4294
86.5496
87.2
87.2
87.2
87.2
87.2
87.2
87.2
87.624
87.6725
88.4465
88.494
88.7395
89.4881
90.1843
91.488
91.4881
92.1965
92.2489
92.3202
92.9107
93.5862
94.3895
94.3897
94.3898
94.9269
95.7
95.7
95.7
95.7299
96.8992
97.4141
97.8083
98.0042
98.0504
98.0504
98.0507
98.0507
98.07
98.07
98.0931
98.0988
98.1143
98.1143
98.2797
98.632
98.8573
99.2015
99.5693
100.1
100.536
100.799
100.865
100.934
101.776
101.819
102.346
102.406
102.895
103.14
103.872
104.29
104.51
104.511
104.511
105.064
105.682
105.885
106.526
107.238
107.26
107.483
107.483
107.904
107.979
107.99
108.27
108.27
108.27
108.27
108.27
108.27
108.27
108.27
108.27
108.27
108.27
108.27
108.308
109.195
109.224
109.366
109.82
109.82
109.82
109.822
109.822
109.833
110.599
110.701
111.427
112.077
112.109
112.11
112.217
112.5
112.57
113.056
113.916
114.304
114.572
114.775
114.949
115.048
115.13
115.623
116.028
116.028
116.125
116.125
116.471
117.023
117.04
117.04
117.32
117.337
118.335
119.016
119.4
121.139
121.283
121.434
121.568
122.162
122.162
122.163
122.198
122.327
122.41
122.794
122.795
122.934
122.935
124.701
124.701
128.1
128.1
128.969
128.969
129.749
129.831
129.831
129.911
129.911
129.911
129.932
130.223
130.9
130.9
131.037
131.372
131.399
132.202
132.244
132.245
132.327
133.094
133.289
133.501
133.922
135.617
135.617
136.194
136.204
136.248
137.768
138.008
140.486
141.061
141.342
141.908
145.795
146.256
146.256
146.258
149.266
151.652
151.852
152.234
152.237
152.695
153.134
154.351
155.06
155.466
155.962
157.69
159.267
160.305
160.787
160.788
163.485
163.62
169.441
169.441
169.441
169.441
169.459
