0.822893338
0.085503305
0.931424057
0.943106449
0.970225718
0.034233534
0.346572793
0.078770587
0.79934659
0.454280842
0.188196599
0.289866657
0.18082968
0.623791187
0.623812411
0.731145547
0.308927563
0.1894808
0.221375995
0.376089989
0.969910032
0.441112115
0.838676519
0.894354496
0.438255647
0.310665554
0.164791707
0.71262246
0.063164878
0.247095766
0.359238504
0.908424678
0.363506894
0.853685919
0.022437434
0.516791817
0.097560216
0.569199468
0.729779043
0.351879304
0.200902993
0.557594124
0.150368209
0.425251039
0.338178843
0.322461971
0.871711034
0.897969434
0.766942197
0.707895474
0.942196158
0.870942923
0.633647389
0.039527097
0.760487639
0.93400461
0.872474723
0.50247399
0.888254872
0.362065733
0.14310093
0.620327715
0.030369948
0.430447999
0.483547417
0.002759342
0.881138988
0.882763639
0.333210003
0.673030565
0.635030078
0.851715475
0.187150348
0.953702697
0.648855665
0.319036114
0.212764674
0.571785108
0.046882625
0.37416525
0.08680873
0.856469237
0.157421514
0.47917584
0.094780229
0.213562122
0.103502991
0.910879666
0.441998046
0.438580859
0.605632031
0.911861409
0.853056242
0.394893193
0.007761443
0.996439054
0.656048895
0.009370529
0.684723894
0.889137676
0.576294477
0.393047749
0.140972491
0.013646757
0.164815194
0.134973224
0.972876002
0.663579434
0.472489292
0.077556047
0.010050568
0.810741265
0.631659182
0.114576593
0.260629321
0.535320666
0.201371583
0.103808063
0.319370166
0.521848139
0.109240814
0.898941101
0.934591998
0.893970058
0.156711447
0.36097236
0.216246711
0.295674304
0.919099219
0.805915188
0.962334889
0.563810596
0.408424356
0.908067668
0.8996591
0.448569147
0.557457232
0.612881999
0.621666229
0.854023465
0.4774957
0.824470151
0.249111814
0.479909675
0.248959182
0.978098283
0.481266613
0.938543508
0.924845259
0.94348037
0.891302702
0.941748376
0.058704393
0.01581285
0.442728588
0.009168161
0.005014777
0.001864436
0.69180543
0.386783334
0.092578644
0.748676048
0.723782599
0.115516789
0.18013988
0.676511493
0.056488381
0.322428496
0.03967194
0.679769968
0.19959768
0.298778966
0.850487164
0.416908777
0.496787127
0.27888308
0.804926264
0.967907712
0.79785506
0.786953817
0.782613301
0.706456361
0.954680048
0.577295087
0.335715496
0.47809767
0.327326596
0.081949371
0.992606404
0.393151478
0.70030186
0.970458295
0.360059433
0.563199863
0.004842242
0.975622736
0.130479521
0.021724263
0.018967794
0.48695865
0.221062906
0.690934989
0.488712179
0.967326417
0.102887605
0.556183629
0.930836798
0.003428289
0.115357106
0.141313783
0.280909372
0.014953846
0.47742781
0.323633567
0.991524905
0.050697229
0.328276864
0.837436277
0.922315238
0.926117436
0.007755854
0.324248575
0.075138351
0.926878093
0.642724014
0.719823575
0.655957213
0.339771045
0.529172185
0.639763866
0.8683066
0.958895315
0.788409439
0.405655774
0.560713229
0.354364742
0.401178959
0.335499819
0.038231681
0.032174774
0.040254395
0.380400517
0.476394034
0.519740578
0.938779381
0.354989296
0.335311104
0.588063189
0.596102041
0.455916686
0.002264962
0.921951
0.958643433
0.746901172
0.669724471
0.705049304
0.026960417
0.066017114
0.762815727
0.078394549
0.598969755
0.108842737
0.000859236
0.525355342
0.338467915
0.041406728
0.191444003
0.937234642
0.048098143
0.153614151
0.475164412
0.674796419
0.40803422
0.327037735
0.421237552
0.584924288
0.001123922
0.768541603
0.75135937
0.657814372
0.733110585
0.001268031
0.57704277
0.998963247
0.280481039
0.565998752
0.094734114
0.011454919
0.692441361
0.622417862
0.723455249
0.175918355
0.472130666
0.888073796
0.957474798
0.519236135
0.26559799
0.959960817
0.955901649
0.757782611
0.699985603
0.729997737
0.240276565
0.053487888
0.655397985
0.804536769
0.859671979
0.273418306
0.50844966
0.188917335
0.292826371
0.117730377
0.817310502
0.893814806
0.299312101
0.882453468
0.149007539
0.557712077
0.3468809
0.616135613
0.756142199
0.309076578
0.88231191
0.79770573
0.289821227
0.283550438
0.856512298
0.08644487
0.114117147
0.941533751
0.078904524
0.388149231
0.835224711
0.662953785
0.924654485
0.446769251
0.509031282
0.051204823
0.505203972
0.890137514
0.856939894
0.470230717
0.310726805
0.399416462
0.879686529
0.006410032
0.894473733
0.317317789
0.922741162
0.764328544
0.777219326
0.816804882
0.631448372
0.092317122
0.240090193
0.881606353
0.1392333
0.293863267
0.765188505
0.744639541
0.372593801
0.427840486
0.031395581
0.486161705
0.557767362
0.721848202
0.119022975
0.448664837
0.496665322
0.055499828
0.93312308
0.497803367
0.332380985
0.23882867
0.437622706
0.545512193
0.749599808
0.318593509
0.03196773
0.083089888
0.699020291
0.414432835
0.183063895
0.865007142
0.700997354
0.106550061
0.080166559
0.986186193
0.908922177
0.135910411
0.451562409
0.046253309
0.242764786
0.529132485
0.579335963
0.399359795
0.676699745
0.004361522
0.69496752
0.090003282
0.443858891
0.369227316
0.199511839
0.331271477
0.610660846
0.293992846
0.907276663
0.421886544
0.991605275
0.703423603
0.763919303
0.857670876
0.522949416
0.627266166
0.926399081
0.535108156
0.110385517
0.221459058
0.368033684
0.136053067
0.851119422
0.123566832
0.096126241
0.896080053
0.275042735
0.679802285
0.924552585
0.281948821
0.618869618
0.287062544
0.80687095
0.051696761
0.052980648
0.468945285
0.858695292
0.24212239
0.624152487
0.694718093
0.537402171
0.739249078
0.412388396
0.241719336
0.090789879
0.880393
0.830962374
0.68792484
0.190717183
0.167936618
0.920871727
0.989819468
0.214402489
0.331533019
0.107533961
0.492622599
0.001269013
0.027090348
0.952681554
0.205158598
0.936134826
0.891494295
0.957786377
0.845094486
0.842933923
