2.57763
9.00652
10.1542
10.3
10.7676
11.4406
17.141
17.2018
17.5814
17.5815
19.9938
22.0693
22.2221
22.7412
25.9043
27.6845
27.9527
28.5234
28.9584
30.7322
30.7324
31.3223
31.5184
31.5191
32.1332
32.1336
32.15
32.15
32.15
33.6767
34.979
35.2722
35.4434
35.4438
35.4439
35.4676
36.5078
36.6363
38.5316
38.7401
39.5875
42.0109
42.6654
42.6658
42.8495
43.2449
43.867
44.0563
44.18
44.3553
44.4691
45.3229
47.4441
49.3366
50.91
50.9501
50.9505
51.0352
51.1097
51.4895
51.624
51.6241
52.31
52.7782
52.9519
53.4159
53.5316
53.6315
56.6028
56.916
56.9162
57.3224
57.3225
57.4981
58.221
58.3509
60.264
60.6226
61.1049
62.2053
62.3
62.4115
62.9194
65.4295
65.5508
66.292
67.04
67.9133
69.4549
69.9355
72.0379
72.6991
73.5208
73.5208
73.7852
74.32
74.375
76.6218
78.947
78.9782
79.1314
79.2233
79.2299
79.2628
79.3751
79.5129
79.558
79.5583
79.5934
79.6194
79.6195
79.8532
79.8532
79.9549
79.9774
80.0741
80.2078
80.3961
80.4204
80.4204
80.4319
80.4977
80.8977
83.4738
85.5747
86.5332
88.9044
89.3122
90.5981
90.8549
90.9439
91.5699
92.9694
93.3882
93.4312
93.4611
93.4639
93.4721
93.5502
96.4401
98.3919
99.5367
99.5372
101.042
101.492
102.34
102.341
102.874
102.874
102.874
103.241
103.531
103.961
104.203
104.387
105.614
105.875
106.23
108.613
109.915
113.59
113.614
115.155
116.173
124.605
132.958
