0.63685091
0.803665577
0.33515749
0.40225934
0.124012717
0.643040417
0.978918823
0.973137075
0.944494541
0.765307909
0.619412674
0.586713903
0.642163242
0.264062561
0.763000695
0.682861592
0.814758148
0.527225021
0.894961225
0.611534674
0.744476698
0.84171176
0.713049842
0.91867783
0.431651766
0.109978063
0.73272889
0.965439143
0.401065297
0.400057977
0.44933112
0.548206183
0.939541197
0.939541197
0.801478407
0.699099659
0.305109339
0.708873649
0.988606144
0.662450692
0.051580845
0.534538652
0.773223925
0.689482064
0.212661227
0.124999966
0.222140768
0.483709521
0.615081631
0.376343915
0.633829968
0.578134442
0.291637843
0.420192226
0.323203915
0.854828647
0.805729179
0.398469319
0.83344327
0.439799959
0.618998332
0.65764107
0.09921317
0.85388915
0.193892108
0.269172439
0.440474039
0.370510166
0.516282778
0.219407144
0.290153349
0.493880776
0.512576609
0.409724659
0.488733509
0.760225438
0.409851165
0.652527839
0.838191808
0.732087378
0.505658578
0.58530442
0.114432096
0.656682222
0.3152017
0.473772203
0.769882335
0.261979398
0.077164304
0.950331627
0.345782981
0.235833167
0.560636365
0.171264696
0.594136156
0.655870252
0.553722773
0.790469864
0.834075788
0.489551824
0.18299135
0.058292633
0.16306663
0.85401193
0.962582166
0.20901786
0.631907683
0.868673057
0.710692109
0.605839181
0.776073039
0.944959574
0.097902924
0.821650535
0.680456817
0.642428937
0.552357311
0.80084897
0.669792981
0.751800612
0.244548062
0.965821047
0.80688091
0.118325081
0.555951022
0.850180584
0.388310269
0.407471655
0.594585583
0.406320087
0.998563673
0.775784495
0.476098711
0.984363288
0.294166681
0.043188137
0.126300314
0.140756371
0.168991358
0.398725798
0.376134582
0.674170501
0.607412246
0.33130371
0.573479191
0.295998584
0.060399745
0.244660209
0.604521519
0.814289102
0.632800673
0.48430645
0.546476424
0.303475119
0.987339502
0.345983607
0.410956016
0.872278288
0.232061235
0.632786642
0.445705479
0.802963405
0.385172778
0.394083756
0.431819661
0.265407996
