3.45088
5.96699
8.43211
9.23795
12.0219
12.0452
13.0468
13.067
13.7187
14.1555
17.5599
19.1968
21.7588
23.3508
24.2158
24.2227
24.2231
24.3958
24.6047
24.7574
25.4752
25.5656
25.7274
26.1966
26.1967
27.4574
27.6673
27.9503
32.5391
34.9358
35.581
37.3746
37.4113
37.48
38.5031
38.9415
38.9879
39.0881
39.1499
39.1758
39.4626
40.0605
40.4668
40.7071
41.2054
41.324
41.3249
41.5226
42.7622
42.7629
43.6636
43.6639
44.5081
44.5969
44.5973
47.7542
47.7544
47.7545
47.7546
47.8576
48.1202
48.1203
48.1674
48.1676
48.3484
48.3903
48.4086
48.4088
48.9345
48.935
48.935
48.9354
49.4957
49.496
49.497
50.5978
50.9423
53.1183
53.1373
53.3124
53.7319
53.9797
53.9953
54.1327
54.2722
55.1926
55.1929
55.1935
55.5254
55.5441
55.5441
55.7515
55.87
55.87
55.87
55.87
55.87
55.8904
56.0336
57.5906
57.6079
57.95
61.5599
61.8284
61.8289
62.4836
62.8678
64.0047
65.5013
66.0686
66.2086
66.2086
66.2087
66.2336
66.2665
67.0101
68.4469
68.6282
68.9
68.9
69.0108
69.3578
71.6685
71.7326
71.7509
71.7855
71.8031
71.8102
71.8264
71.885
71.9693
72.17
72.42
72.55
73.5051
77.1181
77.15
77.15
77.15
77.5858
77.586
77.73
77.73
77.8471
77.8472
78.05
78.2743
79.7242
80.0656
80.0665
80.3443
80.9
81.8998
82.2139
82.3711
82.5928
83.07
83.6336
84.2002
85.0434
85.1167
85.1172
85.1224
85.1633
85.2567
85.2849
86.3129
87.8903
88.2645
88.6997
89.1412
89.2902
89.2904
89.291
89.5316
90.064
90.6473
90.8795
91.2916
91.2917
91.2917
91.6919
91.7111
91.7652
91.8871
92.0293
92.1459
92.5773
92.7058
92.7729
92.9875
93.7176
93.8696
94.0657
95.1422
95.8677
96.1834
96.1888
96.9949
97.0555
97.269
97.3648
97.3656
97.4054
97.427
97.4358
97.64
98.5454
98.603
98.722
99.0655
99.4054
99.4887
99.5046
99.5118
99.5118
99.62
99.62
100.336
100.812
100.861
101.456
101.506
101.82
101.82
101.961
102.461
102.772
103.232
103.36
103.375
103.397
103.583
103.583
103.583
103.583
103.697
103.738
103.925
104.356
104.536
104.537
104.617
104.697
104.733
104.929
104.942
104.942
105.007
105.121
105.535
105.535
105.693
105.694
105.832
106.307
106.883
107.16
107.16
107.16
107.16
107.218
107.561
107.598
107.867
107.939
107.95
108.314
108.319
108.319
108.322
108.329
108.36
108.904
111.372
111.803
112.81
113.779
113.882
113.929
114.064
114.145
114.202
114.932
115.416
116.095
116.095
116.32
117.042
117.226
117.616
117.616
117.622
117.623
117.676
117.725
117.839
117.981
118.104
118.104
118.498
118.498
118.707
118.751
118.846
118.89
118.899
118.954
119.012
119.043
119.058
119.211
119.338
119.695
120.179
120.468
120.579
120.607
120.795
121.019
121.571
121.75
121.85
121.85
122.465
122.465
122.625
122.63
122.682
122.731
122.731
123.3
123.3
123.327
123.373
124.096
124.195
124.284
124.959
125.111
125.264
126.228
126.228
126.259
126.582
126.733
126.733
126.733
127.135
127.197
127.921
128.88
128.886
129.448
129.448
129.761
130.9
130.9
132.11
132.11
132.11
132.118
132.13
132.174
132.182
132.296
132.296
132.534
132.905
132.955
132.956
133.39
133.672
133.736
135.38
135.38
135.38
135.423
136.56
136.56
136.56
136.56
136.56
136.56
136.563
137.54
137.54
137.629
137.629
137.846
138.551
138.707
139.098
139.111
139.52
139.681
139.713
139.716
139.838
139.89
139.9
140.009
140.338
140.579
140.58
140.599
140.783
140.783
142.09
142.09
142.09
142.09
142.09
142.09
142.09
144.323
145.53
145.761
145.906
145.986
146.072
146.073
146.729
146.729
147.671
147.765
147.891
150.446
150.796
150.815
150.911
151.201
152.605
152.605
152.606
152.643
152.696
154.465
154.495
154.672
155.722
156.376
156.389
156.389
156.467
157.51
157.51
158.613
158.899
158.938
159
159.258
159.258
159.258
159.378
160.254
160.297
160.82
160.91
160.91
161.93
161.93
161.93
163.595
163.896
164.83
164.83
164.83
164.832
165.593
165.594
165.594
165.594
165.677
165.75
165.757
165.976
165.976
165.976
165.999
167.059
167.172
167.172
167.584
167.584
168.614
169.68
170.456
171.764
171.82
172.597
172.856
172.933
172.933
173.005
173.406
173.407
174.656
174.695
174.833
174.873
174.873
174.902
174.902
174.989
175.817
176.007
176.136
176.25
176.25
177.002
177.042
177.075
177.157
177.374
177.985
178.052
178.18
178.201
178.412
178.47
178.47
178.47
178.996
178.996
178.997
179.004
179.16
179.949
180.096
180.096
180.51
180.51
181.718
182.247
182.812
182.812
183.808
184.627
184.648
184.648
185.322
185.322
185.363
185.585
185.694
186.29
186.29
186.301
186.351
186.452
186.452
186.498
186.498
186.76
186.892
187.005
187.006
187.006
187.541
187.748
187.766
187.766
188.112
188.112
188.27
188.271
188.428
188.456
188.456
188.456
188.718
188.718
189.144
189.15
189.15
189.196
189.236
189.386
189.387
189.577
189.577
189.62
189.62
189.62
190.076
190.186
190.337
190.42
190.5
190.501
190.501
190.504
190.775
190.85
191.296
191.78
191.838
192.399
192.399
192.747
193.057
193.574
193.598
193.823
193.848
193.848
193.848
193.927
194.379
194.963
194.98
194.98
194.98
195.048
195.6
195.997
197.17
197.622
198.805
199.378
202.177
204.359
204.384
204.813
204.814
205.427
207.124
209.38
209.793
210.927
211.293
211.914
211.914
211.914
212.074
212.681
213.298
213.359
213.359
214.44
214.44
214.44
214.44
214.44
214.44
214.858
215.261
216.025
217.167
217.167
217.168
217.168
219.23
219.23
219.264
219.299
219.309
219.582
220.176
220.184
221.424
221.857
222.767
222.768
223.12
223.57
223.84
223.84
224.024
224.395
224.501
224.501
224.803
224.823
225.102
225.102
225.316
225.63
226.107
226.11
226.375
226.58
226.58
226.58
226.733
227.392
227.392
227.48
227.701
227.702
227.989
228.82
228.853
228.855
229.099
229.107
229.108
229.327
229.515
230.484
230.6
230.742
231.165
231.822
231.87
231.871
232.487
232.519
233.15
233.329
233.329
233.338
233.338
234.69
235.295
235.37
235.382
237.535
237.825
237.855
238.858
238.971
239.41
239.94
239.94
240.764
241.229
244.227
245.561
246.069
246.069
246.069
246.509
247.008
248.326
248.619
250.124
251.696
253.421
254.086
254.087
255.25
255.356
255.356
255.754
258.06
258.49
259.514
259.516
259.97
260.659
261.142
261.584
261.733
261.733
261.837
263.912
267.671
269.294
269.299
269.299
270.697
271.979
272.851
274.019
274.27
274.27
