0.923257465
0.877062488
0.021319725
0.798613346
0.8062062
0.076801224
0.815537352
0.490693752
0.695519632
0.037471278
0.103995378
0.395571999
0.195578422
0.85451692
0.542054387
0.822854222
0.749384723
0.684757376
0.674735865
0.069573331
0.85955983
0.645628901
0.835523954
0.596385598
0.404609242
0.272543829
0.197394507
0.055332561
0.318175746
0.324965238
0.444082001
0.30516135
0.20343799
0.874567539
0.144369359
0.13176719
0.776992838
0.38375099
0.053949801
0.620274405
0.883926497
0.53902073
0.15224076
0.518792985
0.102332422
0.900304248
0.798362816
0.558018648
0.372616171
0.764182546
0.545881627
0.527950982
0.224966153
0.989335108
0.338893148
0.587871263
0.82966825
0.829241818
0.711821081
0.462670508
0.769638514
0.809881358
0.847059164
0.765428032
0.418093179
0.328498167
0.7600538
0.504856902
0.049689141
0.330717215
0.216944508
0.330717215
0.987676647
0.971197536
0.781061375
1
0.410445875
0.523966016
0.975302717
0.845308245
0.680080881
0.656697284
0.386742698
0.519739634
0.524157643
0.965475534
0.962180414
0.774325813
0.00503104
0.89008914
0.729831714
0.135933589
0.433896605
0.73861345
0.315419158
0.051615506
0.358326713
0.133288981
0.345770862
0.622609651
0.040551444
0.474329426
0.610405531
0.904369611
0.519495826
0.234488311
0.651565478
0.434648371
0.526828072
0.154687992
0.542988083
0.418108802
0.282724862
0.283193756
0.532210397
0.389571656
0.091214893
0.297974617
0.117627249
0.166884657
0.625701842
0.918932865
0.434853698
0.955419687
0.0624575
0.222413229
0.639730914
0.501548802
0.417787088
0.406027949
0.716197933
0.326175323
0.1383142
0.028513163
0.532894282
0.56812817
0.39092792
0.299757692
0.312829243
0.305053702
0.660669546
0.180808531
0.206806892
0.896369577
0.460032233
0.265586553
0.633929348
0.32663486
0.25225936
0.2599486
0.916866114
0.883713303
0.519829525
0.793423004
0.676191537
0.499596059
0.400477106
0.704650835
0.519027635
0.195678426
0.333077585
0.417733239
0.362218472
0.099042396
0.886848
0.862737023
0.784938248
0.671725818
0.885911982
0.570893454
0.902017348
0.342356727
0.109052331
0.202867204
0.965307627
0.079024329
0.474332404
0.108809712
0.00980828
0.103900171
0.103874465
0.834774262
0.826465305
0.054012069
0.536045994
0.426962597
0.332039962
0.321789734
0.746731626
0.686041251
0.420463142
0.606577274
0.101688339
0.752834692
0.863309577
0.01601917
0.982150223
0.699459181
0.321479327
0.246984089
0.308828219
0.046783221
0.153369139
0.525428752
0.410943741
0.296839804
0.776257269
0.701815637
0.666725597
0.886821978
0.894680723
0.415369936
0.443970638
0.335805283
0.21545441
0.198609662
0.828982766
0.549869788
0.753071593
0.346966195
0.168751778
0.203490446
0.733113285
0.821434694
0.242644326
0.915565285
0.556220793
0.351697926
0.061017639
0.233223268
0.262494981
0.720879845
0.381151201
0.377742157
0.399709213
0.410002175
0.599673619
0.476853373
0.641881375
0.364812278
0.979120141
0.77349376
0.908016204
0.748697981
0.534930313
0.372904324
0.423464646
0.082402597
0.505494136
0.808027025
0.717455518
0.78190575
0.459513668
0.937360524
0.595296216
0.792778378
0.228533079
0.389249429
0.622816551
0.963110745
0.478350842
0.714805552
0.332084539
0.831940076
0.2534925
0.311524364
0.731533473
0.955638247
0.823353751
0.750832012
0.885585299
0.01262269
0.553360363
0.946338067
0.241597846
0.499200961
0.475327888
0.683491328
0.731997463
0.952086041
0.089927872
0.479852388
0.948582694
0.226886346
0.094697683
0.063424876
0.182548012
0.795774261
0.571607963
0.367115983
0.03521414
0.113790908
0.019178805
0.029594051
0.378183579
0.48117725
0.624216509
0.005626937
0.75698226
0.315540628
0.826525324
0.267791472
0.25239143
0.548659025
0.808965669
0.261820475
0.947111009
0.981137412
0.781516762
0.878347072
0.289490815
0.066501971
0.220783227
0.265107559
0.009475623
0.92947865
0.28913177
0.65612488
0.102269487
0.558156847
0.651212554
0.102983442
0.29412788
0.942888788
0.269701487
0.543883883
0.950080655
0.352410582
0.94588401
0.045927204
0.490376658
0.730606776
2.81e-006
0.614988653
0.186559284
0.155965762
0.693169559
0.85171677
0.94100003
0.223008534
0.113304496
0.384028114
0.834056955
0.733950757
0.65363635
0.324955447
0.188770596
0.17270415
0.273801475
0.868397377
0.793237735
0.751968272
0.649871839
0.072517103
0.069853365
0.759698374
0.270437815
0.79966009
0.728864045
1.42e-006
0.249044919
0.35335952
0.233087408
0.504802693
0.874077074
0.806974231
0.035037128
0.576690969
0.472807145
0.589921249
0.648835591
0.424606461
0.983047387
0.695423413
0.192816325
0.812844472
0.614286896
0.692133576
0.451971621
0.449866414
0.316364555
0.352792684
0.399848945
0.746369917
0.315510017
0.723596073
0.890228344
0.887783166
0.66244811
0.903208147
0.748885507
0.736644008
0.624582243
0.26654986
0.855273824
0.848022831
0.052628888
0.052395929
0.831602287
0.716231918
0.166201473
0.65566217
0.762198005
0.556898045
0.49498051
0.402559064
0.29179579
0.967044776
0.506609476
0.857311295
0.93667602
0.511022514
0.113674931
0.677555157
0.190722472
0.919651342
0.697788005
0.972721589
0.32751739
0.016194529
0.925355677
0.960796448
0.329822911
0.419782398
0.09471309
0.530515048
0.442125971
0.558268319
0.094094376
0.565016402
0.001109998
0.025382947
0.24664783
0.712530942
0.697079478
0.742441507
0.507495243
0.690362354
0.689519239
0.422862168
0.72392167
0.972144641
0.131356725
0.970048903
0.005502482
0.450475002
0.112078362
0.873532941
0.500913801
0.037132489
0.55102106
0.342219484
0.389586313
0.818605689
1
0.92209566
0.858855824
0.816277066
0.607201521
0.440171318
0.386391603
0.104627044
0.194292697
0.95246815
0.213480515
0.012593425
0.228252089
0.004723454
0.021114012
0.527551743
0.778598781
0.717675032
0.330886388
0.617303114
0.085174254
0.609722955
0.198624527
0.075415469
0.403068782
0.099918943
0.84582563
0.655226981
0.541373158
0.817632359
0.830614644
0.389468142
0.326782782
0.763974534
0.791192967
0.87295203
0.944285786
0.724486404
0.684999136
0.930923524
0.851486134
0.853419731
0.005776345
0.471052726
0.866304431
0.888528029
0.049132787
0.000696663
0.419862977
0.077109903
0.57655882
0.264255714
0.969192946
0.218707097
0.558692592
0.993885105
0.085094283
0.379537928
0.156212222
0.479008966
0.710951355
0.146538471
0.788955412
0.271871444
0.956512923
0.828321348
0.35412151
0.302298043
0.304041328
0.293853749
0.856124782
0.876036107
0.473578483
0.672743062
0.676589838
0.218408058
0.12790906
0.971223874
0.915933478
0.113832417
0.634692125
0.489842431
0.034839452
0.090582696
0.480345082
0.622502733
0.707593996
0.897861745
0.712047687
0.962346216
0.30587838
0.160280039
0.70108424
0.887021269
0.160357331
0.976411182
0.080862364
0.121807974
0.616673373
0.306373082
0.722233109
0.739713729
0.948656461
0.478318783
0.467815552
0.955312503
0.419478815
0.062498069
0.032196005
0.49431018
0.184315631
0.595388979
0.887060003
0.031349671
0.282577244
0.152380786
0.920476869
0.482832522
0.801200835
0.759917606
0.013411599
0.154973873
0.047294071
0.084127267
0.24682686
0.635684398
0.687449219
0.910628242
0.140692984
0.482126635
0.14488649
0.561679331
0.384611957
0.237956928
0.301939375
0.844610528
0.00289124
0.009897979
0.02003228
0.370289418
0.422569708
0.558071297
0.413377769
0.989146968
0.983312583
0.98787887
0.890683272
0.440488859
0.273308494
0.766408428
0.23087804
0.062003
0.896410862
0.223720416
0.760492298
0.287391827
0.042655591
0.921759828
0.014923132
0.241157125
0.844608211
0.467140293
0.500595895
0.091420597
0.901894965
0.344235553
0.139537143
0.126392991
0.277003645
0.51236586
0.734995498
0.729987058
0.211372434
0.581916338
0.444369587
0.437401981
0.944929571
0.589676431
0.683359468
0.580382758
0.442756824
0.770222751
0.022127876
0.039364818
0.573996658
0.440434156
0.205613031
0.858743703
0.371576021
0.827186219
0.885452929
0.982179825
0.603935389
0.58910822
0.730406972
0.288960097
0.288391543
0.534891533
0.732820602
0.847632938
0.411712091
0.654129996
0.551183142
0.704877186
0.475319673
0.501510151
0.590659031
0.794835336
0.578414308
0.867588668
0.345400119
0.686717916
0.719497933
0.089775601
0.433782176
0.959326525
0.739247249
0.755325634
0.349677861
0.259186414
0.726925929
0.053230079
0.200353834
0.297281503
0.052198709
0.767113387
0.110283732
0.679622527
0.11759271
0.792334202
0.661038128
0.800813327
0.163021636
0.11550792
0.565755108
0.162648281
0.223879515
0.811551792
0.704707226
0.853246715
0.324964655
0.345369129
0.959806616
0.785576365
0.342856329
0.738843588
0.159343402
0.70253856
0.997062308
0.694587371
0.868521206
0.656372223
0.923636005
0.12658167
0.920763282
0.822530291
0.953752437
0.612318052
0.936622397
0.486171856
0.445613286
0.487298409
0.975292771
0.450216322
0.279807873
0.40673636
0.41832989
0.432777428
0.813001042
0.489798347
0.469856441
0.506259013
0.754263445
0.425445031
0.326297787
0.558494295
0.018200312
0.069784452
0.065840742
0.575418825
0.221696038
0.548720356
0.149803852
0.569948686
0.084499588
0.474384987
0.301152109
0.290222321
0.42434775
0.931954773
0.649477192
0.140159142
0.460381487
0.585927133
0.010581699
0.641651912
0.671849653
0.181040304
0.338756689
0.139825188
0.277865861
0.277865861
0.832461722
0.920348401
0.706593752
0.848336243
0.86422095
0.745317006
0.002029538
0.531541706
0.941837442
0.202951776
0.748864898
0.684245099
