4.20572
4.22651
4.23638
7.61691
9.37775
9.48698
9.74721
10.0426
13.41
13.41
13.41
13.41
13.4431
14.4902
14.5511
14.9563
15.007
15.0515
15.3071
15.4107
15.8814
19.1275
19.1921
19.1926
19.2287
19.5012
19.556
19.6834
19.6836
19.8397
19.9279
20.207
20.2073
20.3654
20.8728
21.6797
23.2245
23.7298
23.7901
23.7906
24.9444
25.4108
25.4712
25.5466
25.9885
26.4241
26.4309
26.4386
27.8491
29.3706
29.5945
29.5948
29.69
30.5231
31.4058
31.406
31.4234
31.4237
33.6736
34.2017
35.1668
35.3275
35.4155
35.4161
35.6516
36.2411
36.2686
36.3653
36.389
36.3891
36.4582
36.5217
37.5262
38.12
38.4118
38.4578
38.4799
38.7018
38.7987
39.3395
39.4068
39.47
39.8981
39.8988
41.2506
41.3209
41.4205
41.589
41.7798
41.7804
41.7858
41.8144
41.9092
42.0936
42.1146
42.2056
42.5647
42.5798
42.5878
42.6486
42.6486
42.67
42.8313
42.9218
42.9368
43.0389
43.0586
43.1196
43.2335
43.268
43.3703
43.4008
43.4412
43.5114
43.5258
43.6831
44.0595
44.1983
44.5252
44.6967
44.9532
44.98
45.0895
45.0897
45.3137
45.42
45.619
45.6372
45.6577
45.7459
46.06
46.06
46.06
46.9716
49.0985
49.1405
49.1406
49.1409
49.8713
49.9173
49.9586
49.9616
50.0567
50.79
50.79
51.0638
51.0907
51.2314
51.2434
51.7822
53.2347
55.3736
55.3877
55.5095
56.6241
57.3933
58.4145
58.8606
58.9586
58.9957
59.6643
59.8825
59.9965
60.0744
60.099
60.1034
60.1803
60.2445
60.2445
60.2451
60.3073
60.3077
60.3804
60.6153
60.9131
61.6573
61.7429
61.7982
61.7983
61.7985
61.8832
62.0588
62.1815
62.2257
62.5363
62.6005
62.8848
62.9445
62.945
62.9552
64.6639
64.9144
65.4476
66.3357
66.3845
66.49
66.49
66.49
66.49
66.6359
66.9137
66.9709
67.3014
68.0492
68.293
68.2943
68.2943
68.7751
69.27
69.5779
69.5783
69.6365
70.1457
70.3403
70.3404
70.3404
70.4173
70.6227
70.6542
71.4754
71.9763
72.3167
72.4151
73.02
73.9671
74.1173
74.8393
75.4909
77.4967
77.8382
77.9845
78.1018
78.507
78.5166
78.7033
78.7706
79.1357
80.4008
80.5131
80.6034
80.6061
80.6557
80.6862
81.2316
81.2799
81.3628
81.4179
81.46
81.8891
81.8891
81.9433
82.1964
82.3219
82.4185
82.5153
82.5154
82.6118
82.7032
82.7032
82.8948
82.8956
83.284
83.313
83.3131
83.3483
83.3484
83.3707
83.4703
83.5051
83.508
83.6484
83.7343
83.7346
83.8167
84.31
84.9117
85.1339
85.1342
85.42
85.42
85.42
86.038
86.0382
86.4356
86.54
86.54
86.54
86.5742
87.2474
87.854
88.5029
88.5331
88.6887
90.0574
90.7496
90.7506
93.7743
93.828
94.5635
94.9224
94.9225
95.011
95.0482
95.9459
96.7572
97.1653
97.5073
98.544
99.0373
99.0376
99.0907
99.0918
99.092
99.2932
100.268
100.271
100.272
101.493
102.163
102.42
102.717
103.621
104.923
105.025
105.487
106.154
106.76
107.072
107.073
107.098
107.43
107.849
108.528
108.568
109.003
109.087
109.087
109.087
109.087
109.636
112.044
112.185
112.547
112.812
115.108
115.928
115.928
117.045
117.454
121.747
121.856
122.068
122.068
122.069
122.128
122.41
122.82
140.626
