0.961251089
0.984123979
0.977648737
0.021469959
0.948514913
0.241505243
1
0.692457354
0.543517905
0.499603116
0.570224462
0.50479266
0.749170892
0.965865823
0.757667
0.963851789
0.397602343
0.437519467
0.538978437
0.740938309
0.886845671
0.425239394
0.986220925
0.981754326
0.312239968
0.955822946
0.900312662
0.972072003
0.692091088
0.558743138
0.314787239
0.133931642
0.020764842
0.500394406
0.659689987
0.343097397
0.238474517
0.734133461
0.340739784
0.391255842
0.980950395
0.138624614
0.523282463
0.795779794
0.008411058
0.49157669
0.577110321
0.647571299
0.534868978
0.459203235
0.06671507
0.91362013
0.466624072
0.656480644
0.163987712
0.529765423
0.848421373
0.972534993
0.494448004
0.047301172
0.042743065
0.154359084
0.21950463
0.733719291
0.727821525
0.478969256
0.35273255
0.733116423
0.297798595
0.634211268
0.288853984
0.756737332
0.496979707
0.674252702
0.231616878
0.60312561
0.435927981
0.252340294
0.452395528
0.299538904
0.842001762
0.595986619
0.40811914
0.159768131
0.542500404
0.715926568
0.444385872
0.024046055
0.431171349
0.734699892
0.232368103
0.345808661
0.882245324
0.323474321
0.918845257
1.72e-005
0.777585673
0.38113438
0.317578614
0.201490823
0.472383016
0.1380455
0.29213479
0.543337286
0.02460284
0.182452006
0.251501813
0.287329934
0.404671034
0.899653823
0.717217994
0.562248404
0.103501464
0.717397826
0.705369302
0.154151119
0.277020895
0.869601249
0.942837365
0.535243806
0.066462094
0.638916944
0.851167403
0.402242673
0.637772936
0.295297308
0.44571066
0.298771794
0.990181558
0.750012212
0.973145105
0.988365954
0.48294744
0.525080498
0.440042292
0.132298419
0.277250122
0.259778498
0.832036142
0.338501089
0.203540702
0.611164596
0.327098269
0.357809341
0.476173447
0.254282695
0.810943263
0.850349643
0.380154462
0.559758998
0.797495015
0.564853666
0.825160652
0.352065786
0.240177457
0.621012939
0.223195874
0.934365784
0.994796391
0.034934501
0.106250116
0.878347934
0.789141305
0.501452339
0.81953047
0.834699094
0.581746541
0.695665972
0.701744956
0.923860653
0.100841734
0.100715369
0.661032862
0.647059944
0.145688409
0.454255306
0.682080242
0.712503788
0.256144575
0.888951054
0.937865612
0.60680172
0.365890027
0.855542548
0.684877948
0.829824552
0.958842204
0.34834442
0.386462019
0.316776547
0.453192857
0.755799174
0.227823073
0.412012253
0.028900846
0.138099197
0.654298298
0.248041527
0.267333178
0.961562126
0.658863869
0.322673495
0.253492397
0.757314926
0.865998623
0.474178993
0.161071343
0.758097657
0.280510967
0.209213081
0.492173101
0.531179479
0.963650182
0.394699585
0.448880245
0.230081829
0.775350366
0.674457248
0.669451948
0.192191068
0.040588969
0.951060246
0.627493022
0.731276132
0.136438173
0.752265121
0.702747475
0.569559364
0.495898432
0.002731037
0.52135124
0.524907943
0.414473231
0.712197894
0.858534093
0.963277993
0.540512848
0.991611146
0.050232449
0.75537643
0.895430996
0.507403988
0.784112358
0.587281758
0.023738666
0.47554668
0.410795571
0.023160109
0.948673089
0.70017956
0.104702681
0.929365641
0.153776221
0.261681474
0.121729022
0.692036413
0.370757744
0.247964329
0.320485568
0.984350021
0.903179509
0.757754417
0.300010165
0.919939824
0.71145826
0.686860186
0.38870202
0.431199359
0.724651844
0.495827696
0.360107054
0.294446148
0.00039917
0.89003824
0.816424452
0.561144083
0.535773762
0.164220701
0.608172465
0.721067041
0.768127442
0.14993976
0.210545227
0.220551359
0.034895595
0.034895595
0.394647005
0.35634423
0.080978252
0.213532828
0.201383496
0.421964871
0.44943186
0.203302291
0.268216845
0.742582689
0.707047801
0.706088891
0.074352119
0.485878845
0.503979597
0.51519044
0.199649648
0.665328066
0.108125421
0.595228466
0.445554479
0.925150616
0.347347378
0.629367912
0.347934949
0.138788246
0.067163332
0.165580682
0.678608989
0.500071375
0.500071375
0.164215438
0.364868195
0.635077814
0.9298105
0.413287805
0.330099783
0.860275072
0.99346556
0.738756146
0.703530455
0.583013988
0.582665835
0.417062968
0.275576702
0.453017687
0.405186831
0.942023719
0.862346445
0.153325052
0.648527494
0.894948233
0.48219142
0.871680608
0.812275782
0.291707171
0.374653013
0.922122627
0.87851765
0.908922155
0.859197365
0.381033901
0.809798471
0.522070556
0.241451995
0.24905653
0.406899472
0.668172522
0.029626683
0.611428913
0.291543719
0.444201301
