Probe_set	Phy_position	Chiptype	num_AA	mean_AA	std_AA	num_AB	mean_AB	std_AB	num_BB	mean_BB	std_BB
 1749981	14919559	chip2	42	0.91236	0.0259	16	0.52144	0.07164	0	NA	NA
 1654373	15268577	chip2	1	0.998	NA	5	0.5332	0.03133	50	0.01866	0.02784
 1680777	15276762	chip1	0	NA	NA	0	NA	NA	58	0.11617	0.08206
 1671443	15474749	chip1	0	NA	NA	19	0.50437	0.07117	24	0.19763	0.0233
 1676020	15510409	chip2	0	NA	NA	0	NA	NA	58	0.02003	0.01331
 1708986	15570730	chip1	58	0.9825	0.02451	0	NA	NA	0	NA	NA
 1702725	15575867	chip2	0	NA	NA	0	NA	NA	58	0.01414	0.02212
 1708272	15691027	chip2	1	0.948	NA	5	0.4452	0.01018	52	0.03104	0.01289
 1718977	15791899	chip2	13	0.95046	0.02307	23	0.52165	0.0286	22	0.08568	0.02914
 1716814	15809384	chip1	11	0.85945	0.09759	9	0.49722	0.06235	24	0.01937	0.01842
 1716938	15809434	chip1	48	0.99623	0.00709	9	0.47689	0.06667	0	NA	NA
 1718630	15815034	chip1	1	1	NA	17	0.50082	0.03866	40	0.0366	0.01691
 1662117	15881980	chip1	46	0.83874	0.06384	11	0.50482	0.06179	0	NA	NA
 1723298	15919678	chip2	1	0.936	NA	15	0.543	0.02978	42	0.02814	0.03789
 1645267	15930418	chip1	0	NA	NA	2	0.5525	0.04596	50	0.0707	0.08344
 1728745	16033955	chip2	10	0.9479	0.03068	26	0.50942	0.04364	22	0.124	0.04522
 1675654	16260070	chip2	16	0.94512	0.05879	20	0.506	0.0421	19	0.04479	0.02998
 1715645	16295430	chip2	1	0.874	NA	15	0.51487	0.02385	42	0.02667	0.01786
 1745287	16298345	chip1	46	0.95985	0.05978	4	0.5025	0.04649	0	NA	NA
 1681763	16351225	chip1	52	0.87919	0.03028	4	0.47075	0.05003	0	NA	NA
 1681863	16351841	chip1	1	0.68	NA	5	0.5088	0.02493	48	0.03687	0.02229
 1724286	16378807	chip2	1	0.937	NA	18	0.49744	0.05935	39	0.13985	0.07423
 1747135	16413199	chip2	4	0.99375	0.01121	30	0.5121	0.03579	24	0.04983	0.02432
 1740830	16442891	chip1	5	0.9626	0.02628	27	0.50204	0.04963	26	0.11519	0.02686
 1740924	16442987	chip1	34	0.93926	0.03393	14	0.49379	0.03949	0	NA	NA
 1651743	16511431	chip1	1	0.608	NA	6	0.59217	0.02589	45	0.06336	0.03434
 1651859	16511546	chip1	20	0.8629	0.13338	4	0.49925	0.11616	12	0.13542	0.05733
 1663971	16585430	chip1	52	0.91969	0.03686	6	0.50033	0.01713	0	NA	NA
 1664083	16585557	chip1	15	0.90707	0.02375	28	0.45314	0.04105	13	0.03815	0.01817
 1702120	16587251	chip1	27	0.96596	0.03856	23	0.48943	0.09521	7	0.02071	0.04448
 1702336	16589920	chip1	58	0.92272	0.06577	0	NA	NA	0	NA	NA
 1704112	16592531	chip1	2	0.8975	0.03465	6	0.50083	0.02301	47	0.09102	0.03697
 1706038	16596392	chip1	57	0.9624	0.04121	0	NA	NA	0	NA	NA
 1696207	16769082	chip1	2	0.9125	0.01061	19	0.50521	0.02456	37	0.07119	0.02099
 1696401	16775241	chip1	12	0.86533	0.12436	9	0.48422	0.07489	28	0.01775	0.01493
 1697928	16787468	chip1	5	0.9014	0.02559	26	0.47688	0.05832	27	0.02296	0.02143
 1662192	16849599	chip2	0	NA	NA	10	0.4942	0.0493	47	0.00985	0.01386
 1708288	16919553	chip2	29	0.98838	0.01813	23	0.52539	0.02314	6	0.07683	0.01736
 1688634	16931487	chip2	0	NA	NA	0	NA	NA	58	0.07409	0.03154
 1749493	16931780	chip2	58	0.94386	0.02304	0	NA	NA	0	NA	NA
 1678136	16993045	chip2	34	0.97862	0.03721	18	0.52033	0.03757	6	0.04483	0.02299
 1677573	17370886	chip1	48	0.98483	0.02177	10	0.501	0.05507	0	NA	NA
 1671342	17381744	chip2	48	0.94925	0.03749	9	0.50078	0.04328	0	NA	NA
 1756749	17381841	chip2	3	0.95	0.01552	19	0.50121	0.03717	35	0.12389	0.05615
 1748858	17465202	chip1	1	1	NA	7	0.49643	0.04522	47	0.01553	0.01736
 1750808	17477437	chip1	0	NA	NA	4	0.501	0.05503	54	0.09583	0.03981
 1750920	17477680	chip1	22	0.98009	0.02328	24	0.52679	0.03543	11	0.15845	0.04422
 1752658	17478642	chip1	30	0.9352	0.03465	14	0.46557	0.08769	6	0.09467	0.14135
 1710497	17512325	chip2	17	0.98471	0.01405	26	0.46838	0.04942	14	0.06086	0.02063
 1678028	17673768	chip2	3	1	0	22	0.49914	0.05464	33	0.031	0.02035
 1686097	17728158	chip1	0	NA	NA	0	NA	NA	57	0.03379	0.04295
 1686255	17728281	chip1	0	NA	NA	0	NA	NA	38	0.12018	0.03688
 1689764	17752797	chip1	57	0.93061	0.05301	0	NA	NA	0	NA	NA
 1696826	17794222	chip2	58	0.97064	0.00923	0	NA	NA	0	NA	NA
 1721345	17831186	chip2	1	0.936	NA	13	0.48869	0.02209	44	0.04998	0.01559
 1671378	17831268	chip2	13	0.97831	0.02259	21	0.50748	0.04172	24	0.03408	0.03658
 1681260	17880832	chip2	2	0.9655	0.00778	7	0.51214	0.04332	49	0.02812	0.02268
 1654305	17945732	chip2	10	0.9257	0.0533	26	0.48354	0.06038	17	0.07776	0.04341
 1698975	18014134	chip2	1	0.966	NA	17	0.49241	0.03778	39	0.05223	0.02434
 1675632	18014330	chip2	4	0.9625	0.03061	17	0.46465	0.04609	36	0.00867	0.01845
 1668098	18300949	chip2	58	0.95352	0.01376	0	NA	NA	0	NA	NA
 1752003	18301003	chip2	7	0.99143	0.01488	22	0.5565	0.05829	28	0.01782	0.02305
 1663020	18356834	chip2	0	NA	NA	1	0.54	NA	57	0.05372	0.03333
 1671513	18450354	chip1	58	0.97716	0.02512	0	NA	NA	0	NA	NA
 1687197	18478521	chip1	0	NA	NA	0	NA	NA	58	0.01186	0.01517
 1687299	18478544	chip1	58	0.91371	0.04335	0	NA	NA	0	NA	NA
 1687403	18478582	chip1	53	0.92747	0.05247	0	NA	NA	0	NA	NA
 1670378	19088954	chip1	0	NA	NA	0	NA	NA	58	0.05514	0.02649
 1723363	19151874	chip1	12	0.96942	0.02757	27	0.52648	0.08299	14	0.07314	0.04466
 1727123	19202855	chip1	0	NA	NA	4	0.453	0.16386	39	0.13074	0.05592
 1730275	19221928	chip1	0	NA	NA	0	NA	NA	58	0.10579	0.02648
 1741582	19347884	chip1	54	0.91128	0.01975	4	0.57275	0.01323	0	NA	NA
 1703685	19459559	chip2	12	0.98317	0.01686	28	0.50111	0.03522	17	0.00594	0.01123
 1732645	19550733	chip1	0	NA	NA	5	0.4952	0.02995	52	0.04737	0.06312
 1652288	19697590	chip2	35	0.97197	0.01922	19	0.49516	0.02206	4	0.01325	0.009
 1698883	19779028	chip2	5	0.9802	0.01099	22	0.48509	0.02336	31	0.03765	0.0135
 1722176	19779411	chip2	3	0.891	0.0346	20	0.47285	0.03342	34	0.07938	0.0316
 1655335	19786518	chip2	3	0.98267	0.01106	20	0.49985	0.02206	35	0.00077	0.00279
 1691848	20312249	chip2	14	0.94057	0.02029	21	0.49729	0.02573	23	0.1	0.03319
 1694211	20312340	chip2	34	0.95844	0.024	17	0.50576	0.02823	7	0.07886	0.03618
 1749317	20336219	chip2	39	0.98262	0.03028	17	0.49735	0.07658	0	NA	NA
 1731830	20485119	chip1	23	0.8967	0.03549	31	0.50058	0.03625	4	0.05225	0.02423
 1691662	20510183	chip2	0	NA	NA	3	0.495	0.02425	55	0.03353	0.01375
 1668045	20614513	chip1	52	0.95015	0.04913	5	0.498	0.03558	0	NA	NA
 1720934	20685496	chip1	23	0.96187	0.02298	20	0.5029	0.01642	15	0.078	0.02988
 1722351	20685640	chip1	15	0.9434	0.03046	18	0.49583	0.03298	23	0.03461	0.03013
 1722449	20688410	chip1	13	0.89192	0.06073	18	0.50667	0.05752	10	0.0636	0.05322
 1722781	20693499	chip1	54	0.98383	0.0412	2	0.5145	0.07707	0	NA	NA
 1704151	20751249	chip2	11	0.94745	0.01966	30	0.49363	0.03704	16	0.07244	0.0231
 1712444	20781477	chip1	17	0.78835	0.03795	17	0.49665	0.09513	2	0.1455	0.03323
 1718206	20804910	chip1	56	0.90539	0.05953	0	NA	NA	1	0.15	NA
 1677762	20813912	chip2	45	0.95824	0.04159	12	0.519	0.07729	1	0.01	NA
 1676416	20814348	chip2	6	0.94833	0.03616	23	0.50609	0.09958	29	0.02169	0.03081
 1735735	20835322	chip2	16	0.99987	5e-04	30	0.52983	0.08187	10	0.0119	0.02119
 1694327	20835539	chip2	17	0.94429	0.0776	12	0.52008	0.02443	10	0.0207	0.01574
 1745558	20835574	chip2	16	1	0	14	0.50971	0.05792	10	0.0201	0.02352
 1678852	20836340	chip2	10	0.9937	0.00574	30	0.48793	0.05413	17	0.03376	0.02702
 1711576	20837057	chip2	5	0.962	0.01815	22	0.521	0.06986	30	0.10067	0.03945
 1702890	20854871	chip1	7	0.88443	0.0205	30	0.47477	0.04977	21	0.02943	0.0199
 1709840	20867581	chip1	16	0.97981	0.01076	29	0.50252	0.05016	13	0.06331	0.02167
 1721058	21000081	chip1	9	0.92356	0.02392	34	0.49824	0.05749	15	0.04393	0.02059
 1721186	21000103	chip1	1	1	NA	10	0.4522	0.04521	47	0.00315	0.00698
 1665850	21011312	chip2	0	NA	NA	11	0.52045	0.05167	47	0.02851	0.02708
 1646678	21032390	chip2	32	0.97278	0.02478	23	0.48748	0.04373	3	0.00533	0.00924
 1695617	21036563	chip2	29	0.96066	0.03053	24	0.49888	0.07827	5	0.12	0.0211
 1662241	21056968	chip1	0	NA	NA	3	0.485	0.02193	55	0.08811	0.03874
 1663805	21057571	chip1	0	NA	NA	5	0.4994	0.03762	52	0.00596	0.027
 1708192	21092651	chip2	58	0.92926	0.07325	0	NA	NA	0	NA	NA
 1745600	21105099	chip2	21	0.9709	0.01789	26	0.48423	0.05998	10	0.0252	0.05241
 1652945	21170280	chip1	38	0.93942	0.03563	15	0.4958	0.03741	3	0.09433	0.02797
 1653115	21171102	chip1	39	0.98903	0.0212	16	0.50781	0.06445	0	NA	NA
 1679546	21178528	chip2	43	0.99879	0.00491	9	0.56767	0.03784	1	0.034	NA
 1753616	21247025	chip1	44	0.90864	0.03576	9	0.50811	0.05834	4	0.1285	0.02955
 1664022	21275823	chip2	37	0.89757	0.02628	18	0.51267	0.04356	3	0.06167	0.01804
 1705375	21275890	chip2	50	0.96934	0.01236	8	0.53587	0.04357	0	NA	NA
 1671660	21343007	chip2	3	0.96467	0.02419	21	0.50371	0.0686	31	0.00526	0.01732
 1752840	21444938	chip1	1	0.701	NA	4	0.49825	0.04644	52	0.06083	0.02478
 1724056	21484582	chip2	57	0.98998	0.01593	1	0.391	NA	0	NA	NA
 1643084	21585556	chip1	11	0.943	0.05413	16	0.51763	0.06382	22	0.09095	0.04152
 1695236	21630887	chip1	42	0.94976	0.02855	15	0.49993	0.02647	1	0.013	NA
 1737656	21665700	chip1	15	0.97753	0.01387	25	0.50296	0.03178	18	0.07961	0.03504
 1739404	21693429	chip1	2	0.9275	0.01485	23	0.48496	0.05584	33	0.08667	0.03149
 1744382	21760410	chip1	22	0.95195	0.02882	27	0.48511	0.04374	9	0.03633	0.02569
 1746169	21769530	chip1	1	0.875	NA	13	0.54038	0.05012	39	0.18564	0.03739
 1655052	21835934	chip1	13	0.88385	0.03094	32	0.53963	0.10961	3	0.184	0.04807
 1703658	21898858	chip1	2	0.9965	0.00495	13	0.48946	0.05222	37	0.04362	0.04025
 1704606	21996929	chip1	44	0.97116	0.05929	8	0.50062	0.05588	5	0.0868	0.09534
 1697549	22038020	chip2	1	0.996	NA	9	0.50167	0.0316	48	0.03675	0.01852
 1752490	22157304	chip1	0	NA	NA	7	0.492	0.02034	51	0.05418	0.01972
 1686021	22352975	chip1	3	0.916	0.08227	24	0.49725	0.0526	26	0.09727	0.04233
 1706186	22581517	chip1	18	0.95222	0.03098	4	0.45525	0.04674	17	0.16406	0.1428
 1696960	22666327	chip2	0	NA	NA	4	0.4895	0.06598	54	0.00161	0.00312
 1648730	22833987	chip2	2	0.941	0.01414	13	0.48985	0.01448	43	0.02533	0.01699
 1701029	23011579	chip2	19	0.97563	0.02681	31	0.52771	0.04914	8	0.10575	0.04248
 1659572	23012015	chip2	51	0.95714	0.01952	7	0.48571	0.04317	0	NA	NA
 1727996	23030854	chip1	45	0.97709	0.01663	10	0.4825	0.05289	0	NA	NA
 1676344	23037112	chip2	58	0.98521	0.01824	0	NA	NA	0	NA	NA
 1748539	23375872	chip2	0	NA	NA	58	0.48367	0.07702	0	NA	NA
 1727997	23488326	chip2	15	0.94033	0.02066	27	0.51456	0.03198	16	0.00981	0.01227
 1758795	23489862	chip2	26	0.94285	0.02602	22	0.53614	0.02616	10	0.111	0.04338
 1661947	23564014	chip1	1	0.741	NA	7	0.53443	0.06541	32	0.10591	0.05197
 1677718	23605393	chip2	0	NA	NA	6	0.50033	0.02907	52	0.06633	0.01524
 1665360	23753062	chip2	22	0.92818	0.02719	20	0.4987	0.03292	16	0.08538	0.03058
 1676865	23803526	chip1	23	0.92748	0.05149	22	0.51245	0.03288	13	0.12262	0.04664
 1738300	23923658	chip2	32	0.95019	0.02293	22	0.48582	0.02636	3	0.01767	0.02974
 1689570	23923690	chip2	3	0.90067	0.00737	22	0.46164	0.03234	33	0.02261	0.01578
 1696184	23962266	chip2	2	0.938	0.02263	23	0.49474	0.05071	33	0.02555	0.013
 1666021	24037443	chip1	0	NA	NA	0	NA	NA	58	0.06798	0.03171
 1709100	24208363	chip1	4	0.9005	0.09726	7	0.49971	0.07562	43	0.03895	0.05029
 1735808	24249492	chip1	4	0.925	0.06484	19	0.52363	0.06602	35	0.09194	0.04147
 1737518	24251753	chip1	52	0.92994	0.02975	4	0.6345	0.03009	0	NA	NA
 1737614	24251783	chip1	54	0.97031	0.05134	2	0.5615	0.01202	0	NA	NA
 1739188	24251868	chip1	1	0.893	NA	18	0.46067	0.04573	39	0.03426	0.0233
 1742744	24267821	chip1	4	0.956	0.07832	15	0.4772	0.08081	30	0.0272	0.04925
 1744412	24272595	chip1	25	0.9506	0.0565	8	0.50662	0.04853	19	0.09589	0.08178
 1744530	24272670	chip1	10	0.9331	0.06157	13	0.53408	0.07059	22	0.11609	0.07723
 1723050	24405006	chip2	11	0.99409	0.00744	28	0.50418	0.06163	19	0.04168	0.02811
 1735177	24424963	chip1	16	0.91837	0.10599	14	0.5225	0.13209	6	0.072	0.10814
 1653740	24561951	chip2	21	0.89543	0.036	20	0.47615	0.04994	3	0.03067	0.04718
 1668173	24598340	chip1	8	0.9385	0.02534	12	0.48467	0.03766	27	0.13259	0.08728
 1717414	24629346	chip1	1	1	NA	5	0.5244	0.03871	52	0.03237	0.01963
 1719468	24635307	chip1	0	NA	NA	2	0.504	0.06223	55	0.05691	0.03677
 1677180	24638720	chip2	0	NA	NA	12	0.51267	0.02387	46	0.02752	0.01815
 1660607	24677844	chip2	3	0.84967	0.02155	19	0.517	0.02714	36	0.07592	0.02811
 1683110	24768495	chip2	6	0.8845	0.12864	2	0.5025	0.01768	40	0.10335	0.01994
 1743209	24806756	chip2	58	0.89933	0.07232	0	NA	NA	0	NA	NA
 1688744	24807288	chip2	16	0.94981	0.02488	37	0.49784	0.02979	4	0.071	0.04405
 1720177	24815870	chip2	0	NA	NA	3	0.501	0.0448	55	0.0668	0.02478
 1690962	24828721	chip2	7	0.96257	0.02026	31	0.49706	0.02547	19	0.05532	0.03687
 1693587	24830417	chip2	1	1	NA	11	0.49836	0.01128	46	0.03367	0.00919
 1728945	24831884	chip2	19	0.97642	0.02187	31	0.52832	0.03324	7	0.106	0.02932
 1750669	24833944	chip2	0	NA	NA	0	NA	NA	58	0.04474	0.02348
 1668733	24834002	chip2	32	0.98834	0.01094	23	0.53639	0.01883	3	0.013	0.01916
 1680586	24834037	chip2	54	0.96456	0.00996	4	0.46225	0.01394	0	NA	NA
 1657881	24838521	chip1	3	0.81233	0.19609	13	0.49385	0.04426	29	0.04779	0.03485
 1684766	24892140	chip2	51	0.97747	0.02084	5	0.554	0.07169	1	0.021	NA
 1740068	24982123	chip1	51	0.97418	0.0309	5	0.5652	0.04882	0	NA	NA
 1667453	24996590	chip1	0	NA	NA	0	NA	NA	58	0.00914	0.01641
 1730930	25063244	chip1	39	0.92526	0.01991	17	0.51476	0.03143	2	0.0765	0.01061
 1731026	25063299	chip1	48	0.88771	0.03038	10	0.479	0.05595	0	NA	NA
 1688154	25069840	chip2	22	0.91777	0.02358	34	0.48756	0.02285	2	0.093	0.0495
 1704741	25070281	chip2	3	0.964	0.01836	34	0.49347	0.02625	19	0.05321	0.02365
 1701001	25100876	chip2	46	0.94017	0.03966	10	0.4964	0.03642	2	0.048	0.00424
 1711132	25127692	chip2	6	0.93433	0.05219	32	0.49347	0.03691	20	0.05	0.02952
 1666542	25136710	chip2	24	0.95921	0.01077	23	0.52174	0.01957	11	0.07682	0.01415
 1724769	25142756	chip1	42	0.94562	0.02429	15	0.48387	0.03453	1	0.122	NA
 1657370	25192041	chip1	0	NA	NA	0	NA	NA	58	0.12788	0.04276
 1657460	25192153	chip1	24	0.96179	0.04024	27	0.51167	0.04148	3	0.146	0.02893
 1657609	25192772	chip1	0	NA	NA	0	NA	NA	58	0.01478	0.01588
 1659033	25193559	chip1	5	0.9912	0.01277	23	0.49996	0.04305	23	0.06613	0.0454
 1704827	25202104	chip2	1	0.998	NA	18	0.50156	0.05865	35	0.13511	0.08187
 1654836	25368299	chip1	7	0.88614	0.04094	31	0.49916	0.02992	19	0.05763	0.02443
 1696461	25381338	chip1	20	0.92395	0.15674	20	0.49755	0.09338	9	0.07522	0.02327
 1737088	25519774	chip1	35	0.93611	0.05952	9	0.52589	0.04653	10	0.072	0.02542
 1743666	25540691	chip1	5	0.9756	0.00568	27	0.48733	0.03183	26	0.07404	0.03866
 1698001	25549881	chip2	3	0.962	0.00954	19	0.47447	0.02354	36	0.01858	0.01667
 1643225	25552286	chip2	47	0.91166	0.03506	10	0.4632	0.02205	1	0	NA
 1645754	25552694	chip2	45	0.99102	0.01351	13	0.50108	0.03569	0	NA	NA
 1696772	25582454	chip2	28	0.96614	0.01509	25	0.49228	0.02562	5	0.0772	0.01717
 1725863	25588789	chip1	0	NA	NA	12	0.49758	0.01752	46	0.07378	0.01685
 1725975	25589079	chip1	1	0.89	NA	16	0.48113	0.07294	40	0.01995	0.02333
 1727564	25590639	chip1	1	0.731	NA	2	0.5045	0.01485	15	0.1468	0.09155
 1656513	25595522	chip2	0	NA	NA	8	0.49562	0.03689	50	0.0099	0.0108
 1730834	25609702	chip1	7	0.973	0.01792	35	0.49937	0.04951	16	0.028	0.02901
 1730936	25609749	chip1	29	0.93628	0.01815	25	0.50792	0.02704	4	0.0935	0.04244
 1734852	25646435	chip2	3	0.92033	0.01069	22	0.50314	0.03117	33	0.06524	0.01944
 1703703	25690964	chip2	1	0.977	NA	6	0.50917	0.0104	51	0.00037	0.00113
 1723521	25701062	chip1	2	0.9935	0.00919	15	0.49913	0.02326	41	0.00215	0.00583
 1689354	25710730	chip2	33	0.98773	0.01296	19	0.54821	0.05174	6	0.053	0.01854
 1749389	25711346	chip2	42	0.93021	0.03708	12	0.48425	0.0273	4	0.08775	0.01965
 1742775	25711837	chip2	25	0.98344	0.02051	23	0.49022	0.03748	10	0.0108	0.00769
 1700434	25774882	chip2	8	0.98462	0.01698	34	0.49976	0.04519	16	0.03781	0.02285
 1717124	25799165	chip1	39	0.84546	0.046	14	0.43771	0.0434	0	NA	NA
 1755812	25822536	chip2	21	0.93457	0.03724	20	0.51265	0.06234	15	0.0294	0.02996
 1735611	25823361	chip2	13	0.93523	0.03034	23	0.47204	0.02676	22	0.02414	0.01058
 1705256	25895909	chip1	2	0.9215	0.01202	31	0.48074	0.03124	25	0.03048	0.01835
 1708818	25900548	chip1	56	0.92293	0.04026	2	0.5005	0.02192	0	NA	NA
 1744429	25914291	chip2	54	0.97117	0.02747	4	0.48825	0.02812	0	NA	NA
 1716088	25917222	chip1	3	0.87733	0.03921	10	0.4807	0.1007	17	0.06182	0.07397
 1686048	25930516	chip2	21	0.85719	0.03099	27	0.46674	0.02121	10	0.1354	0.01563
 1699785	25930538	chip2	7	0.99129	0.0072	11	0.49418	0.0354	40	0.00797	0.01255
 1695577	25930604	chip2	13	0.97454	0.02585	21	0.48886	0.04587	20	0.1166	0.04345
 1645466	25940562	chip2	40	0.98652	0.03032	12	0.50067	0.05735	5	0.0138	0.01203
 1730399	25940680	chip2	26	0.87473	0.01838	24	0.54312	0.06997	4	0.0875	0.0229
 1648941	25945410	chip1	21	0.89329	0.02942	21	0.47995	0.04357	6	0.111	0.05845
 1724102	25947895	chip2	29	0.93476	0.09273	18	0.51872	0.11978	0	NA	NA
 1727094	25950353	chip2	6	0.818	0.05383	12	0.49167	0.03066	40	0.05347	0.04383
 1652127	25957316	chip1	15	0.82053	0.05479	23	0.5113	0.07288	1	0.173	NA
 1652239	25957416	chip1	5	0.8624	0.04293	27	0.4637	0.05353	24	0.04058	0.02717
 1652465	25957598	chip1	0	NA	NA	14	0.48121	0.03371	44	0.02582	0.01592
 1652581	25958151	chip1	40	0.9986	0.0043	17	0.46935	0.0445	1	0.005	NA
 1652687	25958728	chip1	8	0.87087	0.07493	21	0.50957	0.04715	24	0.09871	0.07159
 1703871	26003159	chip2	3	0.98733	0.00643	16	0.53175	0.02644	37	0.07986	0.02189
 1731664	26033428	chip1	1	1	NA	22	0.4995	0.04996	35	0.00363	0.00629
 1732993	26034433	chip1	50	0.9142	0.0284	8	0.50613	0.03912	0	NA	NA
 1687988	26045760	chip2	51	0.9431	0.03698	7	0.53714	0.02972	0	NA	NA
 1692428	26076118	chip2	53	0.998	0.00696	4	0.50525	0.04887	1	0	NA
 1734586	26077251	chip2	1	1	NA	2	0.5235	0.03323	53	0.01404	0.02307
 1682582	26077270	chip2	2	1	0	22	0.50064	0.036	34	0.02762	0.01662
 1680716	26089299	chip2	2	0.945	0.04101	21	0.50057	0.04522	34	0.0225	0.01965
 1758634	26144210	chip2	54	0.93146	0.02379	4	0.5	0.0191	0	NA	NA
 1720707	26292231	chip2	0	NA	NA	2	0.4825	0.02192	56	0.00886	0.01461
 1731257	26292517	chip2	0	NA	NA	2	0.321	0.08768	56	0.07309	0.03481
 1681850	26292718	chip2	58	0.97888	0.01168	0	NA	NA	0	NA	NA
 1708909	26341067	chip2	30	0.9741	0.0113	23	0.4463	0.01637	5	0.0028	0.00409
 1743417	26350528	chip2	33	0.92603	0.02383	20	0.5131	0.02442	5	0.067	0.01095
 1690718	26405879	chip1	23	0.9203	0.06104	14	0.47729	0.12315	7	0.024	0.03204
 1642157	26583225	chip2	55	0.94111	0.01962	3	0.51633	0.01021	0	NA	NA
 1655112	26592401	chip1	0	NA	NA	10	0.4899	0.02563	48	0.02419	0.02731
 1655222	26593421	chip1	0	NA	NA	10	0.5137	0.07142	46	0.04996	0.02281
 1655460	26594377	chip1	0	NA	NA	12	0.49817	0.05509	46	0.11967	0.02911
 1716059	26594974	chip2	56	0.97423	0.01565	2	0.52	0.02121	0	NA	NA
 1663835	26623980	chip1	45	0.88264	0.02978	12	0.48492	0.04538	0	NA	NA
 1667693	26643583	chip1	1	0.896	NA	26	0.47158	0.05052	30	0.1141	0.03564
 1753625	26648192	chip2	44	0.9875	0.01114	13	0.50262	0.02187	1	0.05	NA
 1659106	26687674	chip2	48	0.95715	0.0162	9	0.45989	0.02684	1	0.112	NA
 1652671	26791138	chip1	0	NA	NA	0	NA	NA	58	0.10759	0.04247
 1654642	26799117	chip1	56	0.96654	0.06835	0	NA	NA	0	NA	NA
 1654812	26799795	chip1	0	NA	NA	9	0.50889	0.02947	49	0.05922	0.03358
 1656260	26800382	chip1	0	NA	NA	7	0.49557	0.03486	49	0.00637	0.01812
 1658271	26820418	chip1	0	NA	NA	12	0.501	0.05187	46	0.10243	0.04129
 1696130	26877846	chip2	0	NA	NA	2	0.532	0.01697	55	0.04207	0.05583
 1705464	26906960	chip1	0	NA	NA	0	NA	NA	58	0.02202	0.02049
 1715830	26971134	chip1	50	0.9701	0.02221	8	0.54375	0.07347	0	NA	NA
 1716006	26973510	chip1	0	NA	NA	0	NA	NA	58	0.07348	0.03127
 1716122	26973884	chip1	0	NA	NA	0	NA	NA	58	0.01988	0.00817
 1717542	26975300	chip1	0	NA	NA	0	NA	NA	58	0.0225	0.0199
 1756239	26993405	chip1	58	0.9191	0.02815	0	NA	NA	0	NA	NA
 1718401	26996961	chip2	50	0.9686	0.01368	8	0.477	0.02729	0	NA	NA
 1673744	27012616	chip2	15	0.99533	0.00656	16	0.50569	0.03964	22	0.03041	0.01314
 1642913	27023496	chip2	48	0.99017	0.0097	10	0.5098	0.03788	0	NA	NA
 1647387	27026368	chip1	0	NA	NA	3	0.494	0.03928	55	0.04804	0.02126
 1650985	27049656	chip1	30	0.93253	0.03031	25	0.48708	0.04247	3	0.02067	0.0358
 1694108	27086581	chip1	39	0.90967	0.04429	16	0.50369	0.04025	1	0.034	NA
 1695966	27100055	chip1	55	0.95504	0.04053	1	0.507	NA	0	NA	NA
 1701270	27141488	chip1	46	0.95289	0.05327	8	0.502	0.05491	0	NA	NA
 1704976	27161814	chip1	56	0.95214	0.03124	1	0.543	NA	0	NA	NA
 1705094	27161919	chip1	58	0.99005	0.01232	0	NA	NA	0	NA	NA
 1732862	27216805	chip2	23	0.97083	0.02773	23	0.53648	0.08381	9	0.04267	0.0627
 1751976	27228127	chip1	3	0.892	0.03223	21	0.48424	0.03434	34	0.07921	0.03439
 1679368	27440759	chip2	31	0.98316	0.01927	17	0.48212	0.06275	6	0.035	0.02896
 1745799	27557971	chip1	28	0.94636	0.04119	19	0.49816	0.02915	11	0.05145	0.02663
 1708140	27563262	chip2	24	0.97433	0.01405	30	0.49317	0.01781	4	0.061	0.01299
 1702299	27664600	chip2	17	0.94576	0.02453	27	0.49759	0.01914	14	0.05029	0.02548
 1656668	27690297	chip1	29	0.99076	0.01279	24	0.49571	0.03146	5	0.0136	0.01115
 1684968	27711152	chip2	7	0.995	0.00668	27	0.51115	0.02307	24	0.03263	0.01993
 1663239	27725969	chip1	56	0.95148	0.02459	1	0.351	NA	0	NA	NA
 1664921	27732751	chip1	45	0.932	0.0388	0	NA	NA	0	NA	NA
 1670700	27773709	chip2	11	0.99255	0.02472	20	0.49885	0.06876	19	0.07195	0.03213
 1716289	27807841	chip2	31	0.93887	0.04104	19	0.50663	0.02627	8	0.07988	0.01351
 1647175	27822258	chip1	34	0.98968	0.01673	19	0.49784	0.02975	5	0.0348	0.01743
 1653913	27841620	chip1	31	0.9791	0.01611	24	0.48017	0.04386	3	0.02467	0.00723
 1710021	27999648	chip2	44	0.9887	0.01229	12	0.48217	0.02588	2	0.019	0.00566
 1696556	28000939	chip2	47	0.98383	0.01756	9	0.51033	0.03046	2	0.019	0.00424
 1696441	28073779	chip1	31	0.94068	0.02506	25	0.49944	0.07123	1	0.113	NA
 1662068	28149081	chip2	10	0.9224	0.02004	48	0.49775	0.10833	0	NA	NA
 1688585	28237850	chip1	42	0.94776	0.03666	10	0.5226	0.05973	1	0.035	NA
 1692197	28257223	chip1	57	0.99312	0.02521	1	0.518	NA	0	NA	NA
 1747890	28377891	chip1	43	0.97533	0.03232	14	0.48029	0.04067	0	NA	NA
 1748016	28377920	chip1	58	0.95609	0.03306	0	NA	NA	0	NA	NA
 1668731	28385674	chip2	1	0.996	NA	18	0.51622	0.05222	39	0.03479	0.04464
 1675514	28402685	chip1	0	NA	NA	13	0.50438	0.07436	45	0.11753	0.04296
 1677551	28414739	chip1	38	0.94695	0.02954	14	0.51779	0.10041	1	0.043	NA
 1716044	28554141	chip1	0	NA	NA	4	0.5405	0.02894	44	0.12473	0.06032
 1718238	28599773	chip1	1	0.816	NA	5	0.5186	0.24999	25	0.09556	0.04402
 1648895	28644092	chip1	33	0.91173	0.03809	24	0.49779	0.03165	1	0.115	NA
 1649009	28645416	chip1	44	0.94991	0.02372	13	0.51715	0.03403	1	0.051	NA
 1660343	28675792	chip2	39	0.91951	0.06815	0	NA	NA	0	NA	NA
 1657965	28704281	chip1	54	0.95444	0.0437	0	NA	NA	0	NA	NA
 1699682	28718601	chip1	0	NA	NA	2	0.4135	0.07849	50	0.03452	0.03186
 1699880	28718758	chip1	8	0.90175	0.03843	22	0.48914	0.05415	28	0.13461	0.05561
 1703154	28729417	chip1	0	NA	NA	0	NA	NA	58	0.03864	0.03094
 1698113	28905163	chip2	51	0.98435	0.01277	7	0.49671	0.03065	0	NA	NA
 1653736	28911722	chip2	49	0.96784	0.02557	8	0.57088	0.02945	1	0.081	NA
 1743986	29055302	chip1	1	0.993	NA	10	0.5144	0.06267	47	0.01577	0.01708
 1719171	29635842	chip2	58	0.98071	0.01152	0	NA	NA	0	NA	NA
 1709939	30006454	chip2	0	NA	NA	0	NA	NA	58	0.04417	0.03917
 1693468	30020528	chip1	0	NA	NA	0	NA	NA	57	0.01139	0.02307
 1752700	30186121	chip1	0	NA	NA	9	0.525	0.04263	49	0.05949	0.03145
 1732855	30407247	chip1	0	NA	NA	5	0.5136	0.03242	52	0.19933	0.04539
 1736296	30440163	chip1	23	0.97535	0.01672	23	0.48991	0.02908	12	0.03683	0.01594
 1742942	30540763	chip1	57	0.91025	0.03718	1	0.556	NA	0	NA	NA
 1681395	30672976	chip1	15	0.92273	0.08165	9	0.47311	0.03168	14	0.04221	0.02518
 1724434	30724890	chip2	58	0.99007	0.01172	0	NA	NA	0	NA	NA
 1725278	30788861	chip2	57	0.69888	0.02091	0	NA	NA	0	NA	NA
 1707812	30789451	chip2	58	0.96809	0.01094	0	NA	NA	0	NA	NA
 1730074	30882082	chip2	0	NA	NA	6	0.42817	0.08409	51	0.02361	0.04147
 1744738	30937057	chip1	1	0.91	NA	6	0.49567	0.0918	50	0.08526	0.04977
 1744864	30937074	chip1	20	0.8558	0.03746	30	0.505	0.05944	7	0.04414	0.03098
 1744990	30937116	chip1	14	0.85593	0.12441	11	0.47473	0.10612	3	0.143	0.02551
 1753788	30995789	chip1	13	0.93377	0.03925	22	0.51714	0.04794	13	0.13854	0.05387
 1681619	31013496	chip1	9	0.96478	0.03059	19	0.51326	0.05588	21	0.1489	0.04865
 1698395	31091715	chip2	44	0.93886	0.01106	14	0.50629	0.02372	0	NA	NA
 1713420	31098551	chip2	25	0.94916	0.02084	25	0.46648	0.03359	7	0.06314	0.02127
 1745808	31123269	chip2	0	NA	NA	8	0.47575	0.01308	50	0.11954	0.01991
 1682119	31142543	chip1	0	NA	NA	7	0.50714	0.02777	51	0.04133	0.02177
 1682473	31144711	chip1	51	0.95494	0.04617	5	0.5322	0.02962	0	NA	NA
 1740056	31205871	chip1	21	0.93114	0.01923	26	0.49154	0.03226	10	0.116	0.05518
 1741360	31208244	chip1	17	0.96629	0.01947	35	0.48963	0.03502	6	0.00633	0.00797
 1743112	31216785	chip1	10	0.948	0.01066	34	0.48468	0.02243	14	0.06714	0.02775
 1743222	31216998	chip1	13	0.89931	0.04745	34	0.49556	0.02821	11	0.05482	0.02061
 1743330	31217150	chip1	9	0.85711	0.05276	34	0.48844	0.03158	14	0.06036	0.01927
 1723563	31293295	chip1	2	0.9135	0.03041	13	0.49846	0.03965	43	0.16042	0.04503
 1729195	31317955	chip1	0	NA	NA	0	NA	NA	58	0.07371	0.03157
 1730516	31319141	chip1	23	0.88061	0.03781	24	0.48879	0.03575	8	0.08138	0.02942
 1734097	31331354	chip1	0	NA	NA	0	NA	NA	58	0.05933	0.03093
 1725248	31434058	chip2	48	0.9704	0.0215	10	0.507	0.04834	0	NA	NA
 1673988	31434103	chip2	0	NA	NA	2	0.539	0.05091	32	0.21356	0.0745
 1649848	31434377	chip2	0	NA	NA	5	0.4682	0.04492	53	0.01164	0.00867
 1721314	31438536	chip1	22	0.92073	0.03315	23	0.50083	0.05459	12	0.032	0.03795
 1749042	31497851	chip1	58	0.94378	0.03229	0	NA	NA	0	NA	NA
 1749176	31497869	chip1	0	NA	NA	0	NA	NA	58	0.02862	0.01717
 1706135	31501931	chip2	53	0.92928	0.02736	5	0.4902	0.0123	0	NA	NA
 1664322	31517342	chip2	55	0.91795	0.02199	3	0.491	0.02663	0	NA	NA
 1642405	31517942	chip2	0	NA	NA	13	0.52731	0.04415	44	0.01995	0.01598
 1692147	31564179	chip1	39	0.99741	0.00532	17	0.51059	0.03382	2	0.0085	0.01202
 1692421	31564931	chip1	57	0.92982	0.04528	1	0.541	NA	0	NA	NA
 1664510	31576032	chip2	41	0.96824	0.03603	14	0.49457	0.06346	2	0.093	0.02687
 1750339	31604166	chip2	57	0.96211	0.03618	1	0.489	NA	0	NA	NA
 1741416	31610097	chip1	1	0.969	NA	10	0.5297	0.03623	47	0.08102	0.0261
 1675893	31655803	chip1	0	NA	NA	1	0.499	NA	55	0.13551	0.03767
 1677481	31662712	chip1	46	0.93678	0.04014	7	0.51571	0.05323	0	NA	NA
 1733529	31744164	chip1	24	0.86846	0.04071	24	0.49696	0.02594	10	0.0423	0.01612
 1737428	31770219	chip1	0	NA	NA	0	NA	NA	58	0.10062	0.02784
 1654203	31777946	chip2	44	0.9458	0.03816	11	0.45091	0.1075	2	0.0655	0.01485
 1670656	31779418	chip2	58	0.96159	0.02429	0	NA	NA	0	NA	NA
 1664419	31801598	chip1	40	0.95325	0.0329	12	0.4615	0.03907	1	0	NA
 1648224	31818404	chip2	54	0.92313	0.04367	4	0.4755	0.04556	0	NA	NA
 1717202	31879485	chip1	15	0.98433	0.02002	24	0.52058	0.05168	15	0.0356	0.02678
 1718728	31880052	chip1	23	0.96048	0.01922	26	0.48712	0.03438	8	0.07237	0.02535
 1684728	31895885	chip2	41	0.98746	0.01433	16	0.50687	0.03486	1	0.09	NA
 1727668	31898560	chip1	43	0.89235	0.05093	9	0.505	0.02281	0	NA	NA
 1664023	31946088	chip1	6	0.95617	0.02683	25	0.50028	0.03916	26	0.09596	0.04184
 1667295	31961908	chip1	7	0.894	0.04652	21	0.49348	0.03693	26	0.04462	0.02392
 1663754	31973591	chip2	53	0.92223	0.01887	5	0.4972	0.02211	0	NA	NA
 1746683	31978717	chip2	0	NA	NA	5	0.4788	0.05214	53	0.03283	0.03813
 1650797	32068865	chip1	8	0.8565	0.04942	33	0.49815	0.03765	16	0.11713	0.0503
 1653712	32076526	chip2	0	NA	NA	0	NA	NA	58	0.0104	0.01453
 1659565	32121374	chip1	9	0.88178	0.07063	19	0.48989	0.10618	24	0.01113	0.01403
 1653498	32150256	chip2	9	0.94233	0.05608	25	0.48884	0.08679	24	0.10617	0.03963
 1680953	32164668	chip1	20	0.9794	0.03411	31	0.5211	0.04883	4	0.07075	0.03494
 1653406	32191275	chip2	37	0.97632	0.03533	16	0.5145	0.02562	5	0.0266	0.01029
 1715751	32222590	chip2	11	0.93673	0.02067	30	0.51763	0.02803	17	0.15718	0.02268
 1663718	32223601	chip2	16	0.91356	0.01802	33	0.4857	0.02739	9	0.09111	0.02334
 1684496	32280513	chip2	3	0.87633	0.067	15	0.46347	0.08698	35	0.08126	0.02812
 1669084	32290548	chip1	11	0.91791	0.03553	35	0.49751	0.04069	12	0.12708	0.01951
 1669382	32291892	chip1	49	0.98796	0.01698	7	0.53114	0.04697	1	0.053	NA
 1650724	32300742	chip2	4	0.99425	0.00714	29	0.50121	0.02403	25	0.03784	0.01829
 1677911	32313594	chip1	2	1	0	24	0.54979	0.06169	28	0.09446	0.05394
 1703049	32324030	chip2	0	NA	NA	13	0.49985	0.03677	45	0.00311	0.00509
 1722399	32339001	chip1	45	0.9936	0.01363	13	0.51438	0.0825	0	NA	NA
 1724019	32343807	chip1	6	0.88983	0.07372	11	0.51673	0.10177	26	0.04265	0.05112
 1734514	32379096	chip2	48	0.98835	0.00831	9	0.51989	0.01314	1	0.018	NA
 1740285	32396384	chip2	0	NA	NA	14	0.48143	0.01838	44	0.00968	0.00726
 1755588	32396846	chip2	39	0.96854	0.01831	18	0.492	0.05557	1	0.006	NA
 1723205	32447487	chip1	58	0.98767	0.01455	0	NA	NA	0	NA	NA
 1658895	32482976	chip1	0	NA	NA	6	0.486	0.02559	52	0.03927	0.02297
 1711215	32525172	chip1	58	0.97774	0.01869	0	NA	NA	0	NA	NA
 1713437	32536144	chip1	4	0.97375	0.02045	22	0.52932	0.06122	29	0.05569	0.03337
 1714762	32536341	chip1	4	0.90825	0.01715	16	0.50994	0.02389	38	0.12921	0.03012
 1751187	32541592	chip2	12	0.99233	0.00917	35	0.52486	0.02725	11	0.09082	0.01954
 1668662	32543356	chip2	0	NA	NA	0	NA	NA	58	0.02128	0.02702
 1746711	32568178	chip2	49	0.97382	0.01617	8	0.50025	0.02314	1	0.053	NA
 1742159	32568465	chip2	22	0.96395	0.03988	30	0.4719	0.0429	6	0.004	0.00583
 1712366	32668825	chip1	0	NA	NA	13	0.49992	0.10913	33	0.09203	0.09666
 1706781	32673542	chip2	0	NA	NA	0	NA	NA	58	0.04052	0.03247
 1711656	32739899	chip2	54	0.98631	0.01007	4	0.51425	0.00714	0	NA	NA
 1746861	32771926	chip2	30	0.96003	0.01587	26	0.49988	0.02296	2	0.068	0.0099
 1673257	32799753	chip1	46	0.91313	0.02419	8	0.45787	0.0491	0	NA	NA
 1673403	32800167	chip1	15	0.9602	0.02129	30	0.49597	0.03201	12	0.01142	0.01296
 1724321	32864107	chip1	3	0.982	0.03118	14	0.49186	0.09199	29	0.05421	0.05917
 1752425	32891720	chip2	28	0.94125	0.04234	21	0.4721	0.07532	6	0.05233	0.02272
 1698605	32905158	chip2	22	0.98191	0.02013	29	0.49541	0.03245	7	0.04986	0.00691
 1658739	32911320	chip1	55	0.94307	0.02696	3	0.52567	0.02715	0	NA	NA
 1717908	32948189	chip1	1	1	NA	25	0.53308	0.0508	32	0.00291	0.00467
 1713635	33083336	chip1	29	0.90252	0.04059	5	0.6268	0.1301	0	NA	NA
 1715056	33083671	chip1	50	0.95944	0.04227	4	0.59475	0.04167	0	NA	NA
 1743045	33124787	chip2	8	0.96537	0.01178	33	0.49967	0.02637	17	0.03924	0.02257
 1700270	33158406	chip1	39	0.96926	0.01717	18	0.49117	0.0431	0	NA	NA
 1700561	33159527	chip1	44	0.99636	0.0083	6	0.43617	0.08659	0	NA	NA
 1704939	33170736	chip2	28	0.9635	0.02451	27	0.49015	0.04832	2	0.003	0.00424
 1710623	33198272	chip1	37	0.94462	0.01979	19	0.49995	0.02456	2	0.0365	0.02051
 1647433	33235434	chip1	0	NA	NA	12	0.50025	0.03381	45	0.07984	0.03213
 1647519	33235776	chip1	0	NA	NA	6	0.48983	0.03261	52	0.07556	0.02539
 1647635	33235937	chip1	2	0.9455	0.01344	19	0.50047	0.02859	37	0.02197	0.0129
 1680034	33239613	chip2	1	0.986	NA	6	0.50717	0.03377	51	0.01618	0.01016
 1729990	33318577	chip2	1	0.956	NA	16	0.49088	0.02533	41	0.03788	0.01332
 1646698	33318594	chip2	46	0.97848	0.0208	12	0.50208	0.03884	0	NA	NA
 1732890	33368036	chip2	55	0.94798	0.04632	3	0.441	0.09318	0	NA	NA
 1754948	33368314	chip2	58	0.98305	0.01914	0	NA	NA	0	NA	NA
 1671576	33368444	chip2	1	0.944	NA	14	0.508	0.03305	38	0.1035	0.06132
 1658852	33403105	chip2	12	0.97983	0.02195	34	0.48224	0.02692	12	0.02583	0.01266
 1737930	33414055	chip2	3	0.85433	0.03362	25	0.502	0.02298	30	0.06977	0.01502
 1705147	33414632	chip2	3	0.99367	0.0085	21	0.53529	0.04318	30	0.01757	0.01433
 1709317	33420522	chip2	55	0.95264	0.01164	3	0.511	0.009	0	NA	NA
 1657508	33445122	chip2	56	0.93716	0.02943	0	NA	NA	0	NA	NA
 1753500	33454893	chip1	3	0.945	0.04071	24	0.48708	0.05958	31	0.04035	0.02603
 1755561	33465106	chip1	58	0.98514	0.0196	0	NA	NA	0	NA	NA
 1680436	33470182	chip2	39	0.97244	0.02198	13	0.49385	0.07338	2	0.0175	0.01768
 1740637	33486009	chip2	27	0.93252	0.03095	24	0.50942	0.03105	6	0.05317	0.0105
 1642451	33492495	chip2	6	0.914	0.01699	29	0.50159	0.01504	23	0.06996	0.01474
 1754280	33492696	chip2	58	0.93957	0.01929	0	NA	NA	0	NA	NA
 1646597	33493778	chip1	2	0.796	0.2885	7	0.49914	0.03026	46	0.03535	0.02241
 1671560	33500735	chip2	0	NA	NA	0	NA	NA	58	0.00384	0.00654
 1718905	33536872	chip2	7	0.94843	0.00883	26	0.48504	0.01587	23	0.08852	0.02491
 1742108	33567581	chip1	0	NA	NA	8	0.50075	0.03934	50	0.07404	0.02976
 1749634	33604183	chip1	1	0.907	NA	14	0.4725	0.05347	42	0.0286	0.02659
 1754865	33622292	chip1	32	0.91841	0.01647	25	0.49312	0.0207	1	0.055	NA
 1754981	33622510	chip1	6	0.97367	0.01908	19	0.49095	0.03707	33	0.05758	0.02336
 1660959	33627311	chip2	12	0.9705	0.01689	28	0.50668	0.02719	18	0.03444	0.03116
 1677465	33628506	chip1	0	NA	NA	8	0.47975	0.02674	50	0.06816	0.0248
 1735450	33631197	chip2	6	0.914	0.01791	23	0.52152	0.02562	29	0.04924	0.01866
 1646212	33632518	chip2	0	NA	NA	5	0.4642	0.03033	53	0.10396	0.0373
 1691105	33669852	chip1	37	0.97378	0.01755	19	0.49479	0.04328	2	0	0
 1693005	33677360	chip1	2	0.8705	0.10536	18	0.50989	0.0334	38	0.06339	0.02942
 1734997	33701223	chip1	58	0.98286	0.02385	0	NA	NA	0	NA	NA
 1743412	33742768	chip1	6	0.93983	0.02156	29	0.52138	0.02581	7	0.13443	0.02975
 1661011	33780304	chip2	37	0.94084	0.02324	21	0.47962	0.03976	0	NA	NA
 1709331	33781234	chip2	51	0.98518	0.01835	7	0.50629	0.04333	0	NA	NA
 1676279	33795085	chip1	14	0.96207	0.03452	30	0.52243	0.05172	8	0.01388	0.0174
 1722582	33808858	chip2	37	0.99632	0.00945	15	0.48773	0.08046	2	0.033	0.04667
 1727987	33809546	chip2	34	0.97115	0.02508	22	0.51086	0.04392	2	0.067	0.05798
 1709559	33809597	chip2	2	0.981	0.0198	18	0.46922	0.03833	37	0.01659	0.01087
 1643251	33906731	chip2	19	0.91474	0.01488	22	0.49977	0.0196	9	0.06411	0.02638
 1689720	33925720	chip1	41	0.90724	0.02892	15	0.5334	0.02784	1	0.085	NA
 1689896	33926150	chip1	47	0.98928	0.01029	9	0.51767	0.03687	2	0.02	0.00424
 1689996	33926232	chip1	41	0.92154	0.05214	16	0.49444	0.04116	1	0.152	NA
 1693237	33932898	chip1	21	0.99457	0.00789	21	0.51362	0.02543	16	0.01619	0.01554
 1714561	33961544	chip2	41	0.99595	0.00844	16	0.49888	0.02535	1	0.051	NA
 1705534	33993523	chip1	57	0.95056	0.03418	1	0.503	NA	0	NA	NA
 1745497	34007701	chip1	45	0.90153	0.02602	13	0.52146	0.04172	0	NA	NA
 1755995	34052011	chip1	2	0.9185	0.06435	27	0.487	0.09156	24	0.00967	0.01344
 1756125	34052126	chip1	58	0.9439	0.02496	0	NA	NA	0	NA	NA
 1739652	34229330	chip1	1	1	NA	13	0.40362	0.15376	31	0.15071	0.04649
 1739760	34229422	chip1	10	0.8234	0.03241	29	0.50207	0.02956	17	0.22047	0.03371
 1648036	34247492	chip2	0	NA	NA	7	0.52071	0.02876	50	0.0245	0.01018
 1751113	34256333	chip2	56	0.93025	0.02745	2	0.4665	0.02333	0	NA	NA
 1670011	34256413	chip2	57	0.95198	0.02654	1	0.515	NA	0	NA	NA
 1721926	34411916	chip2	5	0.9836	0.01244	21	0.49571	0.02113	31	0.02548	0.01989
 1719549	34411961	chip2	12	0.89217	0.02876	27	0.50211	0.03407	19	0.06716	0.01732
 1740927	34460028	chip2	20	0.9129	0.01572	26	0.47796	0.0315	12	0.05208	0.01936
 1743870	34534249	chip1	12	0.93492	0.0256	30	0.50617	0.03405	15	0.0232	0.01568
 1669970	34602583	chip1	12	0.938	0.02898	25	0.51308	0.04221	20	0.0416	0.02217
 1675028	34664207	chip1	43	0.89658	0.03051	14	0.50036	0.02335	1	0.012	NA
 1675442	34671762	chip1	44	0.97373	0.02943	11	0.50218	0.03088	2	0.104	0.09758
 1676771	34685304	chip1	0	NA	NA	11	0.51309	0.03672	45	0.02567	0.02067
 1667395	34902461	chip1	37	0.94795	0.10353	4	0.4515	0.16151	3	0.127	0.03772
 1742361	34909112	chip2	53	0.95121	0.01685	4	0.51525	0.01184	1	0.079	NA
 1719229	34915188	chip2	3	0.95967	0.01069	9	0.61922	0.06588	41	0.15054	0.0908
 1740792	34987542	chip1	0	NA	NA	0	NA	NA	58	0.09669	0.04086
 1740892	34987574	chip1	0	NA	NA	0	NA	NA	58	0.06088	0.03528
 1742496	34989517	chip1	57	0.95089	0.02921	0	NA	NA	0	NA	NA
 1745883	34993948	chip1	4	0.712	0.10421	0	NA	NA	41	0.03863	0.02976
 1691277	35094480	chip1	0	NA	NA	0	NA	NA	45	0.06376	0.02983
 1693141	35102699	chip1	41	0.93976	0.03207	17	0.49765	0.02061	0	NA	NA
 1704931	35167066	chip2	37	0.94916	0.01582	17	0.50353	0.07987	3	0.015	0.00985
 1731229	35179861	chip2	8	0.97187	0.01545	27	0.54107	0.04663	23	0.05965	0.02387
 1747108	35242670	chip1	27	0.98107	0.02329	23	0.52226	0.05057	4	0.099	0.05882
 1749030	35251148	chip1	0	NA	NA	10	0.4935	0.02604	48	0.07302	0.02234
 1671147	35251560	chip1	38	0.95511	0.02926	19	0.51268	0.03772	1	0.107	NA
 1744843	35263614	chip2	3	0.88333	0.04561	23	0.49857	0.09997	18	0.03733	0.07778
 1729451	35338874	chip1	17	0.87159	0.04284	13	0.48277	0.03897	11	0.03809	0.02872
 1725944	35396435	chip2	3	0.86167	0.16857	14	0.42829	0.04954	36	0.05742	0.02308
 1665383	35415881	chip1	11	0.92918	0.04923	21	0.54252	0.08748	7	0.21329	0.09381
 1674055	35447030	chip1	19	0.99289	0.00976	24	0.49075	0.03161	14	0.10414	0.0174
 1726721	35496620	chip1	6	0.86033	0.0321	26	0.463	0.06075	26	0.10885	0.02276
 1728388	35502559	chip1	22	0.83141	0.08802	14	0.50407	0.06485	8	0.14025	0.06541
 1653662	35626482	chip2	55	0.93325	0.01584	3	0.52967	0.02663	0	NA	NA
 1647727	35646895	chip1	0	NA	NA	12	0.49542	0.02696	45	0.15704	0.05377
 1678398	35659491	chip2	16	0.90944	0.03519	27	0.49737	0.02889	15	0.03133	0.0227
 1660178	35696772	chip1	12	0.85583	0.15679	7	0.567	0.05231	25	0.03856	0.02706
 1681127	35730030	chip1	49	0.85002	0.04288	8	0.50062	0.02386	1	0.098	NA
 1682959	35731478	chip1	16	0.93231	0.03786	31	0.49448	0.03911	11	0.06964	0.03173
 1683143	35731738	chip1	39	0.91297	0.03753	17	0.48765	0.0463	2	0.072	0.04525
 1667121	35912151	chip1	3	0.93133	0.02654	19	0.52395	0.042	36	0.04108	0.03351
 1737149	35978628	chip2	17	0.96088	0.02653	28	0.51325	0.0539	13	0.00331	0.00703
 1655916	36050214	chip1	21	0.90814	0.04337	27	0.50056	0.04037	9	0.13222	0.02895
 1656142	36052836	chip1	28	0.87936	0.03552	22	0.50409	0.04762	8	0.13412	0.03943
 1736217	36157142	chip2	0	NA	NA	2	0.5405	0.04031	56	0.00273	0.00819
 1647745	36232658	chip1	32	0.88509	0.0422	23	0.50052	0.0392	3	0.041	0.01249
 1733665	36572759	chip1	19	0.91816	0.0576	19	0.52611	0.101	2	0.1515	0.03323
 1735442	36729044	chip2	0	NA	NA	19	0.48532	0.04203	39	0.02005	0.02474
 1666135	36755989	chip1	0	NA	NA	20	0.5073	0.0162	38	0.18176	0.02526
 1756915	36860698	chip2	31	0.94468	0.03984	7	0.51314	0.15209	0	NA	NA
 1719816	37117885	chip1	13	0.96192	0.01325	28	0.50657	0.02815	17	0.06435	0.02304
 1721675	37119622	chip1	54	0.95894	0.10793	0	NA	NA	0	NA	NA
 1721949	37120474	chip1	1	0.89	NA	8	0.49512	0.04623	48	0.07981	0.03697
 1652679	37150541	chip1	0	NA	NA	6	0.54583	0.0785	48	0.06523	0.04076
 1678804	37425644	chip2	12	0.98342	0.00748	23	0.472	0.02681	23	0.01752	0.00891
 1673262	37450184	chip2	4	0.97475	0.0232	20	0.4969	0.01857	33	0.04512	0.02818
 1756779	37450440	chip2	33	0.96518	0.03696	18	0.50806	0.03566	4	0.06875	0.02293
 1701916	37560010	chip1	51	0.94482	0.03697	6	0.52017	0.10337	0	NA	NA
 1719961	37647050	chip2	2	0.906	0.03677	24	0.46758	0.03316	27	0.06267	0.03079
 1709286	38042260	chip1	55	0.91982	0.04594	2	0.497	0.00566	0	NA	NA
 1712350	38044854	chip1	53	0.97517	0.02174	2	0.562	0.0198	1	0.123	NA
 1722020	38108113	chip2	50	0.96232	0.02802	7	0.52829	0.02175	1	0.032	NA
 1658870	38108273	chip2	48	0.98165	0.02504	6	0.52067	0.07079	1	0.026	NA
 1753298	38327576	chip1	0	NA	NA	13	0.44585	0.04583	41	0.03588	0.03576
 1755073	38338772	chip1	49	0.99594	0.00705	8	0.495	0.02541	0	NA	NA
 1698321	38497089	chip2	0	NA	NA	6	0.531	0.03669	43	0.07237	0.03706
 1695016	38518746	chip1	46	0.96663	0.03169	8	0.50113	0.04068	0	NA	NA
 1696397	38527629	chip1	45	0.92462	0.03498	13	0.50608	0.06895	0	NA	NA
 1654011	38565782	chip2	43	0.98993	0.00824	13	0.51915	0.04264	2	0	0
 1749893	38634527	chip2	0	NA	NA	4	0.44375	0.06376	50	0.01164	0.02438
 1693182	38639276	chip2	58	0.98678	0.00893	0	NA	NA	0	NA	NA
 1747310	38728791	chip1	2	0.8875	0.01626	22	0.48227	0.05997	24	0.18358	0.04203
 1756271	38838668	chip1	37	0.97484	0.02577	4	0.49825	0.07372	7	0.20671	0.11261
 1643581	38857804	chip1	0	NA	NA	5	0.537	0.08324	51	0.13751	0.04695
 1666598	38942982	chip2	45	0.9754	0.01511	12	0.49375	0.02308	1	0.063	NA
 1673336	38943019	chip2	0	NA	NA	10	0.5189	0.02335	48	0.0725	0.01774
 1710852	39006932	chip2	0	NA	NA	0	NA	NA	58	0.05305	0.02253
 1727808	39159899	chip1	58	0.92445	0.05384	0	NA	NA	0	NA	NA
 1728062	39162321	chip1	37	0.92578	0.03425	20	0.4923	0.0183	1	0.218	NA
 1758353	39200740	chip2	42	0.98779	0.00662	16	0.49375	0.02333	0	NA	NA
 1655502	39213545	chip1	0	NA	NA	0	NA	NA	58	0.06174	0.02889
 1643668	39231291	chip2	0	NA	NA	16	0.43012	0.02771	42	0.01376	0.00979
 1662802	39236581	chip2	42	0.99448	0.00898	13	0.51585	0.03628	0	NA	NA
 1658889	39251626	chip1	0	NA	NA	5	0.4802	0.02128	53	0.02136	0.0231
 1660628	39294334	chip1	10	0.9701	0.02825	25	0.5018	0.06967	20	0.0269	0.03123
 1665927	39371814	chip1	43	0.978	0.02866	13	0.50923	0.11651	0	NA	NA
 1723578	39399540	chip2	0	NA	NA	9	0.497	0.04452	42	0.15652	0.05154
 1697631	39399572	chip2	0	NA	NA	7	0.49957	0.03491	44	0.12189	0.06011
 1705731	39870970	chip2	10	0.904	0.07956	21	0.53748	0.07056	3	0.09867	0.06552
 1712086	39879867	chip1	22	0.94223	0.01697	28	0.51436	0.03538	8	0.07312	0.02002
 1754377	40190424	chip1	45	0.92316	0.03534	13	0.50038	0.03123	0	NA	NA
 1756217	40196884	chip1	40	0.94908	0.03689	15	0.51653	0.02371	2	0.086	0.00566
 1694366	40331129	chip1	24	0.91883	0.02375	24	0.50021	0.02387	10	0.0432	0.01722
 1694502	40331251	chip1	0	NA	NA	10	0.5001	0.01643	47	0.04685	0.02721
 1746545	40453045	chip1	0	NA	NA	0	NA	NA	57	0.09732	0.04909
 1746652	40453345	chip1	33	0.86761	0.03225	24	0.50338	0.03662	1	0.056	NA
 1748766	40466876	chip1	50	0.85876	0.05186	1	0.721	NA	0	NA	NA
 1743145	40507986	chip2	20	0.92285	0.02775	29	0.50734	0.0329	4	0.04825	0.06324
 1662503	40610564	chip1	12	0.86967	0.03383	28	0.49271	0.06174	9	0.191	0.02757
 1734098	40669462	chip2	0	NA	NA	28	0.54829	0.05116	30	0.02327	0.02554
 1716594	40742311	chip1	9	0.90944	0.02887	25	0.47428	0.09278	20	0.0328	0.01605
 1695056	40899114	chip1	58	0.97298	0.01755	0	NA	NA	0	NA	NA
 1698276	40911192	chip1	58	0.93866	0.04	0	NA	NA	0	NA	NA
 1680228	40932648	chip2	47	0.96255	0.04077	7	0.49114	0.02921	3	0.02633	0.02601
 1686886	40948613	chip2	4	0.956	0.03318	14	0.49686	0.02996	40	0.05808	0.01919
 1750428	41001431	chip1	12	0.91617	0.0423	33	0.47858	0.06725	12	0.13308	0.05446
 1645029	41058112	chip1	0	NA	NA	1	0.456	NA	57	0.05867	0.02485
 1734084	41674625	chip2	5	0.9446	0.0174	32	0.52056	0.0416	21	0.05571	0.02235
 1705169	41674874	chip2	34	0.99865	0.00288	21	0.50029	0.02342	3	0.02333	0.00462
 1755878	41676614	chip2	34	0.95738	0.0151	21	0.50048	0.04663	3	0.02533	0.01102
 1663498	41677063	chip2	34	0.98921	0.01055	21	0.50014	0.02155	3	0.04433	0.00666
 1662920	41677130	chip2	45	0.96151	0.03135	13	0.51823	0.04162	0	NA	NA
 1649765	41700493	chip1	29	0.89962	0.03073	25	0.48556	0.02336	4	0.086	0.01451
 1692907	41729950	chip1	0	NA	NA	6	0.495	0.04349	51	0.06208	0.02881
 1693037	41730708	chip1	31	0.96287	0.02348	24	0.50342	0.05083	2	0.015	0.01273
 1696739	41763948	chip1	50	0.7933	0.08291	1	0.505	NA	0	NA	NA
 1702256	41789790	chip1	43	0.93298	0.03095	14	0.53857	0.03266	1	0.233	NA
 1747358	41836209	chip1	58	0.89929	0.02344	0	NA	NA	0	NA	NA
 1752874	41859258	chip1	2	0.9925	0.01061	13	0.50962	0.06173	37	0.06995	0.04607
 1751470	42010931	chip1	0	NA	NA	0	NA	NA	57	0.02798	0.04492
 1674168	42014074	chip1	0	NA	NA	1	0.496	NA	57	0.04618	0.03805
 1689932	42061618	chip1	5	0.9084	0.02129	29	0.49686	0.01682	24	0.148	0.02528
 1690054	42062368	chip1	27	0.94063	0.02042	27	0.51374	0.03227	4	0.14375	0.03735
 1649186	42341477	chip2	27	0.99956	0.00176	24	0.48825	0.03873	7	0.01314	0.01232
 1729255	42358549	chip1	5	0.8616	0.03264	26	0.51546	0.0545	21	0.02676	0.04006
 1734295	42390405	chip1	13	0.96646	0.03263	37	0.53622	0.1136	1	0.199	NA
 1696906	42409840	chip2	34	0.9025	0.05306	18	0.46894	0.05198	4	0.0135	0.01028
 1737443	42414775	chip2	10	0.9434	0.02324	36	0.50639	0.02705	12	0.06258	0.02687
 1735208	42428015	chip2	56	0.94718	0.0506	1	0.462	NA	0	NA	NA
 1753692	42440031	chip1	0	NA	NA	10	0.5	0.01811	48	0.0999	0.03247
 1753816	42440405	chip1	31	0.94687	0.02398	22	0.48514	0.0577	4	0.032	0.03627
 1753934	42441431	chip1	10	0.9245	0.02094	30	0.49903	0.06363	18	0.06344	0.05231
 1663348	42460308	chip2	57	0.94782	0.0254	1	0.514	NA	0	NA	NA
 1645135	42472606	chip1	44	0.89961	0.02978	12	0.52583	0.02778	0	NA	NA
 1679974	42489823	chip2	0	NA	NA	14	0.52179	0.02064	44	0.03823	0.01567
 1686839	42520129	chip1	16	0.90619	0.0302	32	0.51344	0.02552	10	0.1231	0.03121
 1746013	42614026	chip1	0	NA	NA	0	NA	NA	57	0.03302	0.03174
 1694230	42708775	chip1	30	0.91113	0.05414	21	0.49305	0.0536	4	0.03175	0.0209
 1733325	42717614	chip1	2	0.936	0.00424	19	0.50474	0.02249	37	0.10749	0.02983
 1741576	42759300	chip1	24	0.97917	0.01989	26	0.4875	0.04584	8	0.10025	0.02694
 1665684	42880277	chip2	0	NA	NA	1	0.554	NA	57	0.06277	0.01213
 1720918	43011095	chip1	2	0.958	0.02263	24	0.50392	0.03235	29	0.06703	0.02746
 1670315	43147223	chip2	49	0.9642	0.02162	8	0.52687	0.04157	1	0.003	NA
 1660684	43175021	chip1	34	0.89588	0.02608	21	0.47195	0.04055	3	0.09333	0.03188
 1662319	43176767	chip1	47	0.93857	0.0347	7	0.50029	0.05792	0	NA	NA
 1681088	43190700	chip2	6	0.94617	0.01813	28	0.47179	0.02431	24	0.07071	0.02538
 1705876	43236110	chip1	2	0.939	0.01838	6	0.51	0.06075	48	0.01321	0.01506
 1647401	43335493	chip1	32	0.97022	0.01964	22	0.52136	0.07726	2	0.0785	0.02051
 1692809	43382542	chip1	0	NA	NA	9	0.53744	0.05657	46	0.08552	0.05717
 1737488	43571324	chip1	42	0.99238	0.01144	14	0.51871	0.04491	1	0.058	NA
 1738854	43571475	chip1	42	0.95833	0.03418	10	0.504	0.03357	1	0	NA
 1745093	43673106	chip2	56	0.97721	0.0309	2	0.5325	0.04738	0	NA	NA
 1732757	43710517	chip1	0	NA	NA	0	NA	NA	50	0.1398	0.09738
 1704349	43771033	chip2	2	0.928	0.00566	13	0.48615	0.02894	42	0.0474	0.01637
 1647284	43808941	chip2	1	1	NA	13	0.53992	0.02353	43	0.02902	0.01895
 1749332	43904148	chip1	39	0.88749	0.02295	17	0.502	0.02502	2	0.0355	0.02051
 1749558	43911330	chip1	4	0.994	0.00898	16	0.486	0.08248	31	0.13113	0.03062
 1751334	43924064	chip1	1	0.965	NA	7	0.509	0.01906	50	0.06756	0.02259
 1712893	43945366	chip2	26	0.99169	0.01566	23	0.50017	0.04371	8	0.0645	0.02777
 1684313	43955895	chip1	8	0.87187	0.08653	12	0.48733	0.10453	24	0.02904	0.03447
 1646734	43987248	chip2	0	NA	NA	9	0.50278	0.05567	44	0.07875	0.05124
 1698409	44097291	chip2	0	NA	NA	0	NA	NA	58	0.11929	0.03386
 1691380	44097407	chip2	0	NA	NA	0	NA	NA	58	0.03928	0.03355
 1678161	44110203	chip1	2	0.828	0.07778	5	0.482	0.05889	41	0.06983	0.07934
 1657576	44137422	chip2	1	0.945	NA	4	0.52175	0.01338	52	0.03348	0.02378
 1705069	44149283	chip2	0	NA	NA	0	NA	NA	58	0.04841	0.03698
 1742254	44243719	chip1	8	0.90275	0.0246	16	0.50481	0.03314	26	0.07342	0.03806
 1744084	44250132	chip1	9	0.96889	0.01742	27	0.49148	0.052	22	0.12005	0.02647
 1744228	44250171	chip1	58	0.96741	0.01892	0	NA	NA	0	NA	NA
 1670499	44287559	chip1	0	NA	NA	10	0.5023	0.0355	48	0.04296	0.03175
 1670619	44287817	chip1	4	0.8825	0.05304	26	0.49127	0.06005	19	0.09179	0.03151
 1672011	44288816	chip1	11	0.87227	0.03223	25	0.5094	0.07501	13	0.11838	0.08539
 1672183	44290254	chip1	50	0.98848	0.01633	8	0.50013	0.02269	0	NA	NA
 1675875	44301130	chip1	2	0.92	0.03677	2	0.5	0.04384	39	0.06964	0.11293
 1677507	44303830	chip1	55	0.94144	0.03743	1	0.531	NA	0	NA	NA
 1668382	44400710	chip2	9	0.97356	0.01384	32	0.51184	0.02711	17	0.00906	0.01813
 1703237	44413466	chip2	47	0.99209	0.00827	9	0.49933	0.0241	2	0.001	0.00141
 1671219	44416281	chip1	0	NA	NA	2	0.52	0.03253	54	0.11276	0.05022
 1671447	44417456	chip1	40	0.92178	0.12002	2	0.4495	0.04596	5	0.05	0.01632
 1732269	44419443	chip2	23	0.96835	0.01269	29	0.48607	0.02218	6	0.04517	0.02244
 1759029	44485578	chip2	57	0.97521	0.0311	1	0.41	NA	0	NA	NA
 1715456	44492811	chip1	0	NA	NA	1	0.458	NA	57	0.05196	0.03743
 1715568	44492908	chip1	2	0.928	0.04243	20	0.5051	0.03974	35	0.07129	0.04396
 1657055	44511673	chip2	9	0.96589	0.01841	30	0.50813	0.03713	19	0.00295	0.0062
 1726205	44536492	chip1	0	NA	NA	0	NA	NA	58	0.09433	0.02361
 1672840	44543765	chip2	0	NA	NA	3	0.46967	0.17531	39	0.10233	0.0888
 1729841	44556673	chip1	57	0.97295	0.01552	1	0.44	NA	0	NA	NA
 1733124	44575545	chip2	2	0.9385	0.00778	19	0.52021	0.02574	34	0.06224	0.0141
 1655214	44582854	chip1	47	0.93043	0.06126	8	0.48738	0.04342	1	0.094	NA
 1657100	44593015	chip1	58	0.97181	0.02284	0	NA	NA	0	NA	NA
 1657274	44593368	chip1	0	NA	NA	2	0.485	0.01131	56	0.06425	0.02551
 1657670	45250436	chip2	15	0.92313	0.04883	17	0.49776	0.03447	17	0.05588	0.06134
 1703431	45289960	chip2	39	0.92287	0.02748	17	0.47535	0.03402	2	0.079	0.07495
 1720273	45585337	chip2	58	0.9761	0.04116	0	NA	NA	0	NA	NA
 1712950	45643433	chip1	9	0.92278	0.0314	27	0.51533	0.05962	17	0.03	0.03815
 1670612	45657701	chip2	38	0.94103	0.03271	13	0.46738	0.05297	2	0.143	0.07495
 1718505	45676443	chip2	23	0.9487	0.04049	23	0.49387	0.05116	9	0.048	0.02887
 1668523	45720422	chip1	58	0.97493	0.02017	0	NA	NA	0	NA	NA
 1722759	45791152	chip1	3	0.93533	0.02836	21	0.50267	0.11886	33	0.08676	0.07437
 1674686	45881731	chip1	25	0.90988	0.02802	25	0.52328	0.0368	7	0.08514	0.0239
 1675989	45882028	chip1	3	0.90933	0.03239	10	0.4985	0.03332	28	0.066	0.08899
 1664631	45983000	chip1	40	0.93432	0.04288	15	0.49153	0.07866	1	0.038	NA
 1737233	45988100	chip2	47	0.88645	0.02999	9	0.49956	0.02888	1	0	NA
 1713895	46033388	chip1	58	0.971	0.041	0	NA	NA	0	NA	NA
 1653297	46111404	chip1	53	0.98806	0.03096	5	0.5724	0.03803	0	NA	NA
 1653407	46111442	chip1	58	0.97384	0.02227	0	NA	NA	0	NA	NA
 1653497	46111582	chip1	4	0.983	0.01314	6	0.52783	0.02488	35	0.12103	0.04113
 1709332	46193217	chip1	16	0.95744	0.03223	26	0.50254	0.05442	12	0.01733	0.0154
 1713168	46211471	chip1	58	0.9326	0.02564	0	NA	NA	0	NA	NA
 1714942	46215076	chip1	1	0.931	NA	14	0.52279	0.04505	39	0.02279	0.01329
 1643959	46243428	chip1	35	0.91834	0.03973	14	0.519	0.03511	3	0.06433	0.0261
 1668908	46319092	chip1	47	0.95666	0.01996	7	0.46671	0.01407	4	0	0
 1662759	46450326	chip1	0	NA	NA	5	0.4994	0.07139	53	0.11272	0.05609
 1667763	46460049	chip1	0	NA	NA	0	NA	NA	58	0.0016	0.00449
 1713252	46502674	chip1	45	0.97233	0.01466	10	0.535	0.05248	0	NA	NA
 1718751	46511252	chip2	11	0.91482	0.03338	29	0.49466	0.06596	12	0.13217	0.01071
 1663740	46569391	chip2	1	0.969	NA	4	0.50775	0.02999	53	0.07449	0.02004
 1722134	46595929	chip2	1	0.996	NA	25	0.53152	0.04873	32	0.04191	0.02553
 1683746	46609605	chip2	38	0.96895	0.02478	18	0.50594	0.03983	1	0.076	NA
 1723798	46610226	chip2	47	0.97102	0.02673	10	0.5198	0.02964	0	NA	NA
 1699059	46613506	chip2	0	NA	NA	11	0.50355	0.0295	47	0.05953	0.02725
 1718841	46614607	chip2	0	NA	NA	11	0.52409	0.0217	47	0.0866	0.03901
 1706910	46625415	chip1	3	0.973	0.00458	12	0.51683	0.03481	43	0.01186	0.01491
 1728979	46627384	chip2	0	NA	NA	12	0.53267	0.06044	45	0.00589	0.01368
 1710843	46639423	chip1	49	0.86453	0.03192	8	0.50025	0.03056	0	NA	NA
 1657627	46720490	chip1	15	0.95387	0.04585	26	0.48365	0.04883	17	0.02288	0.01852
 1705992	46772088	chip1	24	0.94771	0.02705	20	0.5029	0.05802	6	0.05917	0.06537
 1706224	46773410	chip1	1	0.931	NA	15	0.5	0.02458	42	0.0779	0.02808
 1644369	46835938	chip1	45	0.94198	0.04068	12	0.47417	0.02643	1	0.056	NA
 1646473	46842676	chip1	52	0.9185	0.06102	4	0.546	0.11363	1	0.094	NA
 1689756	46868963	chip1	45	0.94267	0.03143	10	0.5276	0.02483	1	0.25	NA
 1742163	46949920	chip2	26	0.92781	0.03178	22	0.49786	0.02252	10	0.0551	0.01844
 1646326	47008803	chip2	42	0.89876	0.03893	16	0.50069	0.02909	0	NA	NA
 1736665	47046698	chip2	0	NA	NA	10	0.5391	0.02393	48	0.01804	0.02529
 1694719	47047245	chip2	1	1	NA	23	0.5463	0.02557	34	0.00729	0.01081
 1722779	47186149	chip1	14	0.89164	0.07493	22	0.47277	0.04793	20	0.0445	0.04084
 1723011	47186741	chip1	16	0.97375	0.02306	15	0.4866	0.05567	22	0.01595	0.01603
 1724237	47187015	chip1	23	0.93717	0.07602	13	0.51915	0.06669	8	0.11712	0.0635
 1724351	47187524	chip1	2	0.85	0.10889	6	0.5165	0.0303	48	0.11967	0.05544
 1724483	47187576	chip1	18	0.95522	0.02568	22	0.55582	0.06267	10	0.1869	0.0437
 1750143	47201283	chip2	5	0.9398	0.01997	27	0.48496	0.02589	26	0.07023	0.02282
 1697993	47256280	chip2	18	0.94811	0.02194	28	0.54943	0.04233	12	0.03033	0.02027
 1686702	47270978	chip2	5	0.9772	0.01829	18	0.47294	0.03169	23	0.02587	0.07013
 1650900	47337591	chip2	32	0.88394	0.03253	25	0.50204	0.0235	1	0.144	NA
 1682026	47337756	chip2	58	0.98169	0.02213	0	NA	NA	0	NA	NA
 1736787	47456129	chip2	4	0.96775	0.02769	22	0.46945	0.04364	32	0.02603	0.01731
 1662969	47565017	chip1	33	0.93442	0.02451	16	0.48919	0.04004	9	0.04511	0.03311
 1663161	47565552	chip1	36	0.95919	0.0232	16	0.55081	0.09324	6	0.10067	0.04641
 1666469	47574067	chip1	0	NA	NA	6	0.50267	0.05726	52	0.01488	0.01519
 1704030	47760593	chip1	57	0.93309	0.03565	1	0.531	NA	0	NA	NA
 1671182	47830403	chip2	36	0.99169	0.01021	17	0.51129	0.01738	5	0.0166	0.01365
 1758612	47830859	chip2	0	NA	NA	0	NA	NA	58	0.1376	0.03221
 1696109	47847801	chip1	44	0.95648	0.01971	9	0.49944	0.03074	1	0.026	NA
 1697922	47849529	chip1	43	0.96158	0.02756	13	0.50223	0.07199	2	0.012	0.01414
 1699920	47854671	chip1	58	0.94614	0.02969	0	NA	NA	0	NA	NA
 1652506	47893894	chip2	30	0.86653	0.02274	23	0.50083	0.04327	3	0.042	0.03724
 1679476	47904448	chip2	0	NA	NA	11	0.46973	0.01982	46	0.02143	0.01287
 1681253	47913657	chip1	5	0.9422	0.04099	23	0.50422	0.03129	30	0.02187	0.02107
 1686765	47928225	chip1	21	0.97933	0.0167	25	0.50988	0.03691	12	0.05717	0.03055
 1749168	47980260	chip1	38	0.97237	0.02514	18	0.51817	0.06101	1	0.178	NA
 1697991	47996263	chip2	18	0.95833	0.01821	26	0.4995	0.01186	14	0.07014	0.02409
 1664084	47999013	chip2	2	0.969	0.00566	16	0.50425	0.03678	40	0.03595	0.02807
 1684788	47999144	chip2	9	0.96444	0.01366	24	0.51433	0.02899	25	0.04332	0.02105
 1708002	47999394	chip2	2	0.9725	0.01485	16	0.48544	0.04287	40	0.07535	0.02297
 1729162	48069777	chip2	35	0.9644	0.0165	23	0.46191	0.0403	0	NA	NA
 1722344	48069909	chip2	57	0.96918	0.01685	1	0.492	NA	0	NA	NA
 1659784	48070584	chip2	0	NA	NA	15	0.5062	0.01773	43	0.03153	0.00983
 1661844	48071459	chip2	56	0.91218	0.02034	0	NA	NA	0	NA	NA
 1693764	48114679	chip1	0	NA	NA	13	0.50023	0.03314	45	0.03902	0.02173
 1693890	48114794	chip1	1	0.807	NA	26	0.47773	0.11233	22	0.00832	0.01454
 1695394	48115070	chip1	0	NA	NA	21	0.48186	0.1262	30	0.07563	0.07035
 1719133	48118077	chip2	0	NA	NA	3	0.51967	0.05363	55	0.01695	0.01891
 1684852	48118190	chip2	58	0.97228	0.02805	0	NA	NA	0	NA	NA
 1688737	48313502	chip1	2	0.985	0.02121	16	0.5265	0.03923	38	0.05695	0.03787
 1690248	48313749	chip1	0	NA	NA	0	NA	NA	58	0.05655	0.04782
 1690370	48313892	chip1	15	0.92633	0.02651	28	0.49982	0.03361	15	0.02307	0.01656
 1690702	48314173	chip1	57	0.86225	0.04723	0	NA	NA	0	NA	NA
 1691981	48314526	chip1	58	0.92857	0.04059	0	NA	NA	0	NA	NA
 1692099	48314593	chip1	10	0.9252	0.04765	23	0.48774	0.05244	25	0.1008	0.03409
 1726747	48481817	chip1	53	0.96553	0.0239	5	0.5368	0.04788	0	NA	NA
 1726963	48482509	chip1	0	NA	NA	4	0.501	0.02994	54	0.03419	0.01696
 1728292	48482917	chip1	45	0.99702	0.0082	8	0.49488	0.02321	5	0.0054	0.00934
 1732096	48538572	chip1	54	0.94261	0.04794	4	0.501	0.07964	0	NA	NA
 1651039	48667921	chip1	36	0.93508	0.04331	5	0.4656	0.06746	3	0.09767	0.07943
 1651281	48668990	chip1	0	NA	NA	0	NA	NA	58	0.04702	0.0483
 1704908	48874725	chip1	46	0.94385	0.03805	12	0.48342	0.05407	0	NA	NA
 1746738	48898863	chip1	58	0.9794	0.03258	0	NA	NA	0	NA	NA
 1748348	48899534	chip1	37	0.89122	0.05726	19	0.51963	0.09275	0	NA	NA
 1710085	49023156	chip2	9	0.97867	0.01459	25	0.518	0.05029	23	0.03026	0.03393
