1.18
1.22302
2.49603
2.82567
4.92843
5.31468
5.31607
5.87495
5.89578
11.9941
11.9968
11.9972
13.2609
14.6173
14.6661
14.6662
15.41
16.0988
16.0988
16.4921
18.3675
18.4849
18.5453
18.5957
18.9305
20.1324
20.506
21.8263
22.5357
23.0232
24.93
24.93
25.3583
25.359
25.7413
25.8577
25.9887
26.8971
27.0354
27.3133
27.6926
27.7354
27.7361
27.7362
27.79
27.79
27.79
27.79
27.79
27.79
29.262
30.5005
30.5006
30.786
31.07
31.07
31.6902
32.0342
32.6478
32.687
32.6873
32.6873
32.688
33.9037
35.0553
35.0554
36.302
36.8
36.8001
38.9888
38.9889
39.5034
39.9747
40.551
40.551
40.8454
40.9513
41.8983
42.3173
42.6125
42.6686
42.6908
42.743
42.8577
43.0634
43.0638
43.86
43.86
43.86
43.86
43.86
43.86
44.5488
44.9992
45.0037
45.0544
45.2278
45.3582
45.6091
45.6093
45.6538
46.2964
46.42
46.5292
47.0628
47.3118
48.0899
48.745
48.7611
48.8073
48.9408
48.9409
48.9409
48.941
48.9612
49.4834
49.4944
49.6616
49.6617
49.6618
49.7649
49.7651
49.8909
49.9507
50.04
50.3842
52.5274
53.337
53.4936
53.8035
53.8042
53.8054
53.8055
54.2365
54.6299
54.889
54.8894
55.9289
55.9289
56.6533
56.6537
56.6995
56.827
58.1592
59.4839
59.964
60.045
60.1839
60.3056
60.4594
60.6997
60.8936
60.9914
61.3211
61.3213
61.3217
61.3482
61.4765
61.5154
61.5268
62.1336
62.33
62.4713
62.483
62.9515
62.9523
63.3844
63.82
64.199
64.5542
64.693
64.6931
64.7354
64.7355
65.1059
65.6234
65.6562
65.9545
66.8132
68.4747
68.5924
68.661
68.6611
68.7153
68.7253
68.7254
68.7254
68.7397
68.7803
68.8027
68.8273
69.2691
69.3095
69.4046
69.4613
69.5413
69.6642
70.5215
70.5219
70.6004
70.7795
70.9259
70.9355
71.0384
71.102
71.9766
72.2755
72.2848
72.5978
72.5984
73.0419
73.1047
73.1407
73.1407
73.1563
73.2159
73.3832
73.3837
73.5279
73.7273
74.1908
74.2122
74.3812
74.8355
74.8358
74.8612
75.0312
75.1037
75.1037
75.6406
75.6407
75.6964
75.8555
75.8556
75.8557
75.8602
75.8603
75.8707
76.166
76.2221
76.2326
76.2419
77.9966
77.9969
78.1914
78.1915
78.548
78.6155
78.6695
78.8155
78.8155
79.0369
79.0703
79.6506
79.75
79.7919
79.9235
80.61
80.61
80.61
80.61
80.61
80.61
81.3839
81.3839
81.3841
81.3842
81.8662
81.9946
82.0111
82.0788
82.2274
82.251
82.4106
82.4822
82.5165
82.8266
82.8271
83.1192
83.1194
83.3783
83.379
83.6119
83.6454
83.6457
83.6729
83.6979
83.7072
84.1021
84.5808
86.6042
86.6049
87.5349
90.0412
94.0052
94.1929
94.4077
94.502
94.6156
94.623
95.2081
95.6427
95.79
95.79
96.6207
96.9301
96.9636
96.964
97.0873
97.1773
97.3763
97.411
97.4113
98.2199
98.2827
98.3277
99.0876
99.0978
99.2246
99.5201
100.474
101.376
101.376
101.376
101.604
101.605
101.946
102.04
102.04
102.072
102.567
102.954
103.325
103.336
103.336
103.671
103.688
103.73
103.741
103.742
103.827
103.921
104.157
104.71
106.312
106.401
106.434
106.509
106.54
106.691
106.691
106.732
106.972
107.227
107.227
107.92
108.01
108.389
108.616
108.616
109
109.195
109.196
109.634
109.76
109.767
109.885
110.311
110.324
110.468
110.74
110.74
111.549
111.648
111.648
111.671
111.708
111.773
111.773
112.148
112.498
112.752
113.106
113.29
113.44
113.715
113.734
113.734
113.865
113.867
114.216
115.251
115.265
115.282
115.331
115.386
115.386
115.386
115.386
115.393
115.393
115.531
115.739
116.057
117.645
117.78
118.111
119.343
119.433
119.477
120.09
120.09
120.955
120.955
121.623
122.281
122.356
122.934
123.06
123.171
123.275
123.275
123.276
123.47
123.53
123.53
123.932
124.285
124.359
124.455
124.891
125.305
125.32
125.321
125.383
125.383
125.577
125.643
125.881
125.927
125.959
126.134
126.232
126.233
126.248
126.267
126.316
126.344
126.51
126.641
126.782
126.845
126.866
126.866
126.911
128.345
128.63
128.63
128.63
128.63
128.63
129.229
129.231
129.282
129.369
129.4
130.24
130.714
131.017
131.176
131.176
131.176
131.339
131.529
131.86
131.903
133.422
134.753
134.944
135.436
135.504
136.246
137.153
137.695
137.701
137.932
137.932
139.036
139.308
139.76
140.438
140.939
141.193
142.029
143.051
143.169
143.545
144.003
144.004
144.004
145.391
145.809
146.537
146.864
147.127
147.405
147.591
147.65
147.989
148.446
148.612
153.15
153.889
156.021
156.022
156.022
157.528
157.899
157.9
159.595
159.656
159.672
159.71
160.17
160.617
162.042
162.042
162.363
165.95
165.951
167.084
170.026
171.411
171.424
171.675
171.676
172.082
172.082
172.112
172.112
175.871
