0.494324866
0.015970677
0.11647782
0.282507848
0.763581999
0.757163513
0.877703538
0.570862175
0.992917337
0.296426486
0.301277207
0.912410327
0.003293902
0.090406118
0.542845272
0.695656396
0.200781648
0.22193565
0.588053295
0.024861476
0.754032039
0.918232583
0.768314613
0.215611368
0.952651209
0.849255159
0.865615225
0.19777963
0.915646457
0.073595756
0.149782221
0.581062871
0.989761332
0.975529059
0.529463034
0.870644874
0.560950585
0.523655427
0.478134034
0.770758579
0.564046774
0.046789244
0.818163558
0.082260993
0.043944519
0.63842182
0.621668739
0.12603284
0.241056199
0.016025527
0.501114204
0.55234792
0.680378559
0.500803737
0.78301576
0.788187692
0.739778893
0.959558381
0.566854426
0.970854959
0.779629312
0.564708164
0.491323915
0.414393345
0.931470994
0.385888097
0.634244196
0.763675045
0.400182312
0.345961219
0.372269738
0.280290537
0.272604144
0.766717096
0.876587139
0.641167464
0.668473449
0.281352226
0.707577495
0.130290426
0.131598516
0.416079953
0.592897275
0.645887417
0.361637473
0.900161147
0.542755947
0.386098002
0.230714208
0.042924188
0.950341355
0.837611462
0.54696038
0.03564677
0.729783428
0.771151406
0.159909488
0.847120963
0.325041173
0.127335863
0.808154138
0.220398908
0.931465883
0.623556001
0.030690861
0.629634177
0.755150241
0.226221858
0.319829485
0.701648703
0.661981801
0.313758703
0.89812075
0.879018193
0.595618074
0.73180165
0.071412131
0.73377615
0.609810206
0.645308744
0.567772796
0.419272347
0.403643324
0.114377621
0.173206728
0.791812141
0.820983073
0.237173264
0.490760964
0.591207001
0.144988493
0.121262952
0.564154292
0.64426447
0.901536553
0.613940395
0.929948795
0.167745165
0.786291515
0.980892532
0.864036656
0.122602012
0.149389365
0.371060829
0.021247031
0.739175585
0.568451988
0.080907713
0.061165723
0.587055267
0.336941715
0.865921389
0.98670845
0.722299052
0.944441083
0.117302623
0.295159075
0.105983259
0.051284021
0.389146318
0.027673436
0.386682333
0.722948139
0.74427915
0.677175355
0.870188139
0.383644227
0.0058724
0.228354083
0.122363936
0.376618826
0.715877748
0.711933979
0.527159852
0.872939687
0.059241665
0.746800729
0.368966538
0.596489414
0.027441157
0.834748361
0.043065293
0.046615495
0.784952929
0.264261391
0.097063311
0.170327633
0.126296144
0.393118635
0.120646666
0.495539692
0.0024288
0.1709268
0.0885983
0.912447671
0.480675869
0.125754276
0.09447309
0.291483787
0.942770347
0.000384788
0.750139183
0.042839253
0.882763383
0.188348492
0.330111878
0.240077061
0.312935774
0.952938125
0.859095302
0.707336012
0.964023683
0.132976005
0.873494814
0.418092152
0.438385085
0.531328055
0.815422507
0.660641445
0.710373154
0.550033891
0.644790668
0.107073865
0.205899279
0.406423023
0.073588422
0.677652054
0.841675589
0.244430959
0.575780511
0.973577111
0.845235039
0.263744932
0.639116971
0.639116971
0.638799759
0.299918854
0.291106005
0.804646037
0.785810696
0.857527801
0.718762469
0.004638598
0.007637242
0.537528614
0.455660841
0.039532245
0.257096895
0.294189626
0.601811804
0.603569649
0.148366506
0.800874961
0.313854913
0.401667716
0.494854075
0.781391311
0.459179801
0.118173634
0.12268833
0.117730883
0.091530621
0.262701385
0.861428849
0.85966914
0.940021939
0.980985859
0.059347279
0.492567694
0.023980357
0.004370456
0.474246714
0.01035976
0.107468493
0.130832563
0.483103974
0.961801237
0.875986267
0.266388429
0.731294633
0.06527026
0.176895579
0.275935047
0.169426161
0.939679646
0.047545466
0.26437741
0.734727193
0.089517658
0.422139565
0.440156107
0.604299933
0.22295352
0.102156662
0.58725437
0.348009991
0.798291102
0.965470723
0.541772724
0.897313462
0.272769734
0.708493897
0.14540404
0.401596874
0.834931823
0.382493553
0.857459091
0.771018487
0.164482122
0.457948583
0.078615617
0.115805071
0.098833511
0.013066595
0.637587756
0.191781955
0.668877037
0.555628176
0.239135503
0.816377028
0.00218567
0.163159237
0.149156961
0.149003148
0.215767096
0.292898183
0.139153392
0.343446688
0.828536152
0.872129317
0.843243519
0.591133108
0.209384339
0.042906917
0.855597337
0.568454425
0.421601471
0.937925809
0.059701332
0.339202848
0.459204034
0.824892589
0.426258453
0.323270403
0.833513146
0.213163989
0.921242343
0.087141782
0.488840776
0.033786244
0.087735161
0.537379042
0.21481347
0.970536616
0.495733796
0.372247962
0.785832368
0.050624657
0.54801927
0.320473623
0.307481597
0.404558648
0.692083404
0.111404564
0.486865433
0.027651638
0.929401685
0.877642466
0.281015774
0.583824006
0.893616874
0.968361063
0.97453343
0.731015014
0.665128713
0.698145179
0.804855181
0.534935562
0.612143358
0.838802458
0.791557017
0.372284511
0.871455743
0.054878734
0.217341408
0.330623006
0.309137701
0.931896255
0.640080128
0.866606775
0.714650771
0.631446961
0.241610512
0.869167784
0.342432274
0.88362348
0.715187004
0.893269385
0.747413267
0.459171886
0.502580083
0.846496585
0.467695995
0.87827125
0.502986063
0.280198716
0.574782881
0.164635374
0.381063521
0.274110501
0.562283045
0.788265017
0.67937656
0.738654991
0.682967132
0.627780021
0.67888339
0.014758751
0.279681545
0.746242561
0.910236544
0.226774336
0.179660042
0.208476822
0.512449538
0.120468485
0.696836385
0.360526106
0.907560079
0.320372043
0.652761009
0.437615729
0.685013441
0.848085972
0.225552813
0.45595497
0.701258261
0.359828012
0.246805028
0.56963244
0.723166175
0.275801048
0.339636139
1
0.079485468
0.201388456
0.66283497
0.426698386
0.385527415
0.239586721
0.694155797
0.055070659
0.578051791
0.975208648
0.720496398
0.973582814
0.175754574
0.850659166
0.574431334
0.937364051
0.509492807
0.489416726
0.483468458
0.967767598
0.732265613
0.02960142
0.278802965
0.705875143
0.36086745
0.081540271
0.147932965
0.205546617
0.474301415
0.803966803
0.557360862
0.861587991
0.392338227
0.66456041
0.439541956
0.785075582
0.908278798
0.304576259
0.400787435
0.235039652
0.517958094
0.391282327
0.652433676
0.672449768
0.710446865
0.246933255
0.399972434
0.500675423
0.418062681
0.604117297
0.711267067
0.14709754
0.8831067
0.487269997
0.256868899
0.214331624
0.71840492
0.830010214
0.433606448
0.90240758
0.779626878
0.686763178
0.687714634
0.139804481
0.918323141
0.072389862
0.27217285
0.18738704
0.854558782
0.823735968
0.911782655
0.912057537
0.26154975
0.430813561
0.536842833
0.440759527
0.267607263
0.419275015
0.471552578
0.50574573
0.00909707
0.439387988
0.463279411
0.023718614
0.538809169
0.321837057
0.999411472
0.156877351
0.759690516
0.970273915
0.65081823
0.301701168
0.403445474
0.535619996
0.811977826
0.391165584
0.367524363
