0.443611610449254
0.833883238704763
0.130605188914619
0.641078879066957
1
0.8404938375768
1
0.57942047140012
0.155427026860764
0.0948344426877925
0.529236824818059
0.43685330813393
0.523494195286328
1
0.765447708039038
0.00171623618516970
0.0103709135737287
0.56671788984457
0.295545214544156
0.0846538533118474
0.430113224871702
0.0142946683500501
0.911738240654829
0.159165792840528
0.0612904766761427
0.935923334035443
0.37710680706117
1
0.651030349951183
0.581063626030956
0.874614727182867
